run_ID,t1_initial,t2_initial,t3_initial,t4_initial,t5_initial,t6_initial,t7_initial,t8_initial,t9_initial,t10_initial,t11_initial,t12_initial,alpha,prior_cost_c,lambda,k,sample_amount,learning_parameter,generations,t1_final,t2_final,t3_final,t4_final,t5_final,t6_final,t7_final,t8_final,t9_final,t10_final,t11_final,t12_final
0,0.162610359089,0.11681142534,0.00246338421522,0.0882487545226,0.0689730834839,0.13262108187,0.00471642619784,0.10132759354,0.0446523247805,0.0261145040366,0.0335101705685,0.217950892356,1,0.3,10,1,3,1,20,0.0902650918517,0.0631855642962,0.0902650918517,0.079475621855,0.0963021630075,0.0743441113726,0.0902650918517,0.0631855642962,0.0902650918517,0.0826762953187,0.0971731418632,0.0825971705838
1,0.0916555466511,0.0462958285117,0.018216916134,0.0834174741597,0.00850084556301,0.0028077789133,0.0840559322175,0.18763595779,0.261194599186,0.118744102659,0.0880794397617,0.00939557845266,1,0.3,10,1,3,1,20,0.0880175117767,0.0616122582437,0.0880175117767,0.0804162849487,0.0884159871177,0.0800775809088,0.0880175117767,0.0616122582437,0.0880175117767,0.0869349529783,0.102086827272,0.0867738031809
2,0.163613040269,0.0542658104249,0.0282289156005,0.19640905004,0.149664935039,0.0436638222684,0.129195134209,0.00348074597519,0.222183288717,0.00716484699415,0.00138627946869,0.000744130994346,1,0.3,10,1,3,1,20,0.0905671742644,0.0633970219851,0.0905671742644,0.0794006201633,0.0943414650638,0.0761924729838,0.0905671742644,0.0633970219851,0.0905671742644,0.0822151919604,0.096641896649,0.0821456121517
3,0.207231765726,0.0971684957198,0.143347018163,0.0893664310429,0.101941676175,0.0229106124983,0.000480421155236,0.143194835895,0.0234882164253,0.0805743559525,0.0681877185813,0.0221084526665,1,0.3,10,1,3,1,20,0.075964338167,0.0531750367169,0.075964338167,0.0846832633815,0.0917950329043,0.0712271728548,0.075964338167,0.0531750367169,0.075964338167,0.108090576889,0.126484609659,0.10751191821
4,0.0392370743752,0.0395048902437,0.125666116664,0.0872734960024,0.0288515707904,0.0480102483375,0.0162152189369,0.226237035451,0.312003587479,0.0145325184846,0.0483047562866,0.0141634869487,1,0.3,10,1,3,1,20,0.0950646071536,0.0665452250075,0.0950646071536,0.0778440913568,0.0909884185737,0.0813088516497,0.0950646071536,0.0665452250075,0.0950646071536,0.0743984110483,0.0876277560769,0.0744835926653
5,0.103437539077,0.0178213796823,0.0904510101098,0.0237295907592,0.0781055978768,0.0497857555738,0.0196890660605,0.0658205029604,0.00462186326574,0.232634955664,0.100807655778,0.213095083193,1,0.3,10,1,3,1,20,0.0921111506777,0.0644778054744,0.0921111506777,0.0789592589614,0.0877279811081,0.0826849530956,0.0921111506777,0.0644778054744,0.0921111506777,0.0797329023277,0.0937809139716,0.0797137768758
6,0.183063884156,0.0817445826204,0.168410250328,0.0271888736517,0.179386074306,0.00145281458718,0.0227956093333,0.0537552548345,0.11533839534,0.0568951011002,0.0948137899635,0.015155369779,1,0.3,10,1,3,1,20,0.0901064918409,0.0630745442887,0.0901064918409,0.0795769436442,0.0936931782186,0.0765282602232,0.0901064918409,0.0630745442887,0.0901064918409,0.083052417126,0.0976076458632,0.0829664989837
7,0.0575510135697,0.0487557013238,0.013934051047,0.0193382704176,0.0730731981975,0.0521756307308,0.0378953506989,0.000672967293556,0.00476395127837,0.116620029218,0.525256283031,0.049963553194,1,0.3,10,1,3,1,20,0.0889898111665,0.0622928678166,0.0889898111665,0.0799582713889,0.0948280517021,0.0749957669337,0.0889898111665,0.0622928678166,0.0889898111665,0.0849821308268,0.0998328642429,0.0848579346065
8,0.0392147905708,0.0196194795783,0.0535446488111,0.0317352823939,0.102465622944,0.0151851616763,0.172404030043,0.0950021108896,0.114855629033,0.188726214144,0.0969107415931,0.070336288323,1,0.3,10,1,3,1,20,0.0910468951748,0.0637328266224,0.0910468951748,0.0792801024356,0.0913106956231,0.0790558720546,0.0910468951748,0.0637328266224,0.0910468951748,0.081479884135,0.0957947090852,0.0814255027224
9,0.113562054711,0.229341921613,0.0840860912549,0.0172335022966,0.166451051464,0.00494314370457,0.060669142432,0.0687032554931,0.104999561404,0.119818145332,0.0253074832781,0.00488464701618,1,0.3,10,1,3,1,20,0.0898176798093,0.0628723758665,0.0898176798093,0.0798010766393,0.0866147480648,0.0825235686221,0.0898176798093,0.0628723758665,0.0898176798093,0.0838230774031,0.0984984098923,0.0837236484085
10,0.035323392414,0.0919412408525,0.158711264651,0.0438004556003,0.0237428621607,0.00556050560447,0.0467333112782,0.183432477553,0.169681244535,0.166011673174,0.0256566132336,0.0494049589433,1,0.3,10,1,3,1,20,0.0869353835662,0.0608547684964,0.0869353835662,0.0808605140437,0.085128093393,0.082396710691,0.0869353835662,0.0608547684964,0.0869353835662,0.0889665908428,0.104430821498,0.0887661982736
11,0.100150973287,0.0593326312331,0.0691584113203,0.126458377686,0.209720562184,0.210369477227,0.00681916306263,0.0351183436423,0.026415685042,0.0232607613875,0.0464116441617,0.0867839697669,1,0.3,10,1,3,1,20,0.0794535444,0.05561748108,0.0794535444,0.083448906014,0.0907659563287,0.0738333558745,0.0794535444,0.05561748108,0.0794535444,0.101968227812,0.119424007682,0.10151040653
12,0.0990613897917,0.147737460949,0.022391019443,0.10090623742,0.0530129809278,0.00889529746381,0.0187951146248,0.0421310318815,0.237882188374,0.0188861201749,0.149281231329,0.101019927621,1,0.3,10,1,3,1,20,0.0965288683729,0.067570207861,0.0965288683729,0.0771291533853,0.102123818857,0.0723734454736,0.0965288683729,0.067570207861,0.0965288683729,0.0714030215262,0.0841700927264,0.0715445788175
13,0.0992559112825,0.0387592511328,0.0177153626841,0.225975137221,0.0807540328845,0.0237059785989,0.040558577016,0.284933444014,0.001938799471,0.0507661720153,0.0846043606316,0.0510329730483,1,0.3,10,1,3,1,20,0.0831595520461,0.0582116864322,0.0831595520461,0.0822680880338,0.0820233126729,0.0832338915011,0.0831595520461,0.0582116864322,0.0831595520461,0.0957472664296,0.112251816386,0.095414043928
14,0.109831724337,0.0397531320427,0.0168336515105,0.00977737604183,0.0962467765531,0.128832951753,0.0871261005282,0.24081436698,0.13619628978,0.00464766972388,0.0131700622642,0.116769898486,1,0.3,10,1,3,1,20,0.0841404182512,0.0588982927759,0.0841404182512,0.0817518874193,0.0916725527178,0.0753495731227,0.0841404182512,0.0588982927759,0.0841404182512,0.0936600673974,0.109841978803,0.0933656819828
15,0.0129753982315,0.128368801755,0.0525583555326,0.00141154695591,0.0189507301353,0.309603144064,0.0262192649166,0.00216038738014,0.105617382192,0.0269400822278,0.21164174316,0.103553163449,1,0.3,10,1,3,1,20,0.0876143066063,0.0613300146244,0.0876143066063,0.0804321280554,0.0959825083269,0.0733191565929,0.0876143066063,0.0613300146244,0.0876143066063,0.0873680815021,0.102584253972,0.0871966158763
16,0.0316028334274,0.128353283839,0.0164960486715,0.169140823038,0.0908043286867,0.0341197318692,0.0518660720639,0.030024854378,0.0573250362957,0.126529166727,0.203676522421,0.0600612985822,1,0.3,10,1,3,1,20,0.0890776429717,0.0623543500802,0.0890776429717,0.0800468675904,0.0877732538679,0.0811555983286,0.0890776429717,0.0623543500802,0.0890776429717,0.0850869488304,0.0999557077488,0.0849623515865
17,0.0167813951266,0.0602976578114,0.143426782032,0.0783340527647,0.0548501592379,0.191092556975,0.0322584724584,0.0174239986501,0.0371142962385,0.043368323572,0.205925728002,0.119126577131,1,0.3,10,1,3,1,20,0.0945675124146,0.0661972586903,0.0945675124146,0.0781050597795,0.086135721554,0.0852720820111,0.0945675124146,0.0661972586903,0.0945675124146,0.0754548061158,0.08884743973,0.0755203237705
18,0.072608201596,0.00728911442866,0.0503623026916,0.0125038114416,0.10510764881,0.135653010071,0.0115117707256,0.186493543204,0.00212770497273,0.0636441221866,0.00295939666647,0.349739373206,1,0.3,10,1,3,1,20,0.0971825020582,0.0680277514407,0.0971825020582,0.077057184739,0.0925764255193,0.0809723497971,0.0971825020582,0.0680277514407,0.0971825020582,0.0706007287438,0.0832474595062,0.0707603405803
19,0.0616580638295,0.0389189794713,0.00382093625332,0.145871950063,0.0627799133993,0.197641009144,0.0381722141,0.0246140065636,0.146210159556,0.217179684558,0.00264523517933,0.0604878478821,1,0.3,10,1,3,1,20,0.094164134195,0.0659148939365,0.094164134195,0.0781005577056,0.0949008968901,0.0774743094148,0.094164134195,0.0659148939365,0.094164134195,0.0758440837929,0.0892939608345,0.0758998667093
20,0.125549340339,0.188574121697,0.0127650692207,0.24494064215,0.0392090846483,0.0568144860637,0.0674826226764,0.0167410793529,0.0445760253995,0.14516282026,0.00613623961282,0.0520484685801,1,0.3,10,1,3,1,20,0.0941407315029,0.065898512052,0.0941407315029,0.0781040924368,0.0951864639056,0.0772152198944,0.0941407315029,0.065898512052,0.0941407315029,0.0758748818804,0.0893294009551,0.0759299908119
21,0.00294561441545,0.317252687154,0.0616282828687,0.106875937092,0.0298000624036,0.066585613547,0.0441899562198,0.0838354870536,0.062951502469,0.0221566811759,0.120917467593,0.0808607080085,1,0.3,10,1,3,1,20,0.0908303128201,0.0635812189741,0.0908303128201,0.0793597275661,0.0911980115667,0.0790471836315,0.0908303128201,0.0635812189741,0.0908303128201,0.0818664153984,0.0962405257345,0.0818044468743
22,0.0654108774912,0.13240587744,0.141233211445,0.0325009680746,0.0704310294684,0.100190826734,0.00987396574846,0.044193884242,0.0897441430038,0.238860916802,0.0562979239667,0.0188563755847,1,0.3,10,1,3,1,20,0.0807499449117,0.0565249614382,0.0807499449117,0.0830713604968,0.0856215357156,0.0789305083135,0.0807499449117,0.0565249614382,0.0807499449117,0.0998689202562,0.117004309565,0.0994536631301
23,0.0415686333251,0.0188928300958,0.0361333392907,0.217863715561,0.0700393886562,0.0501775863224,0.0968182860551,0.122664020621,0.229340717133,0.0148287284597,0.0954154598793,0.0062572946015,1,0.3,10,1,3,1,20,0.095066494872,0.0665465464104,0.095066494872,0.0778068379143,0.0931367786341,0.0794470967165,0.095066494872,0.0665465464104,0.095066494872,0.0743159363352,0.0875320422115,0.0744022358797
24,0.269106705312,0.129093538817,0.0431559935631,0.185305551056,0.0317239311188,0.0133928534381,0.056325266491,0.0169217234047,0.118817963554,0.0384532311117,0.0521041080283,0.0455991341055,1,0.3,10,1,3,1,20,0.0907766385591,0.0635436469914,0.0907766385591,0.0794022765363,0.0898299527451,0.0802069594782,0.0907766385591,0.0635436469914,0.0907766385591,0.0820115752521,0.0964083177129,0.081947070056
25,0.365021300613,0.0468764573205,0.0325000256834,0.0169836729716,0.0804178798064,0.031349427927,0.22494362906,0.0377574746783,0.0464974495843,0.00532739756703,0.0512792552342,0.0610460295543,1,0.3,10,1,3,1,20,0.0920816550715,0.0644571585501,0.0920816550715,0.0788544191096,0.0945075069292,0.0767924450306,0.0920816550715,0.0644571585501,0.0920816550715,0.0795352312299,0.0935510596294,0.079518400685
26,0.00785059158698,0.333420674967,0.031515871514,0.133105799906,0.0333085517446,0.0178706449169,0.0703434681431,0.122188131378,0.0821084130329,0.0668400344763,0.0451379225285,0.056309895806,1,0.3,10,1,3,1,20,0.091240134037,0.0638680938259,0.091240134037,0.0792223992961,0.0906276934968,0.0797429737552,0.091240134037,0.0638680938259,0.091240134037,0.0811638779604,0.0954304495632,0.0811158821287
27,0.188374435469,0.0620633065193,0.00539885153383,0.0269706434183,0.0860031432559,0.203495645694,0.0623283285659,0.0493286024484,0.0211564999098,0.167230955211,0.0253322348259,0.102317353149,1,0.3,10,1,3,1,20,0.0841497382468,0.0589048167728,0.0841497382468,0.0817197807955,0.0933619791922,0.0738893759919,0.0841497382468,0.0589048167728,0.0841497382468,0.0935813771892,0.109750756918,0.0932881433803
28,0.105283884919,0.191717226286,0.0656138043944,0.0194571723954,0.0194765184502,0.086897405492,0.0307519866366,0.115885068128,0.0544767579732,0.059561465097,0.172031884363,0.0788468258651,1,0.3,10,1,3,1,20,0.0897547102747,0.0628282971923,0.0897547102747,0.0796807466023,0.0950095402204,0.0752141411484,0.0897547102747,0.0628282971923,0.0897547102747,0.0836250014986,0.0982676405661,0.0835274944811
29,0.139152019033,0.0748668236127,0.0115549001065,0.0422158445541,0.0217150556121,0.101932966136,0.029322317431,0.0981430340091,0.238412114934,0.0788131777557,0.129127802023,0.0347439447933,1,0.3,10,1,3,1,20,0.0861546503667,0.0603082552567,0.0861546503667,0.0809524276059,0.0961824678057,0.0724287827827,0.0861546503667,0.0603082552567,0.0861546503667,0.0899377655753,0.105547807703,0.0897156365473
30,0.143968411501,0.0118661550825,0.00308937643771,0.197209656996,0.0227788061755,0.0053823844618,0.0964238911619,0.263551219805,0.0884945514008,0.116027586627,0.0146028187051,0.0366051416462,1,0.3,10,1,3,1,20,0.0905668952191,0.0633968266534,0.0905668952191,0.0793250311031,0.0987871921228,0.072337778735,0.0905668952191,0.0633968266534,0.0905668952191,0.0820519116369,0.0964523525508,0.0819844996681
31,0.0578434445453,0.0706368412034,0.0746810253395,0.385796301228,0.0832671905439,0.0292537395828,0.0777007807855,0.141368180338,0.034216891585,0.00210865595609,0.0156931274154,0.0274338214775,1,0.3,10,1,3,1,20,0.0781057120818,0.0546739984573,0.0781057120818,0.0839454701971,0.0900034888661,0.0738323599305,0.0781057120818,0.0546739984573,0.0781057120818,0.104375938835,0.122201025367,0.103870871562
32,0.0149247340264,0.247954806671,0.0370334196548,0.0650438962959,0.0275927408293,0.0215726022058,0.143214462229,0.00624382698201,0.315034387435,0.00187362269717,0.107619759085,0.0118917418887,1,0.3,10,1,3,1,20,0.0845972357871,0.059218065051,0.0845972357871,0.0815265916048,0.0952787574212,0.0724472982158,0.0845972357871,0.059218065051,0.0845972357871,0.0927207011266,0.108757609936,0.0924439684454
33,0.034516159765,0.054759190128,0.0190083736891,0.0377683262954,0.500037693449,0.0530113545495,0.0430937055868,0.0930548063258,0.123074125328,0.00127467442893,0.0363599599588,0.00404163049503,1,0.3,10,1,3,1,20,0.0958585753498,0.0671010027449,0.0958585753498,0.077501569953,0.0943749911234,0.0787626165454,0.0958585753498,0.0671010027449,0.0958585753498,0.0728718898891,0.0858662841082,0.072986341492
34,0.0133461857331,0.0747175641786,0.0447826448581,0.0592304952094,0.304371809139,0.0705483798892,0.152524871644,0.00872784195627,0.0757346211015,0.139454666066,0.021754129684,0.0348067905408,1,0.3,10,1,3,1,20,0.0838280533834,0.0586796373684,0.0838280533834,0.0819918513768,0.0841606145402,0.0817091743935,0.0838280533834,0.0586796373684,0.0838280533834,0.0944882803391,0.110799238422,0.0941793526584
35,0.0132343564234,0.040428147897,0.288591266929,0.00877199941595,0.0184964135122,0.0416796213273,0.0850594971236,0.0230135424834,0.0668029619069,0.000947269604001,0.21403130937,0.198943614008,1,0.3,10,1,3,1,20,0.091435469433,0.0640048286031,0.091435469433,0.0791095127169,0.0931417984518,0.0776591330509,0.091435469433,0.0640048286031,0.091435469433,0.0807263943579,0.0949252035049,0.0806864229792
36,0.0018305315295,0.0165758506689,0.0979981859803,0.0269522672561,0.182553488434,0.170211152948,0.0178839605246,0.0472228650062,0.173008872059,0.138979540482,0.0532874709372,0.0734958141738,1,0.3,10,1,3,1,20,0.0772732275992,0.0540912593194,0.0772732275992,0.0842716175877,0.0883903577092,0.0748220569942,0.0772732275992,0.0540912593194,0.0772732275992,0.105905130665,0.12396508541,0.105370322598
37,0.0704256301336,0.0968865269415,0.298548244141,0.0671894189123,0.156120036115,0.0339625018191,0.0302087787326,0.0888856291444,0.0956237628248,0.00789138893858,0.0281121638195,0.0261459184776,1,0.3,10,1,3,1,20,0.0834695029627,0.0584286520739,0.0834695029627,0.081950990876,0.0941166662164,0.0729009021104,0.0834695029627,0.0584286520739,0.0834695029627,0.0947545438552,0.111103557267,0.0944380236766
38,0.107123084941,0.0256531705884,0.235954851479,0.059761632216,0.0278756105031,0.202015486557,0.0355805152698,0.00143810918143,0.0834740874478,0.0197967748454,0.185026199572,0.0163004773992,1,0.3,10,1,3,1,20,0.0829688974283,0.0580782281998,0.0829688974283,0.0821991256015,0.0900917633313,0.076144689584,0.0829688974283,0.0580782281998,0.0829688974283,0.095786642777,0.112294990591,0.0954507420025
39,0.0451551976443,0.131247336732,0.00453488889882,0.182858520639,0.157283414629,0.0971659564735,0.0650941349545,0.0406822228187,0.0991905708059,0.0610816751107,0.0370988291058,0.0786072521871,1,0.3,10,1,3,1,20,0.0833653819732,0.0583557673813,0.0833653819732,0.0820915114926,0.08805719088,0.0781034739218,0.0833653819732,0.0583557673813,0.0833653819732,0.0951615921091,0.111574685914,0.094838483027
40,0.142883496543,0.0378880477887,0.0691928739181,0.0353771962713,0.180053983049,0.0878108908034,0.0380582622104,0.0415610396883,0.0169054170687,0.0991786673705,0.0950033689807,0.156086756307,1,0.3,10,1,3,1,20,0.0830711809243,0.058149826647,0.0830711809243,0.0822220258563,0.0865911708604,0.0792300344107,0.0830711809243,0.058149826647,0.0830711809243,0.0957350152034,0.112236419826,0.095400956852
41,0.378398090408,0.0699408484207,0.00454289427594,0.0481268282707,0.0395913251213,0.020113508059,0.0947899992692,0.182616389288,0.0182422553054,0.00889437900481,0.0413902780245,0.0933532045531,1,0.3,10,1,3,1,20,0.0998553013164,0.0698987109215,0.0998553013164,0.076073266338,0.0940422600599,0.0810143514061,0.0998553013164,0.0698987109215,0.0998553013164,0.0658278531051,0.0777425091796,0.0660811328026
42,0.0932864210482,0.0398121872243,0.0237814738668,0.119465828524,0.245383948389,0.10057482903,0.0277340799829,0.15002414249,0.0127422586942,0.0167399106599,0.027827441803,0.142627478288,1,0.3,10,1,3,1,20,0.0856838226683,0.0599786758678,0.0856838226683,0.0812965614971,0.085891363518,0.0811201517749,0.0856838226683,0.0599786758678,0.0856838226683,0.0911481273189,0.10694656945,0.0909045840323
43,0.00673097404895,0.061945278236,0.0398003792461,0.0627556059111,0.139237379391,0.116847531666,0.220184850441,0.0340880703749,0.167861541529,0.0455766258166,0.098138552723,0.00683321061585,1,0.3,10,1,3,1,20,0.0936462319324,0.0655523623527,0.0936462319324,0.0784217407734,0.0869498896468,0.0841136317161,0.0936462319324,0.0655523623527,0.0936462319324,0.0770513513813,0.0906885048905,0.0770852291569
44,0.115932803942,0.0425715031026,0.0023770979361,0.0563636474273,0.194716435889,0.202886104529,0.0635466140019,0.00532738454531,0.0849386020609,0.0644599827544,0.0117673415968,0.155112482215,1,0.3,10,1,3,1,20,0.0821848715963,0.0575294101174,0.0821848715963,0.0825133769841,0.0881561524369,0.0774377882696,0.0821848715963,0.0575294101174,0.0821848715963,0.0972421595608,0.11397417088,0.0968780452483
45,0.045346614144,0.205125837304,0.0155856337377,0.0835895280833,0.00324025008551,0.118045245792,0.0692808202253,0.19946874173,0.0881820198886,0.0188276930936,0.0890238856791,0.0642837302368,1,0.3,10,1,3,1,20,0.0956312994384,0.0669419096069,0.0956312994384,0.0775316435946,0.0973981490123,0.0760298214568,0.0956312994384,0.0669419096069,0.0956312994384,0.0731617817703,0.0861997768641,0.0732698103345
46,0.217110324355,0.0206731827004,0.00618694749594,0.0462401097238,0.0238866080676,0.224093249488,0.0117434090363,0.130185635058,0.184497898827,0.0172610614923,0.0314539225364,0.0866676512187,1,0.3,10,1,3,1,20,0.0951118509454,0.0665782956618,0.0951118509454,0.0777016623694,0.0983586076388,0.07494191918,0.0951118509454,0.0665782956618,0.0951118509454,0.0740434960921,0.0872163889807,0.0741339306336
47,0.245304892315,0.203899446803,0.0854441803217,0.0209128728005,0.0419499742588,0.0378948466351,0.0345913648754,0.0652073862368,0.133188814401,0.0635807275741,0.0064215599027,0.0616039338764,1,0.3,10,1,3,1,20,0.0891393705336,0.0623975593735,0.0891393705336,0.0800158450596,0.0882945743241,0.0807339218377,0.0891393705336,0.0623975593735,0.0891393705336,0.0849587631177,0.0998077269078,0.0848365678716
48,0.0570036951121,0.0497220550471,0.0459192614204,0.117920723029,0.0597128209558,0.0485214417663,0.0076101981992,0.00631814667682,0.145859116545,0.170094074102,0.138361861093,0.152956606054,1,0.3,10,1,3,1,20,0.0835049812592,0.0584534868814,0.0835049812592,0.0819529750238,0.0932524591862,0.0736676187859,0.0835049812592,0.0584534868814,0.0835049812592,0.0947237421722,0.111068273531,0.0944080325013
49,0.168168087905,0.0521337550579,0.0632760561823,0.117642802029,0.0792254639351,0.0397913357181,0.00406452776747,0.057152919989,0.0651972425085,0.208540462757,0.135782689161,0.00902465699004,1,0.3,10,1,3,1,20,0.0850997744982,0.0595698421487,0.0850997744982,0.0813894069309,0.0927460889113,0.0748900396798,0.0850997744982,0.0595698421487,0.0850997744982,0.091926758863,0.107842661257,0.0916662620681
50,0.226238073552,0.16353203575,0.00225458256402,0.0709339625355,0.128020369489,0.18476369296,0.0327496368863,0.0684206718406,0.00830897867737,0.0311388663295,0.0229442934163,0.0606948359998,1,0.3,10,1,3,1,20,0.0846301151072,0.0592410805751,0.0846301151072,0.0816185315475,0.0891856208258,0.0777463516867,0.0846301151072,0.0592410805751,0.0846301151072,0.0928871128091,0.10895122246,0.0926085390914
51,0.0214170524717,0.0323124503862,0.0493376805022,0.11492095321,0.198443803714,0.0942216475412,0.112642660184,0.0109313163094,0.130100655589,0.0875046402837,0.102009587589,0.0461575522188,1,0.3,10,1,3,1,20,0.0859693397969,0.0601785378578,0.0859693397969,0.0811914969787,0.0860455492169,0.0811267189718,0.0859693397969,0.0601785378578,0.0859693397969,0.0906383615807,0.106358615324,0.090404823025
52,0.0250301636656,0.06562030941,0.0537604348702,0.0591487109753,0.2770363359,0.19386131,0.0642682156265,0.0118033816035,0.160366885467,0.0247617677393,0.0359315707167,0.0284109140263,1,0.3,10,1,3,1,20,0.0837121786484,0.0585985250539,0.0837121786484,0.0819418436851,0.0895398263932,0.0769883431021,0.0837121786484,0.0585985250539,0.0837121786484,0.094494698372,0.110805147971,0.0941843757753
53,0.0550553411871,0.177597148556,0.0956628099772,0.0462839533309,0.116912772314,0.13864704475,0.0286175966262,0.0562518809861,0.0365014189342,0.0693180975199,0.0713568822644,0.107795053555,1,0.3,10,1,3,1,20,0.0855832324775,0.0599082627342,0.0855832324775,0.0811823155701,0.0947216082521,0.0734146961616,0.0855832324775,0.0599082627342,0.0855832324775,0.0910004300544,0.106773780856,0.0907577137275
54,0.00698975554375,0.0224762931102,0.164808873342,0.212215503529,0.00379988682436,0.168131888703,0.0213979041442,0.158326633102,0.0745791877112,0.0346024505912,0.00961008124969,0.123061542151,1,0.3,10,1,3,1,20,0.0827918420434,0.0579542894304,0.0827918420434,0.0822274415882,0.0921598192775,0.0742646609392,0.0827918420434,0.0579542894304,0.0827918420434,0.096023053707,0.112567068894,0.0956820085597
55,0.111266705472,0.0786864294881,0.000561253509515,0.0245260609953,0.100823699413,0.135855799305,0.0920934581483,0.127063166352,0.0937437782047,0.00380519407551,0.11294764804,0.118626806996,1,0.3,10,1,3,1,20,0.0805167265805,0.0563617086064,0.0805167265805,0.0830456563111,0.0920461248509,0.0732456677812,0.0805167265805,0.0563617086064,0.0805167265805,0.100044000679,0.117204446942,0.0996237799008
56,0.0419150979515,0.0129462099321,0.0562320889727,0.0537348897655,0.0207531470417,0.129852296778,0.0345986232982,0.165007341075,0.00705226443539,0.0400806210245,0.377747490115,0.0600799296098,1,0.3,10,1,3,1,20,0.0902434455711,0.0631704118998,0.0902434455711,0.0795800684501,0.0906234930516,0.0792570280916,0.0902434455711,0.0631704118998,0.0902434455711,0.0829237047211,0.0974600538388,0.082841045763
57,0.0297868975223,0.134397933244,0.178618221275,0.069187515324,0.113177113591,0.0740526530919,0.0475401783838,0.00901366501023,0.0518108111176,0.115607457496,0.0643728869676,0.112434666976,1,0.3,10,1,3,1,20,0.0823400969922,0.0576380678945,0.0823400969922,0.0824970438557,0.0858443060755,0.0795184661348,0.0823400969922,0.0576380678945,0.0823400969922,0.0970532707044,0.113756967282,0.0966934221898
58,0.164049375346,0.119460557285,0.114473521919,0.0660144115886,0.0995426437631,0.0154151439103,0.0642137323888,0.0512021883067,0.00893853606489,0.0836700601755,0.00603020074393,0.206989628507,1,0.3,10,1,3,1,20,0.0981991214907,0.0687393850435,0.0981991214907,0.0767354630318,0.0900491716301,0.0836629204134,0.0981991214907,0.0687393850435,0.0981991214907,0.06889896794,0.0812855248296,0.0690926961051
59,0.143677206053,0.012282354391,0.0209166402655,0.0694386756208,0.0716895592321,0.0891372159637,0.0310475194247,0.135842077623,0.0266222862471,0.0786103816604,0.0105317991503,0.310204284369,1,0.3,10,1,3,1,20,0.0853194796464,0.0597236357525,0.0853194796464,0.0814566227487,0.0841680215086,0.0824353621658,0.0853194796464,0.0597236357525,0.0853194796464,0.0918548666733,0.107762128007,0.0915978088059
60,0.0913349076357,0.045325675217,0.100182139615,0.247469255541,0.0144835701277,0.264646856098,0.038390522858,0.0121039561509,0.0661114321793,0.0981073709648,0.000685503278869,0.0211588103336,1,0.3,10,1,3,1,20,0.084908380176,0.0594358661232,0.084908380176,0.0813742625994,0.0976690342452,0.0705277066406,0.084908380176,0.0594358661232,0.084908380176,0.09208331621,0.108021852624,0.0918185747303
61,0.127365581333,0.0693856330636,0.0283988152279,0.404506854198,0.00610070520689,0.00913551240087,0.0800335643526,0.0598632468561,0.0174900494244,0.0160759809643,0.0706539997933,0.110990057179,1,0.3,10,1,3,1,20,0.0849329515383,0.0594530660768,0.0849329515383,0.0814510309574,0.0926421061684,0.0748982495219,0.0849329515383,0.0594530660768,0.0849329515383,0.0922251184478,0.10818678735,0.0919587692475
62,0.0972260617771,0.0170429472261,0.0127481971076,0.0144759402694,0.243020162967,0.257304854241,0.0057221869163,0.19558282462,0.0333970103033,0.0315205642534,0.00736371561628,0.0845955347028,1,0.3,10,1,3,1,20,0.104769587764,0.0733387114347,0.104769587764,0.0742323820802,0.0986065776968,0.0794709406372,0.104769587764,0.0733387114347,0.104769587764,0.0569834473262,0.067541015316,0.0574098630186
63,0.189164141106,0.0826736319463,0.0414318500023,0.157903949429,0.273445940846,0.0540286086911,0.0774164655971,0.00496521922369,0.0586132362286,0.0156977541717,0.0292705841752,0.0153886185822,1,0.3,10,1,3,1,20,0.0912189872818,0.0638532910972,0.0912189872818,0.0791186645925,0.0971663640633,0.0740633943282,0.0912189872818,0.0638532910972,0.0912189872818,0.0809603395067,0.0951938952367,0.0809148109512
64,0.0433644942012,0.00215097782635,0.180810846938,0.0458740739238,0.0435980223456,0.0227025701942,0.0334802143362,0.0642980225294,0.15024599706,0.292490559945,0.0108382684299,0.110145952269,1,0.3,10,1,3,1,20,0.0806623379263,0.0564636365484,0.0806623379263,0.0831895324235,0.0805267331427,0.0833047964896,0.0806623379263,0.0564636365484,0.0806623379263,0.100211275834,0.117400560707,0.0997904766014
65,0.484158585586,0.0768831424905,0.0390143715779,0.0810423920143,0.0283981462997,0.0907320621529,0.00186418237443,0.00173096095796,0.0193594691737,0.0662079385944,0.0782899187059,0.0323188300727,1,0.3,10,1,3,1,20,0.0892459906614,0.062472193463,0.0892459906614,0.0800233661303,0.0856059136685,0.0831174315743,0.0892459906614,0.062472193463,0.0892459906614,0.0848695689603,0.0997056054567,0.0847497646382
66,0.0138499916486,0.188133047799,0.00434004786291,0.0644175432713,0.112450711569,0.0954385544054,0.0303528351131,0.0368498872281,0.102021768165,0.0798467584496,0.200276557701,0.0720222967863,1,0.3,10,1,3,1,20,0.0935291562981,0.0654704094086,0.0935291562981,0.0784503100816,0.0877390610944,0.0833718910047,0.0935291562981,0.0654704094086,0.0935291562981,0.0772289788644,0.0908931432137,0.0772591717316
67,0.304280467967,0.0148548710543,0.0134481383466,0.010291614557,0.252993683554,0.0163302144155,0.085500592253,0.00470980642212,0.114923304717,0.00114496268634,0.134667130471,0.0468552135559,1,0.3,10,1,3,1,20,0.0874607717962,0.0612225402573,0.0874607717962,0.0805360430693,0.0931144629036,0.075730405628,0.0874607717962,0.0612225402573,0.0874607717962,0.0877448039543,0.103019522565,0.0875665941803
68,0.00455837591014,0.0545181906219,0.0981546108113,0.133272275873,0.345183742579,0.0307466447012,0.0892167042555,0.0226635545838,0.0878350029931,0.0493973126535,0.0181634579032,0.0662901271149,1,0.3,10,1,3,1,20,0.0844155603356,0.0590908922349,0.0844155603356,0.0816818225227,0.08998962096,0.0769438709919,0.0844155603356,0.0590908922349,0.0844155603356,0.0932362952586,0.109353710516,0.0929506539386
69,0.0170176602792,0.0272403942534,0.0346186020768,0.0361449066263,0.0343384929846,0.0866006060517,0.414280822474,0.00152829225125,0.166081456795,0.00497900763863,0.155869735636,0.0213000229339,1,0.3,10,1,3,1,20,0.0836412813487,0.0585488969441,0.0836412813487,0.0819498534115,0.0905634422954,0.0760660166069,0.0836412813487,0.0585488969441,0.0836412813487,0.0945821606136,0.11090573394,0.0942698738493
70,0.0197523738651,0.035373442361,0.124181083969,0.0844765442525,0.110735890142,0.03467406325,0.00994905733455,0.0768362856256,0.0668790447322,0.264787004224,0.0205189584649,0.151836251779,1,0.3,10,1,3,1,20,0.0898567865122,0.0628997505585,0.0898567865122,0.079652018918,0.0945457665329,0.0756663859004,0.0898567865122,0.0628997505585,0.0898567865122,0.0834618686324,0.0980796285678,0.0833676842827
71,0.0437101376832,0.304260655901,0.0281122771196,0.0218819125106,0.0220271272006,0.0641323932004,0.215577209992,0.0905867476411,0.0512462308312,0.0250835983216,0.122834958546,0.0105467510526,1,0.3,10,1,3,1,20,0.0863349421509,0.0604344595056,0.0863349421509,0.0809950603879,0.089878916994,0.0779826817712,0.0863349421509,0.0604344595056,0.0863349421509,0.0898516691108,0.105450261687,0.0896327224341
72,0.0734430791921,0.0726494932255,0.152024550145,0.108442942754,0.143717229343,0.00485880068256,0.0352714619433,0.0694252046668,0.0297576295186,0.245492494825,0.0633690028086,0.00154811089579,1,0.3,10,1,3,1,20,0.0807253152601,0.056507720682,0.0807253152601,0.0830032080335,0.0901436235768,0.0749976459642,0.0807253152601,0.056507720682,0.0807253152601,0.0997458183796,0.116861081968,0.0993319196731
73,0.179523048753,0.0262071830505,0.105492110579,0.0230237534859,0.0562924492881,0.0137635152747,0.152342204391,0.00520193222622,0.0238010160193,0.0355913120788,0.301441231741,0.0773202431125,1,0.3,10,1,3,1,20,0.0902885257892,0.0632019680524,0.0902885257892,0.0794225329027,0.0989265853746,0.0720801822551,0.0902885257892,0.0632019680524,0.0902885257892,0.0825382430337,0.0970131984716,0.0824612187008
74,0.161294781393,0.0115535423516,0.262388628801,0.0536624306087,0.0930205187609,0.148426289635,0.0225270004124,0.131777877424,0.019492763112,0.0136877761738,0.0813470684663,0.000821322860803,1,0.3,10,1,3,1,20,0.0997882570316,0.0698517799221,0.0997882570316,0.0760917175413,0.0943713808953,0.0806960622572,0.0997882570316,0.0698517799221,0.0997882570316,0.0659340967882,0.0778649484041,0.0661852061435
75,0.00698277943051,0.139980908623,0.00365830628539,0.0127986145465,0.0651608448713,0.248837684864,0.130380321888,0.0697987100895,0.178880458384,0.0541386625855,0.0530440499706,0.036338658462,1,0.3,10,1,3,1,20,0.0829014205769,0.0580309944038,0.0829014205769,0.0822239004367,0.090058571207,0.0761403224011,0.0829014205769,0.0580309944038,0.0829014205769,0.0959069971542,0.112433804155,0.0955687335313
76,0.00945371427732,0.00498614151612,0.081659515444,0.0351341846464,0.341803559278,0.152825711644,0.0183653261609,0.0974597270273,0.0231938165675,0.128074517465,3.29058358103e-05,0.107010880138,1,0.3,10,1,3,1,20,0.0873306231958,0.061131436237,0.0873306231958,0.0807037606339,0.0860060329479,0.0818296623446,0.0873306231958,0.061131436237,0.0873306231958,0.0882364461339,0.103588504153,0.0880502285298
77,0.0906614747193,0.0916814022649,0.228318691552,0.0803886348727,0.0123248484839,0.0146106240105,0.0628722787355,0.0600358178983,0.0569902546067,0.0072688380079,0.162756229366,0.132090905483,1,0.3,10,1,3,1,20,0.0864482850796,0.0605137995557,0.0864482850796,0.080950433232,0.0901115919099,0.0778366224261,0.0864482850796,0.0605137995557,0.0864482850796,0.0896429887162,0.105209526641,0.089428097645
78,0.0919274215078,0.223998374259,0.0502690606262,0.0752928108893,0.0355306115259,0.01877351445,0.0173162101615,0.0926088483049,0.236805470007,0.142234948033,0.0110161934021,0.00422653683395,1,0.3,10,1,3,1,20,0.0871395013462,0.0609976509424,0.0871395013462,0.0806690546241,0.0920722232438,0.0764762410112,0.0871395013462,0.0609976509424,0.0871395013462,0.0883504072358,0.103718252225,0.0881605143909
79,0.0906477043406,0.0430936356874,0.0504979438315,0.0644820773863,0.07380801649,0.0166416291289,0.0411538799348,0.0452156965935,0.0026493216327,0.0476293378932,0.286102028226,0.238078728855,1,0.3,10,1,3,1,20,0.100698619773,0.0704890338411,0.100698619773,0.0756849829898,0.0990767341118,0.0770635858019,0.100698619773,0.0704890338411,0.100698619773,0.0641534972697,0.075810082731,0.0644385703213
80,0.0534488876185,0.265160145212,0.0138791933553,0.148603199739,0.0273213676961,0.048307800029,0.301342151245,0.00887760945008,0.0425549453617,0.0135085148875,0.00367300134008,0.0733231840661,1,0.3,10,1,3,1,20,0.0831141382662,0.0581798967864,0.0831141382662,0.0821480642026,0.0900301517063,0.0762694527785,0.0831141382662,0.0581798967864,0.0831141382662,0.0955324870432,0.112001890612,0.09520160702
81,0.065770467626,0.165576880481,0.197082341487,0.0232573493414,0.0593750614259,0.0319144131317,0.127357671175,0.245316833337,0.00759504537313,0.0518705869466,0.0113011604171,0.0135821892583,1,0.3,10,1,3,1,20,0.0867074137135,0.0606951895995,0.0867074137135,0.0808825713764,0.0886367262611,0.0792426557109,0.0867074137135,0.0606951895995,0.0867074137135,0.0892398238221,0.104744966906,0.0890332218702
82,0.197207561861,0.0214797900032,0.0516283799141,0.364403205013,0.101042748397,0.0478819180101,0.0939124604082,0.045134212057,0.011911031674,0.0398360309525,0.000504265112082,0.0250583965989,1,0.3,10,1,3,1,20,0.0840656695786,0.058845968705,0.0840656695786,0.0818478103691,0.0876136056543,0.0788320647048,0.0840656695786,0.058845968705,0.0840656695786,0.0939415622387,0.110167752059,0.0936425892499
83,0.100136730475,0.0802836825124,0.0969242498482,0.0303540796683,0.119773354506,0.0883399027898,0.0436804382133,0.140696554547,0.0291084885918,0.0550922617253,0.138428997087,0.0771812600364,1,0.3,10,1,3,1,20,0.0876884894533,0.0613819426173,0.0876884894533,0.0805156917459,0.0895109395345,0.0789666091769,0.0876884894533,0.0613819426173,0.0876884894533,0.0874755118347,0.102709948465,0.0873034561951
84,0.00973655757374,0.0913276075161,0.239658478052,0.161860449292,0.082842296567,0.108853655867,0.0348057882641,0.181018589062,0.000956641028056,0.0173005089102,0.0651792055464,0.00646022232099,1,0.3,10,1,3,1,20,0.0927289546013,0.0649102682209,0.0927289546013,0.0785918324503,0.0962898580166,0.0755650645473,0.0927289546013,0.0649102682209,0.0927289546013,0.0783267531049,0.0921568308292,0.0783333062048
85,0.00895997001682,0.00446998901589,0.044242866017,0.0223551406988,0.0527148527514,0.0898977457658,0.145346199824,0.00573672543167,0.00658939831509,0.0565474642934,0.352524209897,0.210615437973,1,0.3,10,1,3,1,20,0.0894836413612,0.0626385489528,0.0894836413612,0.0797889210188,0.0943682098352,0.0756370378159,0.0894836413612,0.0626385489528,0.0894836413612,0.0841272042216,0.0988470074368,0.0840199563213
86,0.0354726472331,0.0885613812017,0.0668796706902,0.0603983523078,0.0972795549602,0.0635998268245,0.0737824485224,0.0657003814765,0.0894624643041,0.137149201873,0.0974516290144,0.124262441593,1,0.3,10,1,3,1,20,0.0850737378575,0.0595516165002,0.0850737378575,0.0813812125308,0.0937760930316,0.0739842106328,0.0850737378575,0.0595516165002,0.0850737378575,0.0919347834459,0.107851630232,0.0916738856969
87,0.0488767983121,0.0650858661578,0.233170434563,0.0360061196433,0.100628755696,0.0665703036176,0.104934341097,0.0211433728618,0.115876686272,0.0123984710298,0.185605850367,0.00970300038237,1,0.3,10,1,3,1,20,0.0841456709331,0.0589019696532,0.0841456709331,0.0817526893971,0.0915147529292,0.0754889697005,0.0841456709331,0.0589019696532,0.0841456709331,0.0936566067643,0.109838031443,0.0933623267268
88,0.185349468716,0.0160033791133,0.0103372173999,0.0190542716606,0.0106464589108,0.0551881247114,0.455380509335,0.104587792087,0.0128660168676,0.00432753090603,0.0796690498931,0.046590180399,1,0.3,10,1,3,1,20,0.0800294764372,0.0560206335061,0.0800294764372,0.0832985152848,0.0874622858299,0.0769806273009,0.0800294764372,0.0560206335061,0.0800294764372,0.101073110661,0.118392588196,0.100633699967
89,0.179059628744,0.0419209618831,0.15162983595,0.0176430901989,0.0170213191167,0.0521996218469,0.225025518772,0.168802839909,0.0318621871356,0.0323280359922,0.00230978544155,0.0801971750097,1,0.3,10,1,3,1,20,0.0932350015967,0.0652645011177,0.0932350015967,0.0784014747511,0.0968064605921,0.075365734605,0.0932350015967,0.0652645011177,0.0932350015967,0.0774142869672,0.0911043429526,0.0774386915097
90,0.0427133112813,0.0135593172034,0.0545129946902,0.0374433759139,0.0984224140476,0.035733669737,0.25980643366,0.0368841024875,0.164881654441,0.064265242523,0.0722427953545,0.11953468866,1,0.3,10,1,3,1,20,0.102728255371,0.0719097787595,0.102728255371,0.0750826742378,0.0916820497598,0.084471949007,0.102728255371,0.0719097787595,0.102728255371,0.0608425454013,0.0719936230228,0.0611945795694
91,0.159858361031,0.0456582447419,0.231702855665,0.0822396981989,0.0153872467993,0.0106583851062,0.0506032224825,0.0682872081614,0.175324919838,0.0182658544427,0.0820248622136,0.0599891413207,1,0.3,10,1,3,1,20,0.0877017640089,0.0613912348062,0.0877017640089,0.0804733790264,0.091716499785,0.0770608536167,0.0877017640089,0.0613912348062,0.0877017640089,0.0873708262916,0.102588603044,0.0872003125878
92,0.113435938498,0.147971490778,0.285484467377,0.0620734028394,0.0354738907883,0.0404935745877,0.0473536127109,0.165614345548,0.010189841953,0.0258388678361,0.0017545882008,0.0643159788816,1,0.3,10,1,3,1,20,0.0903914672864,0.0632740271005,0.0903914672864,0.0795985456715,0.0864188135244,0.0829753013692,0.0903914672864,0.0632740271005,0.0903914672864,0.082817262834,0.0973384612185,0.0827376920358
93,0.086755148705,0.0206816738139,0.0789379771432,0.113813220791,0.130792445583,0.035615463952,0.0181795723132,0.124756653775,0.053605367776,0.0331238711547,0.269884889909,0.0338537150841,1,0.3,10,1,3,1,20,0.0855144992987,0.0598601495091,0.0855144992987,0.0812392004776,0.0928288544341,0.0750219986125,0.0855144992987,0.0598601495091,0.0855144992987,0.0911915055742,0.106994672805,0.090945471884
94,0.0880636231457,0.0470238862513,0.0496486950693,0.266997014994,0.107420399958,0.016187761023,0.0453534984892,0.0161916250944,0.0165183777491,0.128826441138,0.0182530225624,0.199515654527,1,0.3,10,1,3,1,20,0.0842808789625,0.0589966152737,0.0842808789625,0.0817263678842,0.0902114338935,0.0766853961929,0.0842808789625,0.0589966152737,0.0842808789625,0.0934659065185,0.10961845898,0.0931756901332
95,0.0332283736085,0.100192768323,0.300635965401,0.0206607405354,0.0642721104347,0.0470864769667,0.120101654604,0.0713784167302,0.0896688556437,0.055934161349,0.0812539169644,0.0155865594388,1,0.3,10,1,3,1,20,0.0910548183924,0.0637383728747,0.0910548183924,0.0792538198585,0.0926874727462,0.0778660636577,0.0910548183924,0.0637383728747,0.0910548183924,0.081415177432,0.095719701074,0.0813617459129
96,0.0784423262194,0.264848118891,0.0276729373072,0.0844244064452,0.0183923085823,0.0253034617582,0.0955393861725,0.0564311678117,0.0269748612861,0.0109712112359,0.278362204917,0.0326376093728,1,0.3,10,1,3,1,20,0.0975125376502,0.0682587763551,0.0975125376502,0.0768576202239,0.0973430462046,0.0770016879527,0.0975125376502,0.0682587763551,0.0975125376502,0.0698424506123,0.0823716171327,0.0700158745628
97,0.0141340413403,0.102698939826,0.00189596922058,0.0118628132808,0.103568013645,0.0288650992905,0.0377243030726,0.11200312238,0.0169484792631,0.0849220155977,0.197380698274,0.28799650481,1,0.3,10,1,3,1,20,0.0777668580049,0.0544368006035,0.0777668580049,0.0841548405577,0.0848467454537,0.0781369362263,0.0777668580049,0.0544368006035,0.0777668580049,0.10516415762,0.123111506441,0.104644780475
98,0.042229753319,0.0120509983532,0.098866177307,0.0336230977293,0.00396730223736,0.0383074851382,0.153522928004,0.177788339891,0.090756913116,0.0919166823415,0.0790207249417,0.177949597622,1,0.3,10,1,3,1,20,0.0817269400795,0.0572088580556,0.0817269400795,0.0825805359708,0.0938618476177,0.0722658645633,0.0817269400795,0.0572088580556,0.0817269400795,0.0978404581162,0.114662603947,0.0974632133553
99,0.181079003815,0.00769530551607,0.0781438541067,0.104464715764,0.0445963164868,0.196054981964,0.0514408831137,0.0859112508502,0.17437026099,0.00338426018169,0.0558809279913,0.0169782392201,1,0.3,10,1,3,1,20,0.102804317147,0.0719630220026,0.102804317147,0.0750237131352,0.093542310395,0.0828964188741,0.102804317147,0.0719630220026,0.102804317147,0.0606397281004,0.0717591983264,0.0609953185774
100,0.050521809638,0.0920984455865,0.225959709584,0.054780889269,0.0850926986637,0.0414873786261,0.0787770778329,0.218835916053,0.0729262160743,0.00912258071416,0.0545247337188,0.0158725442395,1,0.3,10,1,3,1,20,0.0874727341649,0.0612309139154,0.0874727341649,0.0805604040777,0.0914314860619,0.0771954649653,0.0874727341649,0.0612309139154,0.0874727341649,0.0877856821591,0.103067134187,0.0876070640589
101,0.0613677547282,0.0748525034309,0.0224533576059,0.108463225729,0.00550771870761,0.0686078792315,0.29491140027,0.25135495849,0.036975911804,0.00789384895129,0.00976215831006,0.0578492827414,1,0.3,10,1,3,1,20,0.0905835924102,0.0634085146871,0.0905835924102,0.0793256724054,0.0983976498151,0.0726837236112,0.0905835924102,0.0634085146871,0.0905835924102,0.0820367825082,0.0964350122407,0.0819697604046
102,0.0522933944791,0.047659016823,0.0448325980842,0.0304572844832,0.241878294626,0.17288370943,0.00620680608213,0.00695963897009,0.171827976717,0.0126757966938,0.168812508122,0.0435129754893,1,0.3,10,1,3,1,20,0.0895993688336,0.0627195581835,0.0895993688336,0.0798101545704,0.0906821973305,0.078889750348,0.0895993688336,0.0627195581835,0.0895993688336,0.0840586716147,0.0987689915864,0.0839536428484
103,0.0845701806556,0.0376560266805,0.10574438714,0.254025831939,0.0289589459314,0.152851055945,0.0316439554158,0.0815004942857,0.0372693936037,0.0542993913142,0.0401805680971,0.0912997689924,1,0.3,10,1,3,1,20,0.0821906491811,0.0575334544268,0.0821906491811,0.082546378833,0.0860959790716,0.0792268484261,0.0821906491811,0.0575334544268,0.0821906491811,0.0973078523914,0.114050505784,0.0969429299161
104,0.0327838499883,0.159210740773,0.022661829709,0.13990609637,0.137252542781,0.0483944709906,0.0283682078293,0.103496869781,0.169285685456,0.0536077751738,0.058290238163,0.0467416929847,1,0.3,10,1,3,1,20,0.0755530847893,0.0528871593525,0.0755530847893,0.0849201294974,0.0865490147373,0.0755735890416,0.0755530847893,0.0528871593525,0.0755530847893,0.109009906715,0.127546325485,0.108414376662
105,0.0314530730781,0.208406318703,0.118749324477,0.219894343243,0.029903040073,0.00103197202328,0.102344923001,0.0475156601416,0.184688268901,0.00943756167539,0.0157664290338,0.0308090856499,1,0.3,10,1,3,1,20,0.0858372451325,0.0600860715928,0.0858372451325,0.0811825600241,0.089354221098,0.0781931304535,0.0858372451325,0.0600860715928,0.0858372451325,0.0907496913528,0.106486093706,0.0905131796501
106,0.022134983613,0.0964287402002,0.0259120559073,0.196304285383,0.0317279806599,0.161009122892,0.12709986423,0.0720609102087,0.0164885792583,0.024086831338,0.115150004581,0.111596641729,1,0.3,10,1,3,1,20,0.0879324316018,0.0615527021213,0.0879324316018,0.0802875010339,0.09777328822,0.0719227729084,0.0879324316018,0.0615527021213,0.0879324316018,0.0867404566367,0.101859919217,0.0865809313343
107,0.239274523251,0.01416319045,0.0333169933258,0.325879478389,0.0014771952961,0.0928442230453,0.0149294046072,0.0093000473426,0.156119770849,0.0633923246992,0.0287290664358,0.0205737823087,1,0.3,10,1,3,1,20,0.0877749571737,0.0614424700216,0.0877749571737,0.0804729423801,0.0901996839429,0.0784119246262,0.0877749571737,0.0614424700216,0.0877749571737,0.0872974792999,0.10250443298,0.0871287680329
108,0.230269086439,0.0144257091944,0.0781736975606,0.165461582742,0.0979919273308,0.0840482556531,0.00480429509492,0.0942357258628,0.118730549664,0.0339540315251,0.037519676741,0.0403854621917,1,0.3,10,1,3,1,20,0.0904879800834,0.0633415860584,0.0904879800834,0.0795789024049,0.0855386949826,0.0837857947405,0.0904879800834,0.0633415860584,0.0904879800834,0.0826792897581,0.0971795814398,0.0826026442239
109,0.102906115508,0.127597990069,0.0378923414319,0.0103013654111,0.0950423261903,0.0649066467468,0.037997448937,0.0774062691384,0.0599738052464,0.0849815550718,0.0774892263572,0.223504909892,1,0.3,10,1,3,1,20,0.0842454946482,0.0589718462538,0.0842454946482,0.0817683327685,0.0884922424136,0.078158597168,0.0842454946482,0.0589718462538,0.0842454946482,0.0935917102579,0.109764025022,0.0932994212691
110,0.0107194428632,0.0398966493265,0.145602171563,0.0908338578031,0.00189565063004,0.0443633201813,0.130757133719,0.116271662022,0.116659900615,0.118354796633,0.0952409009684,0.0894045136751,1,0.3,10,1,3,1,20,0.0826721612296,0.0578705128607,0.0826721612296,0.0823366765352,0.088265864328,0.0775820289016,0.0826721612296,0.0578705128607,0.0826721612296,0.0963777990519,0.11297727597,0.0960306845741
111,0.0781293134292,0.0511265223874,0.0205024144152,0.10826920598,0.0180623580521,0.145032273453,0.155377911837,0.12006267082,0.014962798946,0.0952339191911,0.103371275059,0.0898693364311,1,0.3,10,1,3,1,20,0.0919886657936,0.0643920660555,0.0919886657936,0.0789540178492,0.0906170564479,0.080119885793,0.0919886657936,0.0643920660555,0.0919886657936,0.0798427230731,0.093906768406,0.0798207531451
112,0.0388384167392,0.0868243953033,0.0379538044874,0.0426129408973,0.00419292580207,0.389389257607,0.0673768758331,0.150059573396,0.0656775801488,0.0189799637167,0.0147231277444,0.0833711383249,1,0.3,10,1,3,1,20,0.0865348833091,0.0605744183163,0.0865348833091,0.0808902025796,0.0918243778061,0.0763941322571,0.0865348833091,0.0605744183163,0.0865348833091,0.0894270018276,0.104959954411,0.0892159612495
113,0.0145088917869,0.110503568649,0.0258865061701,0.0213502977826,0.0980222177911,0.245127546191,0.0137004788301,0.107045844224,0.00162998790108,0.138699213618,0.222825582967,0.00069986408857,1,0.3,10,1,3,1,20,0.0900652188498,0.0630456531949,0.0900652188498,0.0795933573219,0.0935988756405,0.0765897490498,0.0900652188498,0.0630456531949,0.0900652188498,0.0831287593052,0.0976957172398,0.0830413596538
114,0.0527148046004,0.0782830885451,0.0582929856,0.0167813562351,0.0338095472574,0.00349503568902,0.267514808535,0.148730173,0.128468732977,0.00722836359461,0.142897289755,0.0617838142113,1,0.3,10,1,3,1,20,0.0822201587352,0.0575541111147,0.0822201587352,0.0825194271431,0.0870571500505,0.0784079845251,0.0822201587352,0.0575541111147,0.0822201587352,0.0972203448295,0.113949316909,0.0968569193726
115,0.00647057896124,0.0856813418982,0.0982679719626,0.0111396878166,0.15465824818,0.248933208435,0.111717251207,0.132468516563,0.0396422219715,0.0109122971067,0.0784050765075,0.0217035993909,1,0.3,10,1,3,1,20,0.0973804669708,0.0681663268795,0.0973804669708,0.0768769581706,0.0989904402789,0.0755084808586,0.0973804669708,0.0681663268795,0.0973804669708,0.0700149366723,0.0825700877716,0.0701845746059
116,0.0861186304755,0.123480928729,0.0822554299629,0.181122361115,0.152643914252,0.0112312391289,0.123336525357,0.0435891439269,0.10267978042,0.0264740008494,0.0654134340913,0.00165461169081,1,0.3,10,1,3,1,20,0.0882514347119,0.0617760042983,0.0882514347119,0.0804199733847,0.0832696801479,0.084654464764,0.0882514347119,0.0617760042983,0.0882514347119,0.0867115388348,0.101830592121,0.0865560033031
117,0.0103892241847,0.298115708994,0.0697930976586,0.0723041090185,0.078987809555,0.00701050772119,0.0709923012191,0.0265685068942,0.073361938792,0.00603266474715,0.116684715138,0.169759416077,1,0.3,10,1,3,1,20,0.0853759593775,0.0597631715643,0.0853759593775,0.0812317567238,0.0961856472183,0.0720435220591,0.0853759593775,0.0597631715643,0.0853759593775,0.0913124418752,0.107133217019,0.0910632344662
118,0.0272700237094,0.0772615664808,0.0458179304209,0.0722456603562,0.0973022889875,0.0999868788444,0.173208969021,0.0523919969176,0.113970574737,0.0692500310118,0.170620716007,0.000673363505331,1,0.3,10,1,3,1,20,0.0869577428375,0.0608704199863,0.0869577428375,0.0807517701975,0.0910441439182,0.0772783292789,0.0869577428375,0.0608704199863,0.0869577428375,0.0887091779478,0.104132306668,0.0885124606674
119,0.0805731869,0.0272944819434,0.0792074277866,0.0622370459394,0.0513181239795,0.237455601546,0.0933557863484,0.00177394658394,0.173713844919,0.11471208551,0.0685967039125,0.00976176463053,1,0.3,10,1,3,1,20,0.0931296393652,0.0651907475556,0.0931296393652,0.0785770095056,0.0887165306373,0.0823281519243,0.0931296393652,0.0651907475556,0.0931296393652,0.0778983251333,0.0916648271501,0.0779151030776
120,0.216665489005,0.0409823160886,0.0424060046232,0.0997770402114,0.119785031711,0.163656923455,0.00514993689409,0.076679364162,0.124735098136,0.00149230331867,0.0268975147211,0.0817729776738,1,0.3,10,1,3,1,20,0.092587702918,0.0648113920426,0.092587702918,0.0787141105754,0.0920843723919,0.0791419415226,0.092587702918,0.0648113920426,0.092587702918,0.0787310584783,0.09262428177,0.0787306395045
121,0.0634126654714,0.0539583341694,0.00839599961236,0.0171692294806,0.0857262238921,0.297938184741,0.014088291106,0.0946804237038,0.0655944424914,0.095925989861,0.138540724918,0.0645694905534,1,0.3,10,1,3,1,20,0.0864794240604,0.0605355968423,0.0864794240604,0.0808800845873,0.0935874153455,0.074838291995,0.0864794240604,0.0605355968423,0.0864794240604,0.0894599688743,0.104997486093,0.089247863179
122,0.161736024319,0.291236293174,0.104861397869,0.168040206789,0.00171453147066,0.020661094194,0.0302414765448,0.0322808865026,0.0850077586519,0.00533671741033,0.00759368485288,0.0912899282214,1,0.3,10,1,3,1,20,0.0854171875891,0.0597920313124,0.0854171875891,0.081333910553,0.0893166379461,0.0780193777496,0.0854171875891,0.0597920313124,0.0854171875891,0.0914926952572,0.107343008385,0.0912415571275
123,0.0148574379601,0.0747257629785,0.0487896144898,0.00168838021535,0.00148143258622,0.133626742462,0.293777388418,0.2135477749,0.0300691872993,0.0337378683746,0.10063070034,0.0530677099756,1,0.3,10,1,3,1,20,0.0811226861007,0.0567858802705,0.0811226861007,0.0829435900492,0.0852712429407,0.0794173167352,0.0811226861007,0.0567858802705,0.0811226861007,0.0992237429414,0.116260325616,0.0988212767737
124,0.0181162186807,0.216121687003,0.0500914894719,0.0448656693158,0.128940721121,0.00395884008134,0.0506435970577,0.0770567757329,0.0393841490392,0.0727733433709,0.0592178319316,0.238829677194,1,0.3,10,1,3,1,20,0.083455809343,0.0584190665401,0.083455809343,0.0819400860593,0.0950457558882,0.0720886314959,0.083455809343,0.0584190665401,0.083455809343,0.0947444941206,0.11109170918,0.0944279528033
125,0.0223929239066,0.00309553331393,0.118027022184,0.0460133988889,0.080737190317,0.0616958184073,0.0979492113003,0.00317055052315,0.348264107666,0.0313062873438,0.157336308556,0.0300116475923,1,0.3,10,1,3,1,20,0.101057938303,0.0707405568119,0.101057938303,0.0756124815384,0.0957629942006,0.0801131840252,0.101057938303,0.0707405568119,0.101057938303,0.063641186235,0.0752201552249,0.0639371319411
126,0.129593067787,0.0867428877069,0.0818564186365,0.00939285896466,0.12791445388,0.0260938041166,0.163162485114,0.165540600189,0.0163326943141,0.0261472198057,0.0615182068924,0.105705302593,1,0.3,10,1,3,1,20,0.0913121745853,0.0639185222097,0.0913121745853,0.0791815664992,0.0915079014002,0.0790151987066,0.0913121745853,0.0639185222097,0.0913121745853,0.0810042636783,0.0952461226784,0.0809592042766
127,0.0214735863002,0.212394747002,0.0424515983862,0.277833418663,0.143422220733,0.00895088658735,0.0633933840865,0.0160371735783,0.0520473102871,0.0460689176264,0.0307404063525,0.0851863503981,1,0.3,10,1,3,1,20,0.0891321231713,0.0623924862199,0.0891321231713,0.0799462261276,0.0925364855632,0.0770525180945,0.0891321231713,0.0623924862199,0.0891321231713,0.0848152937137,0.0996410872302,0.0846949241457
128,0.0837208293123,0.0854478172728,0.492389270179,0.0365707079661,0.0274498995604,0.0402262470981,0.0142532817803,0.0477335556914,0.00721513829571,0.0537928425923,0.0554980233522,0.0557023868997,1,0.3,10,1,3,1,20,0.0842416160789,0.0589691312552,0.0842416160789,0.0817867407125,0.0874927583149,0.0790232698119,0.0842416160789,0.0589691312552,0.0842416160789,0.0936353772295,0.1098146633,0.0933424638052
129,0.0568693976683,0.0791266262057,0.262770889944,0.0192884179504,0.0756065873511,0.096552038104,0.00148031137772,0.0494936757697,0.0637121234263,0.0490818319573,0.0933577842982,0.152660315947,1,0.3,10,1,3,1,20,0.0981878841186,0.068731518883,0.0981878841186,0.0766501724853,0.0952956655996,0.0791085582264,0.0981878841186,0.068731518883,0.0981878841186,0.0687255358626,0.0810840505869,0.0689214429989
130,0.168784745225,0.103770228454,0.0139061655435,0.0858560812805,0.0249537460239,0.0478366220627,0.223644299146,0.098773143779,0.0476434506488,0.0168604304073,0.0470695403198,0.12090154711,1,0.3,10,1,3,1,20,0.0909652386334,0.0636756670434,0.0909652386334,0.079314767035,0.0909954329891,0.0792891018327,0.0909652386334,0.0636756670434,0.0909652386334,0.0816356640139,0.0959744570318,0.081578288477
131,0.0155654878445,0.110968490705,0.0419543956489,0.0360727281003,0.042781250436,0.0189600927568,0.197323513972,0.0824944872494,0.179972720086,0.174388462117,0.0368924532674,0.0626259178171,1,0.3,10,1,3,1,20,0.0834511269583,0.0584157888708,0.0834511269583,0.0820129578482,0.0908641886978,0.0757118553695,0.0834511269583,0.0584157888708,0.0834511269583,0.0949068027433,0.111280059333,0.0945880504333
132,0.283575988748,0.0252353684431,0.00801522965469,0.0521571757904,0.0587300909016,0.12687994388,0.13230260872,0.0768959519852,0.102552715573,0.0730991562595,0.0229806586211,0.0375751114236,1,0.3,10,1,3,1,20,0.0904476542922,0.0633133580045,0.0904476542922,0.0795104297294,0.0904103693698,0.0795421219135,0.0904476542922,0.0633133580045,0.0904476542922,0.0825710215381,0.0970533644711,0.0824953598005
133,0.243211877536,0.0669058272164,0.0389474115861,0.0992250562563,0.108882893173,0.0128690503381,0.0378825891111,0.0696053633663,0.208939360832,0.00649122063078,0.047691760162,0.0593475897926,1,0.3,10,1,3,1,20,0.0796320713785,0.055742449965,0.0796320713785,0.0834195008396,0.0887308634246,0.0756855276004,0.0796320713785,0.055742449965,0.0796320713785,0.101728004454,0.119147523372,0.101275394866
134,0.112379706313,0.105803978844,0.00437630559568,0.0657680121153,0.289795926109,0.123230077201,0.049954888471,0.0017683501465,0.0232470433754,0.0426387731166,0.0248487890046,0.156188149708,1,0.3,10,1,3,1,20,0.0868719640679,0.0608103748475,0.0868719640679,0.0807776688353,0.0913306355933,0.0769877980388,0.0868719640679,0.0608103748475,0.0868719640679,0.0888500680975,0.104294715388,0.08865050808
135,0.125416842683,0.101533803569,0.116411179419,0.087697180778,0.213505755325,0.110484234323,0.0109223980062,9.55714392968e-05,0.0566824467632,0.00702679073871,0.0818158109984,0.0884079859556,1,0.3,10,1,3,1,20,0.0847335852256,0.059313509658,0.0847335852256,0.081544352599,0.0913621266678,0.0759100923732,0.0847335852256,0.059313509658,0.0847335852256,0.092624255637,0.108647466219,0.0923503462859
136,0.0338283644988,0.0291977661895,0.00457984757831,0.0260805694876,0.186145182722,0.262606288406,0.0464892354306,0.0685254691156,0.14227692877,0.0250762644725,0.0422033596507,0.132990723678,1,0.3,10,1,3,1,20,0.0791763777304,0.0554234644113,0.0791763777304,0.0835452491628,0.0909480580042,0.0735393209301,0.0791763777304,0.0554234644113,0.0791763777304,0.102450862407,0.119980578244,0.101983491507
137,0.0246556233851,0.0490507204073,0.0255093957271,0.172360365923,0.0587157069776,0.0284816894522,0.0413427770244,0.119721532166,0.178693879959,0.166380392363,0.0993797602792,0.0357081563348,1,0.3,10,1,3,1,20,0.0968151762763,0.0677706233934,0.0968151762763,0.0771693004595,0.0937321006083,0.0797899147773,0.0968151762763,0.0677706233934,0.0968151762763,0.0712066761493,0.0839459762775,0.0713540798359
138,0.0020985475648,0.288900905439,0.0521491022071,0.129276566838,0.0329816793297,0.0379472568471,0.00555124968498,0.0215887761726,0.146899155876,0.0113327928295,0.00976926826761,0.261504698944,1,0.3,10,1,3,1,20,0.0855954826064,0.0599168378245,0.0855954826064,0.081251517694,0.0903987512732,0.0771687393272,0.0855954826064,0.0599168378245,0.0855954826064,0.0911380488835,0.106933695539,0.0908936412083
139,0.207252888218,0.0572992092605,0.163421348424,0.0091207634868,0.0153840059401,0.158367094547,0.0265840997275,0.0121684159025,0.0698951414083,0.077851299366,0.115856477031,0.0867992566886,1,0.3,10,1,3,1,20,0.0857256396285,0.06000794774,0.0857256396285,0.0813206496165,0.083595263584,0.0831314692543,0.0857256396285,0.06000794774,0.0857256396285,0.0911588830935,0.106959611058,0.0909156693994
140,0.00237778850213,0.0180474344324,0.0193791984002,0.0792601370863,0.185582898567,0.125355639334,0.0634667432123,0.0107943990429,0.219567088985,0.088120889804,0.0752228907189,0.112824891915,1,0.3,10,1,3,1,20,0.0880916131549,0.0616641292085,0.0880916131549,0.0802383425896,0.0973061186898,0.072406012885,0.0880916131549,0.0616641292085,0.0880916131549,0.0864766283708,0.101555776448,0.0863224099806
141,0.0555405163761,0.0272979727219,0.0533104968482,0.00807487075905,0.2913203622,0.162825109171,0.0212345126849,0.0972995578305,0.0025949800521,0.157558969504,0.118902768793,0.00403988306065,1,0.3,10,1,3,1,20,0.0952487815507,0.0666741470855,0.0952487815507,0.0777195745483,0.0944208493801,0.0784233168933,0.0952487815507,0.0666741470855,0.0952487815507,0.073946802843,0.0871059653848,0.074040070577
142,0.0986500932124,0.142350105318,0.1827154502,0.041655207489,0.0653375144791,0.104626791804,0.0523848795132,0.0254475946567,0.0175024333425,0.00212161064462,0.150725126162,0.116483193179,1,0.3,10,1,3,1,20,0.0910986449877,0.0637690514914,0.0910986449877,0.079229376096,0.0931996211105,0.0774435463916,0.0910986449877,0.0637690514914,0.0910986449877,0.0813189340928,0.0956085618247,0.081267277551
143,0.00185153637472,0.147355708781,0.00774434416763,0.0313594201759,0.0893276819003,0.167521903227,0.109177306591,0.0730079979598,0.0329964946045,0.0111778559697,0.0101477362562,0.318332013992,1,0.3,10,1,3,1,20,0.0887710927928,0.0621397649549,0.0887710927928,0.0800515118295,0.0939606644255,0.0756403759417,0.0887710927928,0.0621397649549,0.0887710927928,0.0854002352476,0.1003153035,0.0852680079749
144,0.186630609949,0.0279594713136,0.0177455294479,0.0647427915788,0.0676745292406,0.0495653106031,0.0423403317591,0.150739172914,0.163347267923,0.0531260278383,0.0467737605881,0.129355196845,1,0.3,10,1,3,1,20,0.0863386978394,0.0604370884876,0.0863386978394,0.0810428287122,0.0869940198305,0.0804858050198,0.0863386978394,0.0604370884876,0.0863386978394,0.0899513130515,0.10556598111,0.0897310839433
145,0.146315747875,0.32639117892,0.00454592376817,0.0628543326392,0.0530545490578,0.0568884466053,0.00239455055747,0.0389131132276,0.0064391028894,0.0174711383473,0.26528670588,0.0194452102329,1,0.3,10,1,3,1,20,0.0849300567,0.05945103969,0.0849300567,0.0815226581595,0.0884959712924,0.078491630756,0.0849300567,0.05945103969,0.0849300567,0.0923829658581,0.10836998257,0.0921144851842
146,0.0160866330804,0.0388455795399,0.150902712879,0.0146127292445,0.00523443599262,0.0112272209624,0.0576099735434,0.0199213569946,0.0819496718645,0.0903957038709,0.490470296895,0.0227436851333,1,0.3,10,1,3,1,20,0.0883506766769,0.0618454736739,0.0883506766769,0.0802142507774,0.0932617204556,0.0760398635656,0.0883506766769,0.0618454736739,0.0883506766769,0.0861682356199,0.101201230014,0.086021045512
147,0.0176728409046,0.0567908197674,0.0112967623428,0.143175876916,0.118723155788,0.107711104252,0.0984437850008,0.0192256177873,0.205831037908,0.175820373991,0.0163605301164,0.0289480952256,1,0.3,10,1,3,1,20,0.103752717992,0.0726269025942,0.103752717992,0.074606931442,0.0980361889244,0.0794659811491,0.103752717992,0.0726269025942,0.103752717992,0.0587997619684,0.0696359239789,0.0591905353821
148,0.00581594567436,0.00807889734724,0.10413848195,0.110929223888,0.466577329252,0.00583176319293,0.0550138933522,0.0244738505614,0.112253528799,0.0847266277699,0.000785444409097,0.0213750138037,1,0.3,10,1,3,1,20,0.0929699296359,0.0650789507452,0.0929699296359,0.0786184301471,0.0896493233234,0.0814409455128,0.0929699296359,0.0650789507452,0.0929699296359,0.078145933143,0.0919501339674,0.0781576138723
149,0.0440152646236,0.106108959501,0.0218559108705,0.352969907858,0.0259185807014,0.0799529123132,0.160756071815,0.0657683896951,0.0563477020117,0.00634817708879,0.0447357788349,0.0352223446873,1,0.3,10,1,3,1,20,0.0933681249024,0.0653576874317,0.0933681249024,0.0784412678906,0.0916637230139,0.0798900094959,0.0933681249024,0.0653576874317,0.0933681249024,0.077368704954,0.0910532000933,0.0773952200793
150,0.10865159416,0.10969644246,0.0660161581582,0.109966650574,0.0541820915512,0.0628412946459,0.0734921246207,0.0676073386025,0.0911655033467,0.0413609621098,0.150038983283,0.0649808564875,1,0.3,10,1,3,1,20,0.102896509172,0.0720275564205,0.102896509172,0.0749735818865,0.0945440084666,0.0820732074862,0.102896509172,0.0720275564205,0.102896509172,0.0604400605204,0.0715286443841,0.0607993477265
151,0.246193274141,0.0176632344823,0.155800176716,0.000850635749329,0.103870456367,0.0515484271637,0.0282770400416,0.00467679059959,0.0220722239002,0.249253867704,0.0541646151739,0.0656292579611,1,0.3,10,1,3,1,20,0.0906389886563,0.0634472920594,0.0906389886563,0.0793898012913,0.0934635222239,0.0769889477589,0.0906389886563,0.0634472920594,0.0906389886563,0.082120744229,0.0965332139205,0.0820532318325
152,0.0469022061265,0.00630145160849,0.0993207309924,0.0136602493533,0.121358418267,0.0500004259838,0.00429541618768,0.0777242152963,0.0764932513907,0.224587985491,0.0498121908662,0.229543458436,1,0.3,10,1,3,1,20,0.0860289319472,0.060220252363,0.0860289319472,0.0811353690919,0.0880864750037,0.0793864574939,0.0860289319472,0.060220252363,0.0860289319472,0.0904579663149,0.106149999773,0.0902274998075
153,0.060765585845,0.0291833216643,0.00611490446916,0.00726163319169,0.115984724154,0.0857849422357,0.213409859904,0.0415333275429,0.0378108989922,0.0157567464455,0.043733830248,0.342660225308,1,0.3,10,1,3,1,20,0.0818136479697,0.0572695535788,0.0818136479697,0.0826004114711,0.0908671572629,0.074904928572,0.0818136479697,0.0572695535788,0.0818136479697,0.0977976929954,0.114614113871,0.0974219967906
154,0.125252907594,0.300546562441,0.00262591578238,0.123754285411,0.0364478600308,0.0119039522296,0.0106494956734,0.0611896196064,0.0117080173261,0.0602024563525,0.036295026613,0.219423900941,1,0.3,10,1,3,1,20,0.0850189507022,0.0595132654915,0.0850189507022,0.0814070859606,0.0934109522043,0.0742738846838,0.0850189507022,0.0595132654915,0.0850189507022,0.0920449623512,0.107978800545,0.0917819804633
155,0.0286454035056,0.133771242813,0.0812215576247,0.13680008959,0.18655845017,0.0250451576174,0.0564555634897,0.0571729238173,0.103986392979,0.0706371735088,0.0865940129211,0.0331120319635,1,0.3,10,1,3,1,20,0.0812480015122,0.0568736010585,0.0812480015122,0.0828655844899,0.0872121462089,0.0777960614977,0.0812480015122,0.0568736010585,0.0812480015122,0.098930996694,0.115922163753,0.0985338391903
156,0.0197420853283,0.18482434375,0.101860168466,0.22704483217,0.0252741639069,0.0293794773918,0.0619972123215,0.217538470619,0.0146567342704,0.0197090361663,0.0898115776971,0.00816189791168,1,0.3,10,1,3,1,20,0.086406968151,0.0604848777057,0.086406968151,0.0809411622351,0.0915268464342,0.0765892656944,0.086406968151,0.0604848777057,0.086406968151,0.0896637989651,0.105233134408,0.0894481642472
157,0.022151856027,0.0175257366554,0.11414410598,0.148521689948,0.0823180023519,0.00198136122769,0.0784540224837,0.0376206911966,0.227894078444,0.138238666751,0.0309793052292,0.100170483705,1,0.3,10,1,3,1,20,0.0869869114286,0.060890838,0.0869869114286,0.0807869200082,0.0883648675742,0.0796156572845,0.0869869114286,0.060890838,0.0869869114286,0.088756380217,0.104187488217,0.0885593649844
158,0.0570837122636,0.119234249109,0.226164304056,0.0432787913652,0.0236310828151,0.026722673418,0.0110658558307,0.119329359837,0.0272884713378,0.227400459695,0.0727611062923,0.0460399339791,1,0.3,10,1,3,1,20,0.0899931493441,0.0629952045409,0.0899931493441,0.0796077892191,0.0942699777978,0.0759724850335,0.0899931493441,0.0629952045409,0.0899931493441,0.0832312771019,0.0978137645348,0.0831416998546
159,0.0126392232424,0.262980607394,0.0101820349314,0.0121452839229,0.145304482628,0.098301510511,0.0807866882784,0.0851740567728,0.0362420075132,0.018717482786,0.0111239513038,0.226402670716,1,0.3,10,1,3,1,20,0.0881272696909,0.0616890887836,0.0881272696909,0.080279828763,0.0941179396892,0.0751877592645,0.0881272696909,0.0616890887836,0.0881272696909,0.0865311231564,0.10161950962,0.0863765831767
160,0.0683790954797,0.235174622966,0.0141581001317,0.0237332609608,0.0890633864676,0.0941308683454,0.17514393588,0.0105513483707,0.0981491365884,0.121413431814,0.0106431054579,0.0594597075377,1,0.3,10,1,3,1,20,0.0879085849318,0.0615360094523,0.0879085849318,0.0804388117548,0.0893883482618,0.0791810129243,0.0879085849318,0.0615360094523,0.0879085849318,0.0870914452269,0.102267039568,0.0869269836327
161,0.312815048437,0.00602166582115,0.0103040911552,0.0715339024217,0.0381374829018,0.0874934301923,0.0126495624714,0.0703037445324,0.115636488194,0.053603902883,0.215167106996,0.00633357399416,1,0.3,10,1,3,1,20,0.0804828311279,0.0563379817896,0.0804828311279,0.083123849355,0.0881676373694,0.0765917640498,0.0804828311279,0.0563379817896,0.0804828311279,0.100246720578,0.11743931922,0.099823421337
162,0.00161977603706,0.0904642337101,0.0494931498938,0.0864138024429,0.0179698350115,0.139219169689,0.00639869583345,0.0307445345083,0.185608313012,0.0936718759085,0.0892916027561,0.209105011198,1,0.3,10,1,3,1,20,0.0827132607363,0.0578992825154,0.0827132607363,0.0822747980047,0.0910342750318,0.0752019358535,0.0827132607363,0.0578992825154,0.0827132607363,0.0962032535917,0.112775205158,0.0958589243842
163,0.178716521313,0.0239242776291,0.0308526833184,0.0383901612508,0.194236927964,0.0721354260991,0.0392332825739,0.0051320164101,0.312030861521,0.0425416254347,0.0171184208083,0.0456877956773,1,0.3,10,1,3,1,20,0.0830430286897,0.0581301200828,0.0830430286897,0.0820897098531,0.0949562431212,0.0719634775864,0.0830430286897,0.0581301200828,0.0830430286897,0.0954765635384,0.111936027555,0.0951456234215
164,0.025629573053,0.0222295303305,0.00134883536597,0.150127664465,0.0148974242049,0.208263589688,0.0860260520841,0.0603253830276,0.157486757125,0.0817702380498,0.160868101254,0.0310268513517,1,0.3,10,1,3,1,20,0.0878863581564,0.0615204507095,0.0878863581564,0.0805359726791,0.0841498473066,0.0837120069014,0.0878863581564,0.0615204507095,0.0878863581564,0.0873236644303,0.102536310615,0.087155864023
165,0.148066251338,0.0858278161512,0.102365388288,0.00140845361566,0.0604320238615,0.118551517716,0.0881094343766,0.0257170231515,0.250065355783,0.0171946638828,0.0123444044183,0.0899176674171,1,0.3,10,1,3,1,20,0.0864326383296,0.0605028468307,0.0864326383296,0.0809548538262,0.0901816786279,0.0777681695726,0.0864326383296,0.0605028468307,0.0864326383296,0.0896680314694,0.105238388932,0.0894526305922
166,0.0722674657449,0.0582411045613,0.0266008021012,0.0315721990685,0.223666883444,0.131579513661,0.0287736069666,0.0160908827016,0.0877200399965,0.115773929665,0.0699198293492,0.13779374274,1,0.3,10,1,3,1,20,0.0899553268801,0.062968728816,0.0899553268801,0.0796931523372,0.0900531016552,0.0796100437783,0.0899553268801,0.062968728816,0.0899553268801,0.0834533958724,0.0980711033538,0.0833604378508
167,0.0874380937267,0.0107659928404,0.0550639569822,0.174903340888,0.0749066467674,0.00311601488555,0.0472024899657,0.00744138127937,0.119286471379,0.267696060831,0.146517574686,0.00566197576921,1,0.3,10,1,3,1,20,0.0864476942022,0.0605133859415,0.0864476942022,0.0808683086156,0.0949477670035,0.0736432467346,0.0864476942022,0.0605133859415,0.0864476942022,0.0894658755,0.105003920786,0.0892533326683
168,0.115925833344,0.0279475942426,0.0138526868955,0.0394970797375,0.0971950191827,0.0122954616616,0.00100879852507,0.107510270975,0.298835207895,0.0194544043605,0.0428727382275,0.223604904953,1,0.3,10,1,3,1,20,0.0814944530602,0.0570461171421,0.0814944530602,0.0826964640809,0.0919520217381,0.0738075307047,0.0814944530602,0.0570461171421,0.0814944530602,0.0983212729925,0.115217656194,0.0979350077648
169,0.0136992184309,0.0296019828949,0.015274493002,0.127125871125,0.168167553965,0.00840410693671,0.0495900335192,0.0567176312171,0.123391756973,0.0385907161219,0.16339796552,0.206038670294,1,0.3,10,1,3,1,20,0.0804996215921,0.0563497351145,0.0804996215921,0.0830809606872,0.0903329330917,0.0747226459125,0.0804996215921,0.0563497351145,0.0804996215921,0.100137310909,0.11731253665,0.0997156561523
170,0.104713308637,0.0862241329605,0.0788102922607,0.0394088069087,0.0605403587088,0.0530641612007,0.184174861206,0.0518032679369,0.0962689678114,0.00305942092602,0.130407257509,0.111525163934,1,0.3,10,1,3,1,20,0.0965550123911,0.0675885086738,0.0965550123911,0.0773823463967,0.0867011596412,0.0857581212341,0.0965550123911,0.0675885086738,0.0965550123911,0.0719250081705,0.0847763771058,0.0720599205399
171,0.0886993693355,0.00923225810844,0.164943182806,0.00342408130436,0.0333826906677,0.044575075005,0.0517057472525,0.189636946069,0.0864857057391,0.17929697691,0.0301728129572,0.118445153846,1,0.3,10,1,3,1,20,0.0943423068855,0.0660396148199,0.0943423068855,0.0780719388944,0.0928270818828,0.0793598801467,0.0943423068855,0.0660396148199,0.0943423068855,0.0756059123928,0.0890198537845,0.0756668757168
172,0.0930392272257,0.216838871861,0.0932947580148,0.0614235356565,0.203432342358,0.0363650177467,0.0837741118669,0.0160658819822,0.0148786301602,0.0707567330004,0.0915716530944,0.0185592370322,1,0.3,10,1,3,1,20,0.0929578745384,0.0650705121769,0.0929578745384,0.0785636889786,0.0931186824758,0.0784270022319,0.0929578745384,0.0650705121769,0.0929578745384,0.0780394113828,0.0918263202288,0.0780523721945
173,0.13654466273,0.143395084546,0.0836155428931,0.0597409712674,0.103991021053,0.0713824080584,0.0779388777965,0.0178361773649,0.0871041744054,0.0843193694737,0.0556751972256,0.0784565131866,1,0.3,10,1,3,1,20,0.0890924562667,0.0623647193867,0.0890924562667,0.0799914193893,0.0907179208199,0.078609774519,0.0890924562667,0.0623647193867,0.0890924562667,0.0849523191872,0.0997996228348,0.0848296794096
174,0.0228217123372,0.0127783392887,0.417618235435,0.0124343758606,0.0808399913814,0.0610063362746,0.262859465805,0.0191068075948,0.063832188852,0.012696149768,0.0226500033274,0.0113563940748,1,0.3,10,1,3,1,20,0.0923105489439,0.0646173842607,0.0923105489439,0.0788364766571,0.090737707203,0.0801733921369,0.0923105489439,0.0646173842607,0.0923105489439,0.0792699878171,0.0932462010208,0.0792592708677
175,0.0781155328802,0.0184842051342,0.389782721903,0.029264248504,0.0803792186674,0.00972352752288,0.0451795712526,0.189709953383,0.090730011941,0.0142182292748,0.0110466476547,0.0433661318815,1,0.3,10,1,3,1,20,0.0887627169563,0.0621339018694,0.0887627169563,0.0800779961364,0.0925815768063,0.0768319652639,0.0887627169563,0.0621339018694,0.0887627169563,0.0854658261725,0.100391331923,0.0853326321343
176,0.00411541803576,0.012064027651,0.0303393358016,0.211775338141,0.0377867556258,0.213467341237,0.00404145868307,0.0244626628609,0.0472759280615,0.179109840143,0.037182175502,0.198379718258,1,0.3,10,1,3,1,20,0.0890313903133,0.0623219732193,0.0890313903133,0.0799863616361,0.0923018919245,0.0772064352666,0.0890313903133,0.0623219732193,0.0890313903133,0.0850017814766,0.0998562281105,0.0848777938939
177,0.10628394809,0.101680275058,0.0569323196259,0.0685926469979,0.0455029699362,0.244896740972,0.0871773300942,0.0909045170086,0.00248155983478,0.0129770121832,0.0400824180013,0.142488262198,1,0.3,10,1,3,1,20,0.0852301775306,0.0596611242714,0.0852301775306,0.0813379185987,0.093022243841,0.0747146622349,0.0852301775306,0.0596611242714,0.0852301775306,0.0916863568087,0.10756532965,0.0914305302021
178,0.0340488394325,0.24143623679,0.106593346431,0.00108110746492,0.0116528359223,0.0219646917191,0.1162722984,0.0502250776684,0.137740056987,0.043791431837,0.0068465351092,0.228347542238,1,0.3,10,1,3,1,20,0.0822957268645,0.0576070088052,0.0822957268645,0.082324950149,0.0968875602154,0.0699218918008,0.0822957268645,0.0576070088052,0.0822957268645,0.0967247923901,0.113375070474,0.0963688099026
179,0.0621745657647,0.0209178904545,0.0144592790085,0.13438925449,0.00272356311564,0.103296040243,0.207130894662,0.0287080439689,0.0475960447165,0.185477465672,0.153989789494,0.0391371684123,1,0.3,10,1,3,1,20,0.0839668508656,0.0587767956059,0.0839668508656,0.0817521346919,0.0953157646473,0.0721055579775,0.0839668508656,0.0587767956059,0.0839668508656,0.0938322941468,0.110039596682,0.0935336571798
180,0.00713563962385,0.137525939024,0.222077302801,0.084716418493,0.0957645692884,0.0296221728362,0.0552322277442,0.0994649972165,0.00553773249611,0.00292529874454,0.255165088808,0.00483261292444,1,0.3,10,1,3,1,20,0.096220658843,0.0673544611901,0.096220658843,0.0773592291417,0.0951051112326,0.0783074446106,0.096220658843,0.0673544611901,0.096220658843,0.0722057283712,0.0850977994009,0.0723331294908
181,0.0244480197914,0.0432958453,0.0874966216825,0.110858988736,0.232397955027,0.175526077847,0.00203627843868,0.00844119667236,0.120680693486,0.00121403426322,0.0966264542366,0.0969778345181,1,0.3,10,1,3,1,20,0.0916051595365,0.0641236116756,0.0916051595365,0.0790642449234,0.0922246494268,0.0785376785166,0.0916051595365,0.0641236116756,0.0916051595365,0.0804605895261,0.0946189060053,0.0804260701045
182,0.201794135651,0.0390338684239,0.15513958652,0.0300518533207,0.0523288127282,0.0419655284131,0.0676233036172,0.000938787040132,0.0832346335398,0.186339153387,0.0654512499519,0.0760990874076,1,0.3,10,1,3,1,20,0.0893893110963,0.0625725177674,0.0893893110963,0.0798512106533,0.0926974301529,0.0770393094552,0.0893893110963,0.0625725177674,0.0893893110963,0.0843552947253,0.0991105270774,0.0842439480158
183,0.0317632747804,0.0434705911516,0.13775944808,0.185639883064,0.0475811952399,0.120342054842,0.000490084883916,0.0912680601061,0.219683295998,0.00917530665685,0.0918776824182,0.0209491227794,1,0.3,10,1,3,1,20,0.0783140045504,0.0548198031853,0.0783140045504,0.0838185039418,0.0930715309051,0.0712746065403,0.0783140045504,0.0548198031853,0.0783140045504,0.103895173185,0.121645708571,0.103398852285
184,0.0206584323466,0.0767605796872,0.0208323512896,0.0723733611885,0.0238704976809,0.0452263573487,0.198055271723,0.0606916935969,0.160365693448,0.0785220532541,0.078477199324,0.164166509112,1,0.3,10,1,3,1,20,0.089020366152,0.0623142563064,0.089020366152,0.0800978238905,0.085987296675,0.082675932946,0.089020366152,0.0623142563064,0.089020366152,0.0852538637302,0.100148705696,0.0851263998416
185,0.110728429889,0.076020003417,0.172629130891,0.154760729764,0.0249869279044,0.0523411505683,0.0727014579571,0.109174776657,0.0857641114358,0.0166016763191,0.00527702671931,0.119014578478,1,0.3,10,1,3,1,20,0.0876918694098,0.0613843085869,0.0876918694098,0.0803969767107,0.0964126316246,0.0729843288281,0.0876918694098,0.0613843085869,0.0876918694098,0.0872152979231,0.102407929784,0.0870467403164
186,0.0595107839481,0.275015016567,0.174239442732,0.0764992787805,0.00510822895826,0.0110134149431,0.241274971606,0.0274167518868,0.0924634965532,0.0159220186937,0.00733595330951,0.0142006420212,1,0.3,10,1,3,1,20,0.0859355845855,0.0601549092098,0.0859355845855,0.0811039196039,0.0919009017021,0.0760334000547,0.0859355845855,0.0601549092098,0.0859355845855,0.0904822558607,0.106176954604,0.0902504114132
187,0.0325622553471,0.0306120191192,0.095322196346,0.02866848177,0.283263314709,0.164548213933,0.00988462873027,0.0610135313552,0.00979820389137,0.102399511678,0.10358446624,0.078343176881,1,0.3,10,1,3,1,20,0.088281667171,0.0617971670197,0.088281667171,0.0802813217378,0.090776495526,0.078160717636,0.088281667171,0.0617971670197,0.088281667171,0.0863816246232,0.101448020407,0.0862308173464
188,0.0444171346212,0.108215575413,0.101930040284,0.257682111201,0.00999720234082,0.0519523381845,0.0207487576525,0.107524992519,0.0112888314018,0.0449967265556,0.0711409850387,0.170105304789,1,0.3,10,1,3,1,20,0.0945001717147,0.0661501202003,0.0945001717147,0.077969668432,0.0955072816544,0.0771136249833,0.0945001717147,0.0661501202003,0.0945001717147,0.0752284651242,0.0885838013767,0.0752962311702
189,0.0638840666294,0.0812350768103,0.0821296640938,0.0316698814767,0.125571775418,0.0565208303897,0.0116258243613,0.232260721366,0.125048020535,0.0683637738113,0.0729837000292,0.0487066650798,1,0.3,10,1,3,1,20,0.0819874805675,0.0573912363972,0.0819874805675,0.0826470738505,0.0844630415177,0.0805428470429,0.0819874805675,0.0573912363972,0.0819874805675,0.0977267049849,0.114534020292,0.097353917248
190,0.0101924834779,0.0985387586782,0.086359872949,0.039814485044,0.124520247792,0.131468115966,0.0392866497838,0.190118700137,0.00885095319151,0.119629984622,0.132135196335,0.0190845520236,1,0.3,10,1,3,1,20,0.0850368680891,0.0595258076624,0.0850368680891,0.0813468292114,0.0965726418336,0.0715414215286,0.0850368680891,0.0595258076624,0.0850368680891,0.0918968576315,0.107807114656,0.0916360474576
191,0.0097574564823,0.0323647763637,0.0494564765086,0.0413842284987,0.0656741152413,0.203145835007,0.153316152519,0.101543580114,0.0440116544099,0.0488418898908,0.201547895114,0.0489559398512,1,0.3,10,1,3,1,20,0.0900854035372,0.0630597824761,0.0900854035372,0.0796900059709,0.0874966905094,0.0818904120446,0.0900854035372,0.0630597824761,0.0900854035372,0.0833179169304,0.0979155651047,0.083228230339
192,0.175777763921,0.24573533244,0.134607293244,0.0507428348797,0.0584061635085,0.0286693432269,0.144640078438,0.0496336057316,0.00993581422211,0.0172528157483,0.00608894935984,0.0785100052798,1,0.3,10,1,3,1,20,0.0951353658068,0.0665947560647,0.0951353658068,0.0778826358377,0.0872332873439,0.0845994025311,0.0951353658068,0.0665947560647,0.0951353658068,0.0744118179438,0.087644259993,0.074497620994
193,0.00585000059498,0.0348992511436,0.276795469741,0.170882543596,0.0766799644887,0.0212284477844,0.0124307315455,0.111949368108,0.131579434464,0.110945315869,0.0393353459114,0.00742412675228,1,0.3,10,1,3,1,20,0.0876490600853,0.0613543420597,0.0876490600853,0.0804612115118,0.093541854002,0.0754523366826,0.0876490600853,0.0613543420597,0.0876490600853,0.0873966331207,0.10261785958,0.0872251806427
194,0.0487819634973,0.108478834857,0.003959505854,0.0873127602205,0.110040641019,0.0745773245009,0.064987167787,0.133610497283,0.0774137761635,0.100383865333,0.0745122759072,0.115941387578,1,0.3,10,1,3,1,20,0.0912798804965,0.0638959163476,0.0912798804965,0.0792440054017,0.0885210121355,0.0815890435086,0.0912798804965,0.0638959163476,0.0912798804965,0.0811713113859,0.0954396069659,0.081123665921
195,0.250466784995,0.113091394599,0.0174245649049,0.0363363281566,0.108680606088,0.0337500244174,0.027712234166,0.0302868346397,0.0458653711986,0.000261742768203,0.190714547997,0.145409566069,1,0.3,10,1,3,1,20,0.0854259961049,0.0597981972735,0.0854259961049,0.0813528127128,0.0880207593395,0.0791472639634,0.0854259961049,0.0597981972735,0.0854259961049,0.0915248816108,0.107380488328,0.0912734150788
196,0.0293194026071,0.114890797349,0.0417061483017,0.412840424451,0.0399242443583,0.0620718178971,0.0919004065777,0.0546267750888,0.109039455261,0.0282287247953,0.00345116930346,0.0120006340094,1,0.3,10,1,3,1,20,0.0844343324995,0.0591040327497,0.0844343324995,0.0816045530314,0.0941325682373,0.0733610526543,0.0844343324995,0.0591040327497,0.0844343324995,0.0930505335603,0.109138322713,0.0927675743062
197,0.0518996545068,0.00498833431871,0.00455905260826,0.0417053073977,0.311277735649,0.0668793322401,0.0313220806835,0.0272793660495,0.338883318719,0.0418438570595,0.00502982074326,0.0743321400247,1,0.3,10,1,3,1,20,0.0823382217452,0.0576367552217,0.0823382217452,0.0824199614491,0.0904113854049,0.0755577723384,0.0823382217452,0.0576367552217,0.0823382217452,0.0968883380944,0.11356548394,0.096530661349
198,0.0692578842013,0.0792511923166,0.032320345125,0.0766202530029,0.0136693907632,0.0164636184692,0.10983349751,0.167608033702,0.158036580744,0.190985740807,0.0650821502122,0.0208713131462,1,0.3,10,1,3,1,20,0.0858342194813,0.0600839536369,0.0858342194813,0.0811221705609,0.0929650566937,0.0750609589303,0.0858342194813,0.0600839536369,0.0858342194813,0.0906220161871,0.106337844556,0.0903871678728
199,0.0375570269153,0.139064324431,0.0226655468417,0.0327834260741,0.0992119098986,0.345238963042,0.125231889171,0.0299274341507,0.0679376227637,0.0448607348226,0.0337882404832,0.0217328814056,1,0.3,10,1,3,1,20,0.084189431279,0.0589326018953,0.084189431279,0.0817381002645,0.0914494697011,0.0755670676057,0.084189431279,0.0589326018953,0.084189431279,0.0935817519823,0.109751719751,0.0932889617886
200,0.0539874827856,0.249131296477,0.0155396348317,0.0665572167978,0.0131319229346,0.135308102963,0.0155149790203,0.137067170617,0.0728696944651,0.174768980291,0.0342390887643,0.0318844300527,1,0.3,10,1,3,1,20,0.0850656029961,0.0595459220973,0.0850656029961,0.0815020443598,0.0868502718451,0.0799850758381,0.0850656029961,0.0595459220973,0.0850656029961,0.0922042811051,0.108164362526,0.091939708147
201,0.114423793116,0.0088926740822,0.0482265089475,0.00657301611174,0.00782770760463,0.0579377384106,0.0327474885397,0.370814553069,0.0401027173863,0.118323357218,0.0925330894364,0.101597356078,1,0.3,10,1,3,1,20,0.110902822724,0.0776319759065,0.110902822724,0.071879852416,0.107535263097,0.0747422780987,0.110902822724,0.0776319759065,0.110902822724,0.0458261894325,0.0546709049994,0.0464702692495
202,0.0749961962653,0.0597583764617,0.0913841922406,0.0388518029707,0.140360978806,0.00847655523689,0.0496554909756,0.127180042532,0.0708778514249,0.00317954776302,0.0328906105511,0.302388354772,1,0.3,10,1,3,1,20,0.0947331644017,0.0663132150812,0.0947331644017,0.0779455029946,0.0920166212075,0.0802545647097,0.0947331644017,0.0663132150812,0.0947331644017,0.0749457021642,0.0882586600838,0.0750198610712
203,0.0947604510807,0.058646416663,0.128915735083,0.0492843852895,0.0404273841308,0.0785928323124,0.0507021198349,0.094176081474,0.0403755512015,0.0745982805996,0.265056869352,0.0244638929785,1,0.3,10,1,3,1,20,0.0881733057271,0.061721314009,0.0881733057271,0.0803301670701,0.0901910800061,0.078615058933,0.0881733057271,0.061721314009,0.0881733057271,0.0865945044745,0.101693696535,0.0864396420549
204,0.00595466453384,0.163730297095,0.214358341857,0.100072897663,0.0454097158923,0.00109714517792,0.0812621386749,0.147400583819,0.10834636157,0.0230104726937,0.0942908841655,0.0150664968584,1,0.3,10,1,3,1,20,0.0890642009929,0.062344940695,0.0890642009929,0.0799864100505,0.091607600353,0.0778245205944,0.0890642009929,0.062344940695,0.0890642009929,0.0849694301258,0.0998191100079,0.0848462435067
205,0.00846065282525,0.130289751798,0.0446467682217,0.102856872204,0.0133559049469,0.0036908845133,0.0736879269245,0.115295400988,0.042757813269,0.24123900278,0.0746145817551,0.149104439773,1,0.3,10,1,3,1,20,0.0837777110184,0.0586443977129,0.0837777110184,0.0820844530287,0.0797824140521,0.08548045545,0.0837777110184,0.0586443977129,0.0837777110184,0.0947384461405,0.111088968556,0.0944256232729
206,0.0412790410113,0.0227170166089,0.161972064503,0.0525341678739,0.0289558607096,0.154513432006,0.0501001710004,0.195113161562,0.0213484944632,0.222969345861,0.0340238529674,0.0144733914339,1,0.3,10,1,3,1,20,0.0853989134284,0.0597792393999,0.0853989134284,0.0812601900186,0.0940318407586,0.073922201788,0.0853989134284,0.0597792393999,0.0853989134284,0.0913512586186,0.107178581785,0.0911017945175
207,0.179430015612,0.258912539478,0.012460089477,0.0181353355653,0.0921603825153,0.012697297954,0.131585495747,0.048284835031,0.0576119433126,0.0839318480189,0.0079055261127,0.0968846911765,1,0.3,10,1,3,1,20,0.0899148043352,0.0629403630346,0.0899148043352,0.0796930971763,0.0909103083157,0.0788469187928,0.0899148043352,0.0629403630346,0.0899148043352,0.0834933611514,0.0981169573804,0.0833994137733
208,0.000443313345178,0.00396059621778,0.095009042418,0.119114720974,0.0356777092506,0.068478634597,0.0641904678785,0.0855217013977,0.0697300958703,0.0758063538752,0.182700685261,0.199366678915,1,0.3,10,1,3,1,20,0.0873406631996,0.0611384642397,0.0873406631996,0.0806448065116,0.0892572175888,0.0790157352807,0.0873406631996,0.0611384642397,0.0873406631996,0.0880989522374,0.103429030867,0.0879146762369
209,0.06080621682,0.0806699965792,0.0666923014709,0.0685469541168,0.0218535756436,0.0174545042192,0.406851771119,0.071521209036,0.0143236502602,0.00719258642124,0.180592458162,0.00349477615191,1,0.3,10,1,3,1,20,0.0874863568323,0.0612404497826,0.0874863568323,0.0805596747901,0.0911872396823,0.0774139243676,0.0874863568323,0.0612404497826,0.0874863568323,0.0877706287053,0.103049840843,0.0875923647168
210,0.0280156521938,0.0197003949324,0.314666622368,0.015320280093,0.0723670020604,0.024246467088,0.0811578551897,0.151131846589,0.00139815187789,0.220033203214,0.0634726241165,0.00848990027685,1,0.3,10,1,3,1,20,0.0789383934289,0.0552568754002,0.0789383934289,0.0836952802443,0.0871509875818,0.0767145752143,0.0789383934289,0.0552568754002,0.0789383934289,0.1030109057,0.12062752797,0.102533398774
211,0.100474909853,0.0235297867123,0.0606314038124,0.210292677788,0.174636917118,0.0791201137481,0.178780731259,0.0326941066668,0.0645037878912,0.0165528270886,0.0467424367164,0.012040301346,1,0.3,10,1,3,1,20,0.0925933254463,0.0648153278124,0.0925933254463,0.0787170413999,0.0917937372309,0.079396691383,0.0925933254463,0.0648153278124,0.0925933254463,0.0787318383024,0.0926252617695,0.0787314725041
212,0.0405861537771,0.00702709989079,0.24168003429,0.0199895168497,0.248015152254,0.0952746489198,0.0024231973095,0.0438359282203,0.0878403849649,0.0197510976715,0.0691738416813,0.12440294417,1,0.3,10,1,3,1,20,0.0891826383585,0.062427846851,0.0891826383585,0.0798859350089,0.0950132322599,0.0749299301927,0.0891826383585,0.062427846851,0.0891826383585,0.0846348690979,0.0994323169215,0.0845174693832
213,0.0421530558644,0.0217293049961,0.00449050458926,0.101994484599,0.363821903791,0.0498268336173,0.0619652978241,0.140732779122,0.113436712578,0.0619542132293,0.01795379421,0.0199411155793,1,0.3,10,1,3,1,20,0.0877200654461,0.0614040458122,0.0877200654461,0.0805314393531,0.0879205499411,0.0803610275324,0.0877200654461,0.0614040458122,0.0877200654461,0.0874783510655,0.102713664162,0.0873066145374
214,0.294555119779,0.0505292378617,0.103931594778,0.0438723644665,0.149676545468,0.13665068393,0.0558872685146,0.0459349820063,0.0321532190929,0.0397940645646,0.0234369557049,0.0235779638332,1,0.3,10,1,3,1,20,0.102058119256,0.0714406834795,0.102058119256,0.0752078905484,0.0984496248415,0.078275110801,0.102058119256,0.0714406834795,0.102058119256,0.0617763772805,0.073068731105,0.0621084214392
215,0.0257785501255,0.0497874973192,0.0450179307011,0.0795694795403,0.115161563034,0.0558652242952,0.266060649009,0.064285752315,0.0872609131264,0.0828629813904,0.0286475924858,0.0997018666583,1,0.3,10,1,3,1,20,0.0958488587367,0.0670942011157,0.0958488587367,0.0774414785828,0.0981093221763,0.0755200846591,0.0958488587367,0.0670942011157,0.0958488587367,0.0727514783795,0.0857263778508,0.0728674211732
216,1.99557891196e-05,0.0532097221694,0.00460685137865,0.0749050011967,0.0230578806514,0.102229487231,0.0498103879265,0.00788933689933,0.0678402557656,0.0748978348932,0.209673577169,0.331859708929,1,0.3,10,1,3,1,20,0.0824068721112,0.0576848104779,0.0824068721112,0.0824078338364,0.0896769918411,0.076228232066,0.0824068721112,0.0576848104779,0.0824068721112,0.0967941883996,0.113457105112,0.0964385393448
217,0.0549894460109,0.0214824200303,0.0110390407831,0.114037443957,0.0305566261268,0.27529385309,0.0265296536836,0.163245101749,0.0100804867909,0.21314118739,0.0240096915663,0.0555950488217,1,0.3,10,1,3,1,20,0.0966487673094,0.0676541371166,0.0966487673094,0.0773266288885,0.0879980395614,0.0846797474744,0.0966487673094,0.0676541371166,0.0966487673094,0.0717117072797,0.0845300180136,0.0718505153116
218,0.0380345865984,0.202171896668,0.0190432017912,0.21597666842,0.0132078202753,0.17124599043,0.0353436725468,0.0340033713953,0.212018050476,0.0187301687206,0.00421390525134,0.0360106674272,1,0.3,10,1,3,1,20,0.0980713489081,0.0686499442357,0.0980713489081,0.0767387243728,0.0925502737917,0.0814316382217,0.0980713489081,0.0686499442357,0.0980713489081,0.0690324164839,0.0814387367707,0.0692229262551
219,0.228273920211,0.0678447548315,0.195644732823,0.0504584053805,0.0275237554045,0.0464852088658,0.051176731869,0.159990219947,0.0353196197785,0.0773936201492,0.027669810563,0.0322192201772,1,0.3,10,1,3,1,20,0.104247276548,0.0729730935837,0.104247276548,0.0744598147738,0.096255064981,0.0812531946059,0.104247276548,0.0729730935837,0.104247276548,0.0579922231995,0.0687050859891,0.0583993230908
220,0.0300505269216,0.104739501562,0.0346631286751,0.0189360570108,0.0684818218885,0.0402821366781,0.291337364464,0.0998723858801,0.0253941127289,0.139171116652,0.0755471313763,0.0715247161626,1,0.3,10,1,3,1,20,0.0827666555945,0.0579366589161,0.0827666555945,0.0822717583997,0.0900875750746,0.0760489768416,0.0827666555945,0.0579366589161,0.0827666555945,0.0961438587842,0.11270696794,0.0958009227494
221,0.0282016207057,0.0787343932444,0.14420187424,0.00168249833289,0.0138728961725,0.0252244070579,0.148877227649,0.0644815501001,0.290489332984,0.103430642028,0.0696073388986,0.0311962185872,1,0.3,10,1,3,1,20,0.0840534711316,0.0588374297921,0.0840534711316,0.0818343991665,0.0886584029146,0.0779202071509,0.0840534711316,0.0588374297921,0.0840534711316,0.0939246102791,0.110147911556,0.0936257248224
222,0.0316644246644,0.302031194985,0.0323654491804,0.0478588453978,0.0169521737483,0.0920136838205,0.0141509583483,0.186419505441,0.119342435808,0.0257231662467,0.0700547125332,0.0614234498259,1,0.3,10,1,3,1,20,0.0823080874828,0.0576156612379,0.0823080874828,0.0824332886191,0.0902636378013,0.0756710708483,0.0823080874828,0.0576156612379,0.0823080874828,0.0969469834643,0.113633160465,0.0965881863952
223,0.0517390323418,0.0615782805815,0.0181509753691,0.119052334881,0.0602574468368,0.162579253651,0.0874723925467,0.133006085856,0.103682402686,0.027179720056,0.0856965050021,0.0896055701917,1,0.3,10,1,3,1,20,0.0809409878338,0.0566586914837,0.0809409878338,0.0830119462571,0.08508531479,0.0794892683443,0.0809409878338,0.0566586914837,0.0809409878338,0.0995513838861,0.116638244551,0.0991425078686
224,0.242613251457,0.0140150415406,0.218673940869,0.00902022516735,0.205728725448,0.00882806520728,0.116468416027,0.00471886354087,0.0118865216499,0.0600349003533,0.071183000859,0.0368290478804,1,0.3,10,1,3,1,20,0.0935161141342,0.0654612798939,0.0935161141342,0.0783918088711,0.0914500737409,0.0801479432054,0.0935161141342,0.0654612798939,0.0935161141342,0.0771152976868,0.090761005498,0.0771468546733
225,0.107352684515,0.0571026755628,0.0575707649548,0.0452206838514,0.202447431135,0.140952034038,0.00406136580391,0.0258098467593,0.12808914969,0.0971787748743,0.0512046523096,0.0830099365052,1,0.3,10,1,3,1,20,0.0923609840842,0.064652688859,0.0923609840842,0.0786817563229,0.0987625944827,0.0732403874842,0.0923609840842,0.064652688859,0.0923609840842,0.0788853205131,0.0928003389958,0.0788802881464
226,0.0131084114123,0.0418731180217,0.0273450099074,0.0229898629017,0.0343688536139,0.123372034174,0.029689329052,0.172098242696,0.0896222199275,0.0633074951993,0.0632819275507,0.318943495544,1,0.3,10,1,3,1,20,0.0867862485732,0.0607503740012,0.0867862485732,0.0807795433492,0.093026889849,0.0754749982648,0.0867862485732,0.0607503740012,0.0867862485732,0.0889389132913,0.104396709703,0.0887372032476
227,0.0243462550765,0.0866343944364,0.0924288048716,0.010314814011,0.147110886797,0.165153284871,0.0470745824753,0.125472367969,0.0335532709169,0.132943212253,0.00155049779755,0.133417628525,1,0.3,10,1,3,1,20,0.095871513399,0.0671100593793,0.095871513399,0.0775138206353,0.0933827726393,0.079629250281,0.095871513399,0.0671100593793,0.095871513399,0.0728855991549,0.085882370235,0.0730000146997
228,0.121456644478,0.116992522906,0.0132163094312,0.187642932555,0.0114216167868,0.139482511461,0.0160469790263,0.0280566119075,0.184406719947,0.00929585732052,0.113693551783,0.0582877423983,1,0.3,10,1,3,1,20,0.091003967015,0.0637027769105,0.091003967015,0.079346094548,0.0883392037819,0.0816111432962,0.091003967015,0.0637027769105,0.091003967015,0.081665139278,0.0960091876836,0.0816078095311
229,0.34429745441,0.155034328903,0.0646135521834,0.00226562781485,0.0282158400167,0.0223156443203,0.226587212111,0.00389287520062,0.05865587726,0.0678327072324,0.00129044112487,0.0249984394226,1,0.3,10,1,3,1,20,0.0848128891797,0.0593690224258,0.0848128891797,0.0815132622616,0.0915170273164,0.0758147448454,0.0848128891797,0.0593690224258,0.0848128891797,0.0924785367561,0.108479366081,0.092207461169
230,0.0486326662188,0.029645262253,0.253398376372,0.0426997956628,0.0634678110252,0.286306114087,0.00842430741762,0.0658061026484,0.0730393732052,0.0324810171822,0.0851992632857,0.0108999106429,1,0.3,10,1,3,1,20,0.0832389983951,0.0582672988766,0.0832389983951,0.0821739303841,0.0858795737563,0.0799294413272,0.0832389983951,0.0582672988766,0.0832389983951,0.0954649443582,0.111925145319,0.0951363735214
231,0.0176048628626,0.0422113275001,0.119923922392,0.101573951049,0.0348816962168,0.151148802081,0.0309452900832,0.188980856757,0.131179440288,0.0160075960877,0.068095854617,0.0974464000664,1,0.3,10,1,3,1,20,0.0863363100344,0.0604354170241,0.0863363100344,0.0810749681793,0.0851565761942,0.0820777419436,0.0863363100344,0.0604354170241,0.0863363100344,0.0900232170474,0.10564941754,0.0898020049093
232,0.059926863593,0.169637605516,0.0789181673833,0.0457517053396,0.039469647044,0.022317197579,0.0448424245909,0.0993722655574,0.00295692702496,0.00913531866259,0.281215193091,0.146456684618,1,0.3,10,1,3,1,20,0.0853904415904,0.0597733091133,0.0853904415904,0.0812723255166,0.0934975769114,0.0743812604938,0.0853904415904,0.0597733091133,0.0853904415904,0.0913858971727,0.10721867855,0.0911358767673
233,0.0554663608263,0.0585338557445,0.233443729063,0.0934479230771,0.135365626468,0.0384591943286,0.00730661812298,0.0434178888596,0.218152520196,0.0489651799144,0.00730193551179,0.060139167888,1,0.3,10,1,3,1,20,0.101584646463,0.0711092525238,0.101584646463,0.0754213728415,0.0958882972343,0.0802632696855,0.101584646463,0.0711092525238,0.101584646463,0.0627066572333,0.0741423308689,0.0630209812386
234,0.0412689409743,0.128365180095,0.0168124802002,0.065101537943,0.0154538067574,0.0226268397629,0.214629374933,0.111256355797,0.233577560199,0.0923612625114,0.0513425934743,0.0072040673531,1,0.3,10,1,3,1,20,0.0841794298464,0.0589256008925,0.0841794298464,0.0817504791927,0.0909331420609,0.0760098238103,0.0841794298464,0.0589256008925,0.0841794298464,0.0936184303249,0.109794164022,0.0933250394187
235,0.117087394812,0.00555791555807,0.212103043345,0.00164164536674,0.140548644268,0.148503714629,0.210644881221,0.0138048869123,0.0292728135396,0.0269735017832,0.0831075097233,0.0107540488408,1,0.3,10,1,3,1,20,0.0896484951729,0.062753946621,0.0896484951729,0.0796824220626,0.0971494921891,0.0733065745988,0.0896484951729,0.062753946621,0.0896484951729,0.0837336940648,0.0983924017033,0.0836335414478
236,0.00433574871541,0.0186704012207,0.0444327265307,0.030783449478,0.0219573752663,0.210672460494,0.129204090974,0.199388861665,0.0790869691779,0.0232370909831,0.203732920061,0.0344979054331,1,0.3,10,1,3,1,20,0.0883034428213,0.0618124099749,0.0883034428213,0.0803378517913,0.0869972136673,0.0814481465722,0.0883034428213,0.0618124099749,0.0883034428213,0.0864824015891,0.101565294673,0.0863305004721
237,0.00383994729497,0.00490516241772,0.104790663929,0.265550789287,0.104873738078,0.280381319936,0.00701117801611,0.0289098698139,0.0292330532961,0.0410813836691,0.108937650245,0.0204852440166,1,0.3,10,1,3,1,20,0.0914535177002,0.0640174623901,0.0914535177002,0.079226637335,0.085881946579,0.0839624727881,0.0914535177002,0.0640174623901,0.0914535177002,0.0809619703361,0.0951989066923,0.0809190706885
238,0.0885900802593,0.0469383506497,0.220837118349,0.0690373890854,0.00539498532818,0.0693051636305,0.0368230002444,0.0350673685274,0.0477671089273,0.28951418897,0.0619617631371,0.0287634828916,1,0.3,10,1,3,1,20,0.0882762985735,0.0617934090014,0.0882762985735,0.0802879451315,0.0905005968196,0.0783972916222,0.0882762985735,0.0617934090014,0.0882762985735,0.0864012666185,0.101470750006,0.0862501375052
239,0.197042338216,0.0262771968479,0.00744626615755,0.00571998485405,0.318913868586,0.230535777987,0.145296371588,0.0403585576376,0.00285473277127,0.0224440772368,0.00139222252469,0.00171860559273,1,0.3,10,1,3,1,20,0.0925268162252,0.0647687713576,0.0925268162252,0.0787846710191,0.0892230079026,0.0815929080932,0.0925268162252,0.0647687713576,0.0925268162252,0.0789439628421,0.0928706175822,0.0789400249449
240,0.0377718873934,0.0539646179825,0.00921893449806,0.0760346535106,0.0843806137433,0.156630461675,0.0749508945278,0.0529996841505,0.218359663926,0.159224144541,0.0246928260794,0.0517716179721,1,0.3,10,1,3,1,20,0.0842686708824,0.0589880696177,0.0842686708824,0.0817358037401,0.0899144749868,0.0769368702514,0.0842686708824,0.0589880696177,0.0842686708824,0.0934983995693,0.109656015507,0.0932076131807
241,0.241975277675,0.0624493265074,0.00196728004062,0.186933310252,0.0195339492049,0.18037864245,0.0189104639508,0.0391138474385,0.111020633372,0.0431544075704,0.0800306397539,0.0145322217841,1,0.3,10,1,3,1,20,0.0902166905688,0.0631516833981,0.0902166905688,0.0795542233889,0.0927053761353,0.0774388406573,0.0902166905688,0.0631516833981,0.0902166905688,0.0828942481622,0.0974255040999,0.0828116784849
242,0.0659957867168,0.110447712177,0.0129871487562,0.0283116146693,0.049625461123,0.12917213974,0.0224193819754,0.176413619495,0.00975942110484,0.21174600807,0.0120152702759,0.171106435897,1,0.3,10,1,3,1,20,0.0936463466341,0.0655524426438,0.0936463466341,0.0782129735159,0.0992097571431,0.0734840745832,0.0936463466341,0.0655524426438,0.0936463466341,0.0765995163177,0.0901640035763,0.0766394030399
243,0.0293966190783,0.246748913397,0.0703187812504,0.0787004570523,0.0284595661521,0.122794512048,0.0408499820268,0.084738477624,0.0268559992233,0.0569037461245,0.0951933345079,0.119039611516,1,0.3,10,1,3,1,20,0.0975181317214,0.068262692205,0.0975181317214,0.0769056413739,0.0944045570838,0.0795521798158,0.0975181317214,0.068262692205,0.0975181317214,0.0699408230903,0.082485885049,0.0701130022917
244,0.0876212504958,0.295172966367,0.0146527891849,0.0460193323038,0.0372762507358,0.184024311937,0.0505934592589,0.120435032718,0.0237094211659,0.0560815071213,0.00347447966258,0.0809391990497,1,0.3,10,1,3,1,20,0.0914502252147,0.0640151576503,0.0914502252147,0.0790526284109,0.0961720293889,0.0750390948629,0.0914502252147,0.0640151576503,0.0914502252147,0.0805887142245,0.0947655767315,0.0805507402218
245,0.100099547563,0.062176611367,0.232798635298,0.0282559029346,0.106941979805,0.039158369748,0.100194924866,0.134515945924,0.0733473831797,0.00155168160984,0.084734533522,0.0362244841835,1,0.3,10,1,3,1,20,0.0863801638821,0.0604661147174,0.0863801638821,0.0810525187366,0.085551010629,0.0817572990018,0.0863801638821,0.0604661147174,0.0863801638821,0.0899312619736,0.105543256592,0.0897117681035
246,0.0455265411128,0.0336518555605,0.084115156199,0.0545769947199,0.18616561126,0.0136112344375,0.0291312284714,0.201429485155,0.00317613703196,0.0600882718137,0.0360325890954,0.252494895143,1,0.3,10,1,3,1,20,0.0883803625462,0.0618662537823,0.0883803625462,0.0802372541505,0.0912849838483,0.0777683260437,0.0883803625462,0.0618662537823,0.0883803625462,0.0861886442624,0.101225315646,0.0860415182994
247,0.0562810327408,0.0252480925673,0.032204160168,0.0711915039526,0.0864650445925,0.046134487405,0.00329951336275,0.176902790713,0.405643745017,0.00445466832015,0.0892728904841,0.00290207067692,1,0.3,10,1,3,1,20,0.0883706010252,0.0618594207177,0.0883706010252,0.0802173547557,0.0926595201839,0.0765717734709,0.0883706010252,0.0618594207177,0.0883706010252,0.0861552428408,0.101186412547,0.0860084506652
248,0.0270882073123,0.0419676799169,0.240534554793,0.122043407318,0.00987972883927,0.0358815452262,0.0294952394409,0.0592227059493,0.0154450822111,0.0218168036128,0.333025637736,0.0635994076447,1,0.3,10,1,3,1,20,0.0981290493056,0.0686903345139,0.0981290493056,0.0766687819707,0.0954424841646,0.0789523623405,0.0981290493056,0.0686903345139,0.0981290493056,0.0688240012743,0.0811975697296,0.0690179342702
249,0.0398631297785,0.0376581614303,0.0292530592625,0.0174671162218,0.0450312727058,0.323350958416,0.107123259205,0.0639274042974,0.0868005298069,0.0239415761688,0.0319527461689,0.193630786538,1,0.3,10,1,3,1,20,0.0933976121936,0.0653783285355,0.0933976121936,0.0784417553666,0.0910136790843,0.0804680985095,0.0933976121936,0.0653783285355,0.0933976121936,0.0773405910998,0.0910209568077,0.0773678132866
250,0.0094335750866,0.0441458684701,0.224886308416,0.0267615317529,0.177305867828,0.0390368294659,0.0274445095586,0.206091087341,0.0581646084623,0.146506522809,0.0368371523245,0.00338613848402,1,0.3,10,1,3,1,20,0.0901951085827,0.0631365760079,0.0901951085827,0.0795157173107,0.0954219092107,0.0750729367768,0.0901951085827,0.0631365760079,0.0901951085827,0.0828322791265,0.0973532817453,0.0827502894835
251,0.00619914139808,0.0419655525312,0.0801976192754,0.0262635293105,0.0623020220846,0.175541641964,0.00160742251109,0.0282072303801,0.0357137994836,0.0604344905205,0.132616812117,0.348950738424,1,0.3,10,1,3,1,20,0.0956280170572,0.06693961194,0.0956280170572,0.0776606799491,0.0898881611492,0.0825395574709,0.0956280170572,0.06693961194,0.0956280170572,0.073444231987,0.0865276093702,0.0735484679647
252,0.0816780337232,0.0949352484933,0.149485715439,0.167046283955,0.0218820811692,0.03764698468,0.170134806409,0.0870085098289,0.0035891146565,0.0129459496781,0.122613674695,0.0510335972719,1,0.3,10,1,3,1,20,0.0884775497063,0.0619342847944,0.0884775497063,0.0802109429954,0.0907823031498,0.0782519025684,0.0884775497063,0.0619342847944,0.0884775497063,0.0860355764211,0.101048922406,0.0858915840453
253,0.028548453712,0.054153640569,0.0385611477612,0.0749310490585,0.00925411442449,0.144867331081,0.0972244104774,0.225704014226,0.125106477946,0.0138187649691,0.0592190751817,0.128611520594,1,0.3,10,1,3,1,20,0.0846259863752,0.0592381904626,0.0846259863752,0.0815932618007,0.090756888886,0.0763819946665,0.0846259863752,0.0592381904626,0.0846259863752,0.0928365193336,0.108892437236,0.0925585716508
254,0.258935255137,0.00405586480507,0.160358344497,0.0580868632646,0.18257480194,0.0126727756589,0.0503017542072,0.0370032423839,0.0385042220223,0.113927854113,0.0631259404146,0.0204530815575,1,0.3,10,1,3,1,20,0.089558078317,0.0626906548219,0.089558078317,0.0798679186044,0.0881594835927,0.0810567241201,0.089558078317,0.0626906548219,0.089558078317,0.0842245032503,0.0989609446058,0.0841168029149
255,0.0468735992947,0.0900043060393,0.0505612107573,0.0686366848102,0.0173606111365,0.226737399016,0.0318537952209,0.164186509292,0.0506630679809,0.177102926267,0.0429160370481,0.0331038531366,1,0.3,10,1,3,1,20,0.0869937514602,0.0608956260222,0.0869937514602,0.0807387048852,0.0910527153994,0.0772885855369,0.0869937514602,0.0608956260222,0.0869937514602,0.088645288296,0.104058620539,0.0884498274581
256,0.00777802598324,0.0296604380551,0.0526853419002,0.0457623296258,0.0883830148212,0.0629172249046,0.00525814386911,0.109606278642,0.126698384746,0.0206780180291,0.0779002620795,0.372672537345,1,0.3,10,1,3,1,20,0.0980319715641,0.0686223800949,0.0980319715641,0.0767300733871,0.0938882364047,0.0802522482726,0.0980319715641,0.0686223800949,0.0980319715641,0.0690526496622,0.0814617004471,0.06924244538
257,0.224178990279,0.232339282764,0.00267427584351,0.133667831301,0.0629557801163,0.127826240837,0.022551966004,0.0734905507112,0.0190095731695,0.0303780585286,0.020890848437,0.0500366020089,1,0.3,10,1,3,1,20,0.0886796974567,0.0620757882197,0.0886796974567,0.0801299233044,0.091281091909,0.0779187380199,0.0886796974567,0.0620757882197,0.0886796974567,0.0856603062831,0.100615986064,0.0855235881541
258,0.153671059442,0.124805525985,0.14605935526,0.107676022899,0.0379264859259,0.00164780946348,0.0166914286471,0.0717834047026,0.079231444077,0.0561855032607,0.0606834575571,0.14363850278,1,0.3,10,1,3,1,20,0.0939267970272,0.065748757919,0.0939267970272,0.0782570831464,0.0907087320883,0.0809924383445,0.0939267970272,0.065748757919,0.0939267970272,0.07641753916,0.0899564882779,0.0764630150362
259,0.0224065767913,0.103748863036,0.276044942862,0.0740333096385,0.0196093200389,0.0206042187015,0.0975992672236,0.135905065457,0.043311934748,0.123411208469,0.0580480169751,0.0252772760596,1,0.3,10,1,3,1,20,0.0858052997266,0.0600637098086,0.0858052997266,0.0812152935045,0.0881047800623,0.0792607352191,0.0858052997266,0.0600637098086,0.0858052997266,0.0908521188325,0.106604569653,0.0906138842051
260,0.0414705481525,0.075835223193,0.0248864566014,0.0714401661472,0.0617281032926,0.145516220331,0.0848728859151,0.0470842891079,0.079549091282,0.213312281102,0.105982999994,0.0483217348817,1,0.3,10,1,3,1,20,0.0871078940369,0.0609755258258,0.0871078940369,0.0806977882581,0.0910505946906,0.0773464927024,0.0871078940369,0.0609755258258,0.0871078940369,0.0884438455774,0.103826297823,0.0882523531495
261,0.0118994636531,0.187259356177,0.0339302407129,0.0257265576431,0.0774481477256,0.105486545535,0.221374665526,0.0218493407465,0.0808669753415,0.038934409801,0.0799222208432,0.115302076296,1,0.3,10,1,3,1,20,0.082864230569,0.0580049613983,0.082864230569,0.082318268981,0.0852994183966,0.0802483593275,0.082864230569,0.0580049613983,0.082864230569,0.0961479758568,0.112713044522,0.0958060878436
262,0.0321500756393,0.1516218803,0.0173279711347,0.0881810120768,0.0435873135402,0.201688784814,0.050391007466,0.0138873412805,0.0717637861775,0.0605895984462,0.214439032541,0.0543721965838,1,0.3,10,1,3,1,20,0.0925593886838,0.0647915720787,0.0925593886838,0.0786673479323,0.0954277427424,0.0762292469825,0.0925593886838,0.0647915720787,0.0925593886838,0.0786578837385,0.0925389620064,0.0786581177054
263,0.122829062613,0.0942350786512,0.00637226866075,0.124156733845,0.143307647473,0.0652008026812,0.0827357010483,0.00412170855783,0.00393959695193,0.0607032727107,0.059114605376,0.233283521431,1,0.3,10,1,3,1,20,0.0882743528012,0.0617920469608,0.0882743528012,0.08030673074,0.0894381984664,0.0793174619246,0.0882743528012,0.0617920469608,0.0882743528012,0.0864438388544,0.101520143183,0.0862921217053
264,0.00717836450423,0.00886270271237,0.0238039406003,0.0207732329328,0.0521126790384,0.188895797354,0.156015316907,0.133994368572,0.0542867493485,0.0503875921697,0.23676376401,0.0669254918511,1,0.3,10,1,3,1,20,0.0878286685388,0.0614800679772,0.0878286685388,0.0805121206655,0.0867665774448,0.0814148980954,0.0878286685388,0.0614800679772,0.0878286685388,0.087329120659,0.102541877311,0.0871605957145
265,0.112180938981,0.00586237905755,0.0894347849577,0.00814949910854,0.00700718762495,0.0162566972986,0.398302340992,0.0434363051022,0.0709043649417,0.0290712513896,0.170607874926,0.0487863756202,1,0.3,10,1,3,1,20,0.0869745928985,0.0608822150289,0.0869745928985,0.0807261070337,0.0921964156842,0.0762875576659,0.0869745928985,0.0608822150289,0.0869745928985,0.0886369811303,0.104048722613,0.0884414142212
266,0.0186611671562,0.069582612606,0.0197911765737,0.317864705405,0.0318390570787,0.0031050431487,0.000876876335877,0.220194887029,0.0975542821169,0.03068381082,0.16748679409,0.0223595876387,1,0.3,10,1,3,1,20,0.0887444446524,0.0621211112567,0.0887444446524,0.0800143493556,0.0967050421755,0.073247841461,0.0887444446524,0.0621211112567,0.0887444446524,0.0853461848512,0.100252205964,0.0852143750695
267,0.102049154584,0.00465651370943,0.0692207514848,0.0628392569216,0.0871803750491,0.157657932662,0.160751117715,0.020749068888,0.0516667570298,0.0291092109972,0.0849889171713,0.169130943788,1,0.3,10,1,3,1,20,0.0824132555489,0.0576892788842,0.0824132555489,0.0823746546493,0.0914913016902,0.0746583154292,0.0824132555489,0.0576892788842,0.0824132555489,0.0967160822492,0.113366522172,0.0963615438463
268,0.00480031502553,0.202859012837,0.139510666836,0.010989281153,0.0464868048619,0.0357593470525,0.12899067885,0.0128189354301,0.018663057764,0.140854213165,0.233728601163,0.0245390858629,1,0.3,10,1,3,1,20,0.0833488105652,0.0583441673956,0.0833488105652,0.0820830332162,0.0889043998831,0.077360782296,0.0833488105652,0.0583441673956,0.0833488105652,0.0951596395071,0.111572198944,0.094836369102
269,0.0446130693297,0.241335957153,0.0036331431672,0.038076315231,0.161041970247,0.0693680337137,0.100257298435,0.0206852836318,0.0937061998729,0.0515627913299,0.0199873644009,0.155732573488,1,0.3,10,1,3,1,20,0.0773703521999,0.0541592465399,0.0773703521999,0.0841965169496,0.0907547250805,0.0728198000011,0.0773703521999,0.0541592465399,0.0773703521999,0.105646556125,0.123666216197,0.105116283767
270,0.00404262135631,0.141744711106,0.0897161156292,0.00458751669117,0.015527318454,0.247403671622,0.0277509108007,0.143089716815,0.0479717076881,0.089105542197,0.122143684803,0.0669164828366,1,0.3,10,1,3,1,20,0.0958509035298,0.0670956324709,0.0958509035298,0.0775125550198,0.0938914402511,0.0791780988068,0.0958509035298,0.0670956324709,0.0958509035298,0.0729032478173,0.085902583267,0.073017195777
271,0.00687519862688,0.0104848129421,0.0246725921479,0.052489297307,0.176168872924,0.0123348573382,0.135759321873,0.0887913526378,0.0741071044138,0.0071573407925,0.190859168247,0.22030008075,1,0.3,10,1,3,1,20,0.0857593350145,0.0600315345102,0.0857593350145,0.0812784641867,0.0853630014108,0.0816153477499,0.0857593350145,0.0600315345102,0.0857593350145,0.0910342728239,0.106815407973,0.0907930967772
272,0.0214526330836,0.0290386113122,0.139463659072,0.0162018634117,0.0175603057905,0.0550833209705,0.125356689874,0.0782456804756,0.0931354938059,0.146154609836,0.186715624649,0.0915915077184,1,0.3,10,1,3,1,20,0.0932052431801,0.0652436702261,0.0932052431801,0.0785206094167,0.0904360169781,0.0808744516884,0.0932052431801,0.0652436702261,0.0932052431801,0.0777015022552,0.091437354859,0.0777217516302
273,0.05527748635,0.27399841198,0.0048002455888,0.225057157633,0.0078902541204,0.00122250849462,0.0943768298248,0.118558920731,0.0440251643644,0.0533289012733,0.0163491213904,0.10511499825,1,0.3,10,1,3,1,20,0.0872883147013,0.0611018202909,0.0872883147013,0.0806363029211,0.0908598750724,0.0776004766057,0.0872883147013,0.0611018202909,0.0872883147013,0.0881323353233,0.10346708686,0.0879470238306
274,0.402111370734,0.0216039286297,0.166934192743,0.00939171309547,0.0366457961274,0.0122604057455,0.0747721677735,0.0459589005031,0.0339174593274,0.0390882263457,0.117668288168,0.0396475508085,1,0.3,10,1,3,1,20,0.0783885765707,0.0548720035995,0.0783885765707,0.0838940360996,0.0870635058735,0.0765203461922,0.0783885765707,0.0548720035995,0.0783885765707,0.103984840265,0.121750788155,0.103488169932
275,0.423939149468,0.00943340551983,0.0222133486388,0.0730994079666,0.00896099749025,0.10928767877,0.0144724481164,0.0767132969963,0.044592349474,0.0212463633697,0.19243456309,0.00360699110032,1,0.3,10,1,3,1,20,0.0965887338516,0.0676121136961,0.0965887338516,0.0773499236107,0.0878949232048,0.0847396626604,0.0965887338516,0.0676121136961,0.0965887338516,0.0718214960963,0.0846566657456,0.0719581658838
276,0.0156025500964,0.346705133245,0.105114374685,0.0645154045284,0.119511137654,0.0221791358889,0.028996771,0.0184575659635,0.0501324276237,0.0987906655342,0.0758056808012,0.0541891529803,1,0.3,10,1,3,1,20,0.0899309123184,0.0629516386229,0.0899309123184,0.0796773682155,0.0914947169422,0.0783481342853,0.0899309123184,0.0629516386229,0.0899309123184,0.083443393593,0.098059167808,0.0833502926368
277,0.0572111477999,0.0735899753841,0.02539012059,0.238235215891,0.109044647163,0.03575925634,0.00748600830231,0.141940953633,0.215899691784,0.0116922746649,0.0736425651843,0.0101081432646,1,0.3,10,1,3,1,20,0.0818717537702,0.0573102276391,0.0818717537702,0.0826262548179,0.088124692347,0.0773112570276,0.0818717537702,0.0573102276391,0.0818717537702,0.0977961338423,0.114613076544,0.0974211150623
278,0.177153460792,0.0141279385236,0.100245556466,0.0495055874791,0.0557436031584,0.0107012656746,0.0741817296252,0.0620201926707,0.0374119374082,0.163442252727,0.0829292224631,0.172537253012,1,0.3,10,1,3,1,20,0.0912944646675,0.0639061252673,0.0912944646675,0.0792148069286,0.0899286871097,0.0803757178528,0.0912944646675,0.0639061252673,0.0912944646675,0.0810937064217,0.0953497148554,0.0810472576271
279,0.226411104935,0.075412687259,0.15189680095,0.131991032173,0.0829696667009,0.0363270610643,0.0366075742296,0.0185517989359,0.0374747186833,0.123769158993,0.0478686071396,0.0307197889367,1,0.3,10,1,3,1,20,0.0849856959397,0.0594899871578,0.0849856959397,0.0814512649527,0.0915168336061,0.0758997979363,0.0849856959397,0.0594899871578,0.0849856959397,0.0921734503433,0.108127510858,0.0919083842292
280,0.0458754720607,0.0344063002986,0.0126781710757,0.041608595979,0.142014359843,0.104079574268,0.0562799266691,0.0229199703803,0.206002161755,0.0407843828943,0.244136993172,0.0492140916035,1,0.3,10,1,3,1,20,0.0902054874924,0.0631438412447,0.0902054874924,0.0795217416017,0.094849338917,0.0755744678907,0.0902054874924,0.0631438412447,0.0902054874924,0.082835047479,0.0973566333258,0.0827531383269
281,0.00553480695747,0.224003842762,0.12578467621,0.0215420189267,0.105058985012,0.0298621868195,0.0248359363476,0.244088491188,0.0380218167388,0.032847862429,0.0516666433488,0.0967527332606,1,0.3,10,1,3,1,20,0.0967017054067,0.0676911937847,0.0967017054067,0.0772278177572,0.0926862618139,0.0806409448111,0.0967017054067,0.0676911937847,0.0967017054067,0.0714455379928,0.0842217450965,0.071588483332
282,0.112161924684,0.0272826647052,0.0925653316705,0.346193797204,0.00419724595373,0.0724735429925,0.0172362343672,0.0659050370066,0.0131337850459,0.17673212535,0.0308682156776,0.0412500953435,1,0.3,10,1,3,1,20,0.086863161176,0.0608042128232,0.086863161176,0.0807507435195,0.0930976488166,0.075451429025,0.086863161176,0.0608042128232,0.086863161176,0.0888005160212,0.104237076901,0.0886015153661
283,0.0102580159806,0.215519574553,0.0171732927799,0.0171333140977,0.0949390388616,0.0643464045327,0.0326336618232,0.028350001066,0.0270494367408,0.234978077115,0.243646904801,0.0139722776493,1,0.3,10,1,3,1,20,0.0974522278827,0.0682165595179,0.0974522278827,0.0769560040978,0.0928352692028,0.0808804189757,0.0974522278827,0.0682165595179,0.0974522278827,0.0701149874254,0.0826871836387,0.0702841060929
284,0.223820972049,0.0227772839383,0.139970210499,0.0873242642038,0.0650862651328,0.156001790282,0.03855686849,0.00535932754818,0.103756222475,0.0064497188457,0.0543375276153,0.0965595489214,1,0.3,10,1,3,1,20,0.0968732092549,0.0678112464784,0.0968732092549,0.077085489957,0.0974318676689,0.0766106303051,0.0968732092549,0.0678112464784,0.0968732092549,0.0709679247539,0.0836695985615,0.0711191587773
285,0.163537635125,0.0575659415884,0.0442155685833,0.0707893596842,0.236254462728,0.0164266991964,0.111666312358,0.0264820162296,0.0142423616471,0.240485458212,0.0144185831694,0.00391560147861,1,0.3,10,1,3,1,20,0.0884253429358,0.061897740055,0.0884253429358,0.0801705393747,0.0942556740875,0.0752147578957,0.0884253429358,0.061897740055,0.0884253429358,0.0859997953991,0.101006692643,0.0858556887467
286,0.388466365219,0.141930316923,0.00720893298778,0.179986800135,0.0387584716722,0.00700284800201,0.0471646262946,0.0323765841235,0.0609711960075,0.0612048336042,0.0282281778311,0.00670084719946,1,0.3,10,1,3,1,20,0.0949013742233,0.0664309619563,0.0949013742233,0.0778489774156,0.0941413769159,0.0784949751269,0.0949013742233,0.0664309619563,0.0949013742233,0.0745704522284,0.0878252959498,0.0746515015574
287,0.0166520289113,0.0714627019169,0.373852515525,0.00430021017599,0.00371190062464,0.0616196994891,0.109120715306,0.149015725719,0.00574359696774,0.0303468931842,0.0773775053568,0.0967965068233,1,0.3,10,1,3,1,20,0.0852112820282,0.0596478974197,0.0852112820282,0.0814226699475,0.0884424367046,0.0786761884725,0.0852112820282,0.0596478974197,0.0852112820282,0.0918884294336,0.107799649994,0.0916297024953
288,0.180782682204,0.113931260886,0.0173021613621,0.00531854027035,0.130163035609,0.0297560248926,0.21025328,0.0153487062145,0.0224881350817,0.0160494868053,0.0418734685345,0.21673321814,1,0.3,10,1,3,1,20,0.0874004985308,0.0611803489716,0.0874004985308,0.0806839844151,0.0856950778789,0.0821335919692,0.0874004985308,0.0611803489716,0.0874004985308,0.0881245349833,0.103459523615,0.0879405950724
289,0.042236266112,0.00942286026388,0.0675832923204,0.0402381494523,0.0533820307354,0.0398015658632,0.191011886001,0.040643418005,0.125423702863,0.227319195706,0.080593088391,0.0823445442865,1,0.3,10,1,3,1,20,0.0908247215498,0.0635773050849,0.0908247215498,0.0793088496042,0.0943042411599,0.0763512579357,0.0908247215498,0.0635773050849,0.0908247215498,0.081761858703,0.0961190790422,0.0817012171859
290,0.0972647631837,0.00477127130176,0.119291228458,0.131041281442,0.0558472673338,0.176359764287,0.141873808271,0.0586732304705,0.0568779344339,0.0122257984743,0.0996846177645,0.0460890345801,1,0.3,10,1,3,1,20,0.0813921459999,0.0569745021999,0.0813921459999,0.0828388643761,0.0857439139165,0.079139861647,0.0813921459999,0.0569745021999,0.0813921459999,0.0987305940872,0.115691447337,0.0983377302365
291,0.00855326775903,0.0126634913716,0.0389726316427,0.0680961829345,0.0890548578377,0.191286212701,0.104420002812,0.00942438962404,0.0393340430002,0.141563522723,0.014813162797,0.281818234798,1,0.3,10,1,3,1,20,0.0819879258941,0.0573915481259,0.0819879258941,0.0825944419669,0.087545076123,0.0778708642723,0.0819879258941,0.0573915481259,0.0819879258941,0.0976123818675,0.114401316726,0.0972411192167
292,0.090384863511,0.0263707827766,0.00330376508082,0.238455808049,0.0516980321821,0.109235835397,0.0311210899274,0.186711131783,0.105394525308,0.0740185425953,0.028374011806,0.0549316115839,1,0.3,10,1,3,1,20,0.0885256459148,0.0619679521404,0.0885256459148,0.0801348768247,0.094236600435,0.0752805654825,0.0885256459148,0.0619679521404,0.0885256459148,0.0858234112648,0.100803274623,0.0856827834297
293,0.105033440546,0.0110642836554,0.18462746579,0.1383955395,0.167474071648,0.0053704144562,0.0507382972518,0.00151089719794,0.0544980647228,0.0234525694943,0.125365624042,0.132469331695,1,0.3,10,1,3,1,20,0.0956856397208,0.0669799478046,0.0956856397208,0.0776765409986,0.0877422042767,0.0844284611261,0.0956856397208,0.0669799478046,0.0956856397208,0.0734215514846,0.0865020473631,0.0735267402586
294,0.0185676604462,0.0125641486974,0.0267260384337,0.000899397873769,0.0738726027612,0.0731315093417,0.144353745135,0.0145279610501,0.123397129025,0.456293872681,0.0108475699659,0.0448183645895,1,0.3,10,1,3,1,20,0.0980309584962,0.0686216709473,0.0980309584962,0.0767591840924,0.0921997209982,0.0817157359657,0.0980309584962,0.0686216709473,0.0980309584962,0.0691166402729,0.0815359690764,0.0693055737149
295,0.022868210149,0.0470527930326,0.492428937608,0.0486818913711,0.03529583951,0.0306731369026,0.0309671478352,0.0287325197726,0.0254957614467,0.0209374522386,0.144769381532,0.0720969286019,1,0.3,10,1,3,1,20,0.081178624321,0.0568250370247,0.081178624321,0.0828652472495,0.0886940002248,0.0764771777313,0.081178624321,0.0568250370247,0.081178624321,0.0989988944472,0.116000058926,0.0986000500873
296,0.0129065818635,0.0541722166919,0.113898008963,0.0685228139875,0.12293880014,0.0152866787831,0.0886807593926,0.0178003908455,0.204920159361,0.0620232738829,0.105114927869,0.13373538822,1,0.3,10,1,3,1,20,0.0851060609582,0.0595742426707,0.0851060609582,0.0813041836747,0.0976193355789,0.0706679002471,0.0851060609582,0.0595742426707,0.0851060609582,0.0917361379264,0.107621466702,0.0914782466967
297,0.0760638154726,0.107688963321,0.139713485123,0.0570141234327,0.0521752764941,0.0461230153075,0.161789451343,0.0237627955562,0.15162771992,0.138284066201,0.041340757285,0.00441653054328,1,0.3,10,1,3,1,20,0.0851302761575,0.0595911933102,0.0851302761575,0.0815463461393,0.0828852211494,0.0834546428962,0.0851302761575,0.0595911933102,0.0851302761575,0.0922361651238,0.108202234292,0.0919718991486
298,0.0220222194813,0.00859652885536,0.0442128704588,0.0309511312826,0.053238043724,0.0429812964685,0.0676116646295,0.107769960449,0.088514851526,0.22007557177,0.259865117461,0.0541607438947,1,0.3,10,1,3,1,20,0.0909718504088,0.0636802952862,0.0909718504088,0.0793065460822,0.0913389683668,0.0789944958179,0.0909718504088,0.0636802952862,0.0909718504088,0.0816113355456,0.095946303773,0.0815543582071
299,0.0721449768671,0.0927794051728,0.0182986950399,0.421330044289,0.0318174600091,0.0189242728472,0.0497888067141,0.0656672999542,0.0571121793465,0.00428986714924,0.0931078458487,0.0747391467621,1,0.3,10,1,3,1,20,0.0911444138526,0.0638010896968,0.0911444138526,0.079172757618,0.0955606726365,0.0754189376517,0.0911444138526,0.0638010896968,0.0911444138526,0.0811511512095,0.0954144032867,0.0811022427937
300,0.0201221237095,0.0229288410194,0.010060664383,0.0145393381288,0.10820578385,0.089771623988,0.14426283516,0.000522447455107,0.215802852504,0.163116030901,0.185358708984,0.0253087499171,1,0.3,10,1,3,1,20,0.0969054383158,0.067833806821,0.0969054383158,0.077097298535,0.0960590806949,0.0778167025127,0.0969054383158,0.067833806821,0.0969054383158,0.0709615948723,0.0836626791783,0.0711132773016
301,0.00306617309249,0.0990801928857,0.141375075664,0.156331418183,0.24996362578,0.0253911570596,0.0424822755509,0.00864030649235,0.0264803096234,0.092472904823,0.0896904140422,0.0650261468039,1,0.3,10,1,3,1,20,0.0878280550613,0.0614796385429,0.0878280550613,0.0804678148342,0.0893818809065,0.0791470628659,0.0878280550613,0.0614796385429,0.0878280550613,0.0872338604572,0.102431288435,0.0870665951699
302,0.254368411805,0.117700426716,0.00981657378575,0.179260971533,0.00607699527771,0.0261084467952,0.214751459571,0.00660745747355,0.0606636183088,0.0910602312794,0.0330954223452,0.000489985109783,1,0.3,10,1,3,1,20,0.0924460202396,0.0647122141678,0.0924460202396,0.0786382954387,0.0995232996886,0.0726226079071,0.0924460202396,0.0647122141678,0.0924460202396,0.0787071645201,0.0925946611629,0.0787054619885
303,0.0201567249564,0.24116098728,0.045068936016,0.0158048703184,0.0208632832465,0.0204449999144,0.0965037504645,0.223184338801,0.0309753695536,0.120805682094,0.0049430269228,0.160088030432,1,0.3,10,1,3,1,20,0.0857352978763,0.0600147085134,0.0857352978763,0.081248212896,0.0876464156532,0.0796237627856,0.0857352978763,0.0600147085134,0.0857352978763,0.0909925937623,0.106766706147,0.0907517002246
304,0.0181271565007,0.0806394403885,0.0121076828215,0.222642095184,0.0544352813752,0.112884817432,0.0410450147682,0.178650335746,0.137159002083,0.0551291108581,0.0492630784716,0.037916984371,1,0.3,10,1,3,1,20,0.0814713390681,0.0570299373477,0.0814713390681,0.0826862364621,0.0930398587578,0.0728529947259,0.0814713390681,0.0570299373477,0.0814713390681,0.0983220071197,0.115218201063,0.0979354709036
305,0.00825438197433,0.291703016029,0.0177434716678,0.120588909285,0.242320728771,0.112620541881,0.0530740886841,0.0522515611044,0.00911100322348,0.00585811836334,0.0128150489345,0.0736591300823,1,0.3,10,1,3,1,20,0.0868313476308,0.0607819433415,0.0868313476308,0.0806806261444,0.0978865413778,0.0712837114595,0.0868313476308,0.0607819433415,0.0868313476308,0.0886802688134,0.104097067567,0.0884825074318
306,0.225645570421,0.319668693587,0.0432643775642,0.00155894698814,0.0136310122793,0.00454468885393,0.123783859537,0.0780356513259,0.110031526558,0.0108390703801,0.0095436039866,0.0594529985195,1,0.3,10,1,3,1,20,0.0903463646639,0.0632424552647,0.0903463646639,0.0795015708671,0.0930652731574,0.0771904986477,0.0903463646639,0.0632424552647,0.0903463646639,0.0826520481447,0.0971460756747,0.0825741643235
307,0.0500993924853,0.0612200745065,0.222089765842,0.0175496069054,0.0615083798921,0.191759296074,0.0889853553868,0.122327535687,0.0068512405492,0.00245100242026,0.168023547763,0.00713480248881,1,0.3,10,1,3,1,20,0.0890250734579,0.0623175514205,0.0890250734579,0.0799247052198,0.0960565024709,0.0739479905587,0.0890250734579,0.0623175514205,0.0890250734579,0.0848746205696,0.0997085321666,0.0847522523416
308,0.13650772819,0.0751227433637,0.0983338967454,0.364936663013,0.135067498837,0.00678974734292,0.071636597954,0.00921195151186,0.0234258160823,0.0178224435354,0.0454074895299,0.0157374238943,1,0.3,10,1,3,1,20,0.102497722957,0.0717484060701,0.102497722957,0.0750077999648,0.100938121336,0.0763334613431,0.102497722957,0.0717484060701,0.102497722957,0.0609085768146,0.0720672089579,0.0612571276142
309,0.256791959797,0.08512691859,0.0300158468048,0.0266949051005,0.0182180611904,0.184776165001,0.104842676305,0.190076355387,0.0440297187549,0.05070990582,0.00752286894829,0.00119461830133,1,0.3,10,1,3,1,20,0.0812807825024,0.0568965477517,0.0812807825024,0.082824656333,0.0889253059171,0.0763268114306,0.0812807825024,0.0568965477517,0.0812807825024,0.0988100113717,0.115782156451,0.0984148329834
310,0.00692234960835,0.105264667074,0.00155714165779,0.0148869170079,0.0636188024096,0.173556760425,0.261251834249,0.10762128779,0.0690222969473,0.0178610257858,0.135926444969,0.0425104720764,1,0.3,10,1,3,1,20,0.0817830590369,0.0572481413259,0.0817830590369,0.08268891981,0.0863131029844,0.0788383824547,0.0817830590369,0.0572481413259,0.0817830590369,0.0980194618979,0.114871142732,0.0976404713219
311,0.138578855909,0.103737002699,0.0305330816794,0.00810491684369,0.0190906048595,0.0508554650547,0.209478648119,0.0488230898019,0.0990633007621,0.14133885726,0.0704207967539,0.0799753802586,1,0.3,10,1,3,1,20,0.0829588064046,0.0580711644832,0.0829588064046,0.0821868346759,0.0910263477398,0.0753294245409,0.0829588064046,0.0580711644832,0.0829588064046,0.0957700301754,0.112275572045,0.0954342362382
312,0.222118168949,0.00993447691332,0.0494581545963,0.113795284245,0.0419760914566,0.0710916144934,0.169275774036,0.0138476903184,0.0212633958677,0.0772993710058,0.101716655133,0.108223322986,1,0.3,10,1,3,1,20,0.0873467062089,0.0611426943462,0.0873467062089,0.0807067684977,0.0854904299024,0.0822846033582,0.0873467062089,0.0611426943462,0.0873467062089,0.0882270452098,0.103577805137,0.0880411343668
313,0.132612153407,0.0990615205638,0.126167503428,0.211021709868,0.141828571824,0.0469421281444,0.0675621717982,0.0191612700645,0.0885766894402,0.00573309408733,0.00710044645651,0.0542327409187,1,0.3,10,1,3,1,20,0.0936287351715,0.06554011462,0.0936287351715,0.0782973562979,0.0946245386931,0.0774509233045,0.0936287351715,0.06554011462,0.0936287351715,0.07679952129,0.0903959408047,0.076836549684
314,0.106793469241,0.0301493048426,0.00559972273141,0.268268850046,0.078062558621,0.0331942220312,0.0150015733909,0.104281014781,0.00157678980469,0.0112182542677,0.0240189864266,0.321835253816,1,0.3,10,1,3,1,20,0.0813224772207,0.0569257340545,0.0813224772207,0.0828178307794,0.0884475470006,0.0767615214665,0.0813224772207,0.0569257340545,0.0813224772207,0.0987539983927,0.115717689389,0.0983600359803
315,0.262394596754,0.126697564886,0.0235937900119,0.0411918710571,0.0215885891135,0.140026677385,0.000612964415885,0.116489135531,0.0427159263097,0.108036093919,0.0574008917929,0.0592518988238,1,0.3,10,1,3,1,20,0.092357516152,0.0646502613064,0.092357516152,0.0788496278076,0.08897547231,0.0817243650732,0.092357516152,0.0646502613064,0.092357516152,0.0792519840581,0.0932259262327,0.0792420372978
316,0.221245100546,0.00652112177331,0.13700772206,2.0388891968e-05,0.00480688493819,0.12223951634,0.014580412485,0.0090922546797,0.216548009394,0.066830945543,0.193549731344,0.00755791200401,1,0.3,10,1,3,1,20,0.0895014075956,0.0626509853169,0.0895014075956,0.0798819046249,0.0885322631193,0.0807056774297,0.0895014075956,0.0626509853169,0.0895014075956,0.0843108239026,0.0990603945445,0.0842013353628
317,0.307164702084,0.0190181116032,0.0355049150258,0.00786410396512,0.0947461079238,0.0101021915322,0.149934806384,0.0113560632104,0.00894680146938,0.15181927862,0.148231157243,0.0553117609393,1,0.3,10,1,3,1,20,0.0827525484719,0.0579267839303,0.0827525484719,0.0822811790965,0.0898315267296,0.0762640475775,0.0827525484719,0.0579267839303,0.0827525484719,0.0961781975547,0.11274664178,0.0958346455132
318,0.00866944291808,0.021029759794,0.0330698051886,0.0353247290992,0.135269717935,0.0585503803632,0.0609676621796,0.00168060418212,0.274079068924,0.0597398383478,0.201077761749,0.110541229319,1,0.3,10,1,3,1,20,0.0822511166089,0.0575757816262,0.0822511166089,0.082431786181,0.0915524825301,0.074525625148,0.0822511166089,0.0575757816262,0.0822511166089,0.0970000877656,0.113694047939,0.0966399407481
319,0.047474150437,0.00680832895257,0.0323018957462,0.1212218616,0.182577831914,0.0357176882073,0.190291923834,0.106986749044,0.059428026231,0.156761649106,0.0579868457898,0.00244304913867,1,0.3,10,1,3,1,20,0.095330010284,0.0667310071988,0.095330010284,0.0777960550654,0.0882168382384,0.0838422513042,0.095330010284,0.0667310071988,0.095330010284,0.0740319371658,0.0872058717256,0.0741249909667
320,0.0922948462864,0.0933025161824,0.182710540129,0.0477277988002,0.0588311086544,0.0234016985293,0.0478885135907,0.260890114172,0.0943671752942,0.00906139728139,0.0797975915735,0.0097266995071,1,0.3,10,1,3,1,20,0.0863705311644,0.0604593718151,0.0863705311644,0.0809470088247,0.0919513056641,0.0762033504999,0.0863705311644,0.0604593718151,0.0863705311644,0.0897124927905,0.105289175099,0.0894957988341
321,0.0604367165119,0.226586146166,0.0538651140917,0.15775164143,0.0460343717929,0.0617806218281,0.0356176246785,0.0609772154232,0.101788182953,0.0567296168447,0.13513225266,0.00330049561899,1,0.3,10,1,3,1,20,0.0855330895564,0.0598731626895,0.0855330895564,0.0810890579066,0.101255954139,0.0677246230113,0.0855330895564,0.0598731626895,0.0855330895564,0.0908482441847,0.106596452516,0.0906069846383
322,0.0925045939546,0.108049163452,0.0257922886008,0.185832848578,0.0919052532128,0.0373557229058,0.0425398390075,0.0138441864504,0.057740578947,0.16548887343,0.155782212874,0.0231644385873,1,0.3,10,1,3,1,20,0.0838292223,0.05868045561,0.0838292223,0.0819498102622,0.0866053342463,0.079590115108,0.0838292223,0.05868045561,0.0838292223,0.0943961573012,0.110692314953,0.0940884677096
323,0.0946628166762,0.0665813429218,0.183220743619,0.0309146274018,0.0945040562453,0.181876937044,0.108549196239,0.0734198517183,0.00778528597773,0.00575920282812,0.0665524962142,0.0861734431148,1,0.3,10,1,3,1,20,0.0957857425324,0.0670500197727,0.0957857425324,0.0774713176816,0.0976867765905,0.0758554387322,0.0957857425324,0.0670500197727,0.0957857425324,0.0728784770689,0.0858729622982,0.0729920179535
324,0.107741183907,0.013238287373,0.00586658087328,0.0662494867787,0.0161941372092,0.0741983723204,0.0145908469454,0.215902131556,0.338824547295,0.0524543916191,0.0335719992936,0.06116803483,1,0.3,10,1,3,1,20,0.0847713487325,0.0593399441128,0.0847713487325,0.0815773136809,0.0886302807717,0.0782972214476,0.0847713487325,0.0593399441128,0.0847713487325,0.0926582199949,0.108687395108,0.0923842858416
325,0.0343403757277,0.096056607936,0.226472435879,0.223685952954,0.0404453174621,0.0130025320487,0.0438545795295,0.0412164029868,0.112062484722,0.0816574283782,0.0609928179648,0.0262130644114,1,0.3,10,1,3,1,20,0.0887220737709,0.0621054516396,0.0887220737709,0.0799808453071,0.0991443979649,0.0711218697422,0.0887220737709,0.0621054516396,0.0887220737709,0.0852958193623,0.100193442843,0.0851644264169
326,0.247777835617,0.220136793575,0.0211225916335,0.00442687970154,0.0341224384907,0.0797721474663,0.119136362561,0.0312082921778,0.002219574568,0.135277779284,0.0461290406552,0.0586702642702,1,0.3,10,1,3,1,20,0.0903679834537,0.0632575884176,0.0903679834537,0.0793942448639,0.098913649177,0.0721304289991,0.0903679834537,0.0632575884176,0.0903679834537,0.0823984355966,0.0968519625478,0.0823241681656
327,0.102067417897,0.0443257110246,0.00723157327388,0.168527149779,0.0395105014152,0.0295051177538,0.0247478781061,0.0812782887293,0.0269198674029,0.0900335675344,0.181178903895,0.204674023189,1,0.3,10,1,3,1,20,0.0850950112192,0.0595665078535,0.0850950112192,0.0815326985973,0.0844300003397,0.082097957845,0.0850950112192,0.0595665078535,0.0850950112192,0.0922415190041,0.108207980341,0.0919767832895
328,0.19210857562,0.0573255957214,0.0591643920403,0.179178385485,0.032282493649,0.0225787241324,0.0593491774451,0.105614084835,0.0360769032602,0.0152054389325,0.122206630243,0.118909598636,1,0.3,10,1,3,1,20,0.08185606548,0.057299245836,0.08185606548,0.0826386053424,0.0877298771189,0.0776458654493,0.08185606548,0.057299245836,0.08185606548,0.0978383761283,0.114661903983,0.0974626183858
329,0.0495491795742,0.101614878938,0.0274981719301,0.0267459718782,0.129755218752,0.0785235652779,0.0553209151488,0.243066125887,0.147002243689,0.09627331978,0.0331494575896,0.011500951555,1,0.3,10,1,3,1,20,0.0910429571322,0.0637300699925,0.0910429571322,0.0792947093475,0.0905357246613,0.0797258569478,0.0910429571322,0.0637300699925,0.0910429571322,0.0815153854276,0.0958358676227,0.0814604874793
330,0.0674252636669,0.0427147374921,0.0324872138371,0.230344417759,0.0134695935864,0.019489058717,0.0852249687438,0.246224433429,0.161241564522,0.00148261921857,0.0540481492699,0.0458479797583,1,0.3,10,1,3,1,20,0.0847064364664,0.0592945055265,0.0847064364664,0.0816385067044,0.0864039613449,0.0801956105577,0.0847064364664,0.0592945055265,0.0847064364664,0.092854837609,0.108914771279,0.0925775555868
331,0.0316398314566,0.316771391316,0.0502313004574,0.00282040684587,0.0167923139237,0.077281720068,0.0624181936565,0.0189617092885,0.0194245081604,0.0802163344983,0.135477383159,0.18796490717,1,0.3,10,1,3,1,20,0.0925357561605,0.0647750293123,0.0925357561605,0.0787834083934,0.0891087712719,0.0816963455487,0.0925357561605,0.0647750293123,0.0925357561605,0.0789323875022,0.0928572994687,0.0789287045484
332,0.0121918902073,0.008173598655,0.0442844376854,0.0700546968079,0.0268014903939,0.12529400001,0.372550579289,0.126409751742,0.0440240603519,0.0288510870547,0.131932283593,0.0094321242107,1,0.3,10,1,3,1,20,0.0831222730434,0.0581855911303,0.0831222730434,0.0820408243234,0.0961576293721,0.0709607714439,0.0831222730434,0.0581855911303,0.0831222730434,0.095292399143,0.111723297991,0.0949648032924
333,0.387835192376,0.0489688352725,0.115327806556,0.0113901330681,0.00895449157065,0.014364591007,0.0206901289885,0.0537858141418,0.109912915126,0.178854747413,0.00905267200703,0.0408626724731,1,0.3,10,1,3,1,20,0.0932831868253,0.0652982307777,0.0932831868253,0.0785287526142,0.0883151390524,0.0827515932212,0.0932831868253,0.0652982307777,0.0932831868253,0.0776420208163,0.0913693434807,0.0776639419586
334,0.241099128191,0.0948182805951,0.00663023238414,0.13426713412,0.130019716394,0.0262925984724,0.034364719168,0.0655065863743,0.102382740603,0.0259441163671,0.079224879047,0.0594498682838,1,0.3,10,1,3,1,20,0.0870333286648,0.0609233300653,0.0870333286648,0.0806995574606,0.0925180583884,0.0760375371955,0.0870333286648,0.0609233300653,0.0870333286648,0.0885214332752,0.103915372373,0.0883280665173
335,0.0253736537633,0.00588061325866,0.0448478645734,0.100639370616,0.191293702084,0.178198913887,0.051926605908,0.04250806911,0.0650721343001,0.255054915298,0.00475735110661,0.0344468060958,1,0.3,10,1,3,1,20,0.0830554289516,0.0581388002661,0.0830554289516,0.0820691235881,0.095904089449,0.0711477621653,0.0830554289516,0.0581388002661,0.0830554289516,0.0954197536074,0.111870245866,0.0950897089858
336,0.0037964977125,0.0596735371899,0.0688555876619,0.194676174302,0.0521517637593,0.0775635024783,0.0851608623225,0.156856117935,0.0640370932736,0.00433416841982,0.158071200431,0.0748234945146,1,0.3,10,1,3,1,20,0.089860152839,0.0629021069873,0.089860152839,0.0796590260924,0.0940632472119,0.0760863958755,0.089860152839,0.0629021069873,0.089860152839,0.0834737005066,0.0980934080989,0.0833793968841
337,0.0182182743175,0.13909473155,0.078034355307,0.108867750643,0.0225015970449,0.0517931367151,0.0081725545343,0.0206893383505,0.392653403858,0.0242154272252,0.00653531627333,0.129224114181,1,0.3,10,1,3,1,20,0.0905867122121,0.0634106985484,0.0905867122121,0.0794033882165,0.0937671388529,0.0767000255718,0.0905867122121,0.0634106985484,0.0905867122121,0.0822018545461,0.0966266739824,0.0821326728851
338,0.123358946149,0.0353752505431,0.0281893955125,0.000674392116474,0.261717469579,0.0100535701025,0.0413650068822,0.00687451214189,0.0862561099953,0.211543095225,0.176645205856,0.0179470458974,1,0.3,10,1,3,1,20,0.0917608642943,0.064232605006,0.0917608642943,0.079041727612,0.0902659391086,0.0803124140198,0.0917608642943,0.064232605006,0.0917608642943,0.0802578454194,0.0943856252169,0.0802277814343
339,0.0750129938517,0.226701258782,0.100552394072,0.112681743354,0.154371803497,0.10909398809,0.0205365265108,0.00283643974307,0.0466323546853,0.0111880812415,0.133524361687,0.0068680544852,1,0.3,10,1,3,1,20,0.0858426225567,0.0600898357897,0.0858426225567,0.0811954130921,0.088485952113,0.0789485829692,0.0858426225567,0.0600898357897,0.0858426225567,0.0907721829552,0.106512274089,0.0905354329755
340,0.0896300018606,0.0369415957628,0.0861707315617,0.0605067371778,0.0107141673618,0.0237939539302,0.0101441898511,0.0556260291993,0.0219896922458,0.0285804443864,0.0819676913805,0.493934765282,1,0.3,10,1,3,1,20,0.0959525002365,0.0671667501656,0.0959525002365,0.0774169247179,0.0973674062834,0.0762142545781,0.0959525002365,0.0671667501656,0.0959525002365,0.0725958282969,0.08554707289,0.0727150119565
341,0.1171596847,0.0186882643088,0.0391021859063,0.069343037602,0.175928256966,0.0531325214865,0.0522391948237,0.142781730469,0.162266459636,0.0526050664948,0.101444107233,0.0153094903739,1,0.3,10,1,3,1,20,0.0832834648373,0.0582984253861,0.0832834648373,0.0822679756532,0.0794185919299,0.0855531176245,0.0832834648373,0.0582984253861,0.0832834648373,0.0956244495505,0.11211089466,0.0952942604608
342,0.045739048063,0.0935967239402,0.101150260345,0.14651615089,0.0552157854618,0.225926538098,0.160667200869,0.0203187363719,0.00996884438567,0.0250121860511,0.00790782428379,0.10798070124,1,0.3,10,1,3,1,20,0.0846680392229,0.059267627456,0.0846680392229,0.0816003761862,0.089452797784,0.0775333314092,0.0846680392229,0.059267627456,0.0846680392229,0.0928103147353,0.108862577342,0.0925331907403
343,0.0119193330854,0.0358117191286,0.305799114562,0.0314490051135,0.0841136213933,0.220788410235,0.180738099748,0.0298561688639,0.00501727296101,0.0664733077036,0.00444155299365,0.023592394212,1,0.3,10,1,3,1,20,0.084642081392,0.0592494569744,0.084642081392,0.081577817894,0.0913248276565,0.0758974835691,0.084642081392,0.0592494569744,0.084642081392,0.092787181389,0.108835378365,0.0925100716101
344,0.00610187777517,0.030783090823,0.0279059335594,0.0114171066787,0.0944630294077,0.0869192967541,0.157297305455,0.261834563495,0.00840603673518,0.136027917924,0.128798553965,0.0500452874276,1,0.3,10,1,3,1,20,0.0917457739569,0.0642220417698,0.0917457739569,0.0790177954905,0.091989642974,0.078810506826,0.0917457739569,0.0642220417698,0.0917457739569,0.0802209893876,0.0943426410566,0.0801912448981
345,0.15093500162,0.0587217557166,0.149172466869,0.456236174121,0.0494131311259,0.00572827555327,0.0129397269976,0.0157488154692,0.0450122934414,0.0341209619341,0.00440411063574,0.0175672865165,1,0.3,10,1,3,1,20,0.0833859364863,0.0583701555404,0.0833859364863,0.0820959773652,0.08736171752,0.0787165634865,0.0833859364863,0.0583701555404,0.0833859364863,0.0951509227834,0.111562573956,0.0948281878627
346,0.0694033193,0.0816420752233,0.0581125264403,0.0400334783031,0.102735534629,0.280398622588,0.0123056775166,0.0324021361727,0.00330030382301,0.233169412899,0.0389299836902,0.0475669294144,1,0.3,10,1,3,1,20,0.0859606957074,0.0601724869952,0.0859606957074,0.0811907269861,0.0862729403737,0.0809253190198,0.0859606957074,0.0601724869952,0.0859606957074,0.09064524618,0.106366492227,0.090411518393
347,0.0525743757351,0.0352915529894,0.0785688708979,0.0219292682268,0.121300242981,0.00369447095394,0.0330545670614,0.0369296896805,0.265840007558,0.26460251051,0.0820771143982,0.00413732900733,1,0.3,10,1,3,1,20,0.0877618194095,0.0614332735866,0.0877618194095,0.0804563176289,0.0914530292502,0.0773187892643,0.0877618194095,0.0614332735866,0.0877618194095,0.0872745031689,0.10247758696,0.0871059489162
348,0.00717123787804,0.0645648160404,0.111642073032,0.037364077439,0.0332007358935,0.01767605089,0.075817267589,0.0310469315388,0.0414823545364,0.227840402683,0.109671759863,0.242522292617,1,0.3,10,1,3,1,20,0.0863850165567,0.0604695115897,0.0863850165567,0.0809369816572,0.0922350044475,0.07596449195,0.0863850165567,0.0604695115897,0.0863850165567,0.0896764675828,0.105247548625,0.0894604163312
349,0.146652380118,0.0272266981658,0.164433621256,0.0633161147039,0.206531688083,0.114822765195,0.147837884619,0.0815459046473,0.026906870683,0.00286245909242,0.0130950364326,0.00476857700394,1,0.3,10,1,3,1,20,0.0907934828856,0.0635554380199,0.0907934828856,0.0793082030796,0.0950005352707,0.0757322085523,0.0907934828856,0.0635554380199,0.0907934828856,0.0817913608612,0.0961529106236,0.0817299740301
350,0.0160967907125,0.0813873533056,0.023312947075,0.0161671655004,0.00455563030741,0.112280798484,0.000525799640323,0.012433429753,0.0259313763313,0.225823163657,0.446338643868,0.0351469013661,1,0.3,10,1,3,1,20,0.0871746414415,0.061022249009,0.0871746414415,0.0806313981087,0.0935435023007,0.0752178663784,0.0871746414415,0.061022249009,0.0871746414415,0.0882341673393,0.103583784913,0.0880462171759
351,0.0650273741771,0.00381717244154,0.127182843489,0.198147797076,0.116352964733,0.0586625265318,0.082895340823,0.0438134152009,0.0590412026911,0.0987583032486,0.074644093713,0.0716569658743,1,0.3,10,1,3,1,20,0.0851069198271,0.0595748438789,0.0851069198271,0.0814569585923,0.0886277524139,0.0784642508935,0.0851069198271,0.0595748438789,0.0851069198271,0.0920658561267,0.108004224274,0.0918035906331
352,0.0942701574285,0.127208982819,0.140627580707,0.0642316841501,0.146556376067,0.0225039446051,0.0351103699062,0.00405704926701,0.052415019729,0.150740516376,0.133599939353,0.0286783795928,1,0.3,10,1,3,1,20,0.0886994352545,0.0620896046781,0.0886994352545,0.0802016719555,0.0866508663795,0.0819429554993,0.0886994352545,0.0620896046781,0.0886994352545,0.0857960284253,0.100773798576,0.0856577287899
353,0.0124145805051,0.156347356259,0.0764675049269,0.150858505357,0.00550904546175,0.0262039723319,0.00775109605452,0.111160041314,0.0484300213963,0.272266387623,0.0715158891753,0.0610755995946,1,0.3,10,1,3,1,20,0.0852601194936,0.0596820836455,0.0852601194936,0.0813545000293,0.0914173135947,0.0761208850435,0.0852601194936,0.0596820836455,0.0852601194936,0.091692616602,0.107572994305,0.0914370451596
354,0.29836593805,0.0684152652025,0.00990640018353,0.192198343293,0.0782519589693,0.000522299832549,0.0515840965238,0.00347405974863,0.207840661026,0.0145788566652,0.0367756759753,0.0380864445303,1,0.3,10,1,3,1,20,0.0841857413512,0.0589300189459,0.0841857413512,0.0816872633797,0.0945132179295,0.0729089082882,0.0841857413512,0.0589300189459,0.0841857413512,0.0934754033722,0.109628218234,0.0931839854993
355,0.0512394483546,0.123745930143,0.0564350348179,0.0342743661689,0.0109350408735,0.249398333479,0.136117398627,0.0460398654888,0.0619527249738,0.0991823531488,0.0312934110358,0.0993860928893,1,0.3,10,1,3,1,20,0.0928809012278,0.0650166308595,0.0928809012278,0.0785559097003,0.0951977363131,0.0765865998778,0.0928809012278,0.0650166308595,0.0928809012278,0.0780987204059,0.0918941443636,0.078110022709
356,0.104246930323,0.0888454378563,0.0301834811563,0.131811203749,0.159476217668,0.0197054644244,0.0845622819964,0.0457100111152,0.0736175184328,0.0688606966987,0.137201174777,0.0557795818026,1,0.3,10,1,3,1,20,0.0837913746763,0.0586539622734,0.0837913746763,0.0818822624956,0.0913704580359,0.07544004164,0.0837913746763,0.0586539622734,0.0837913746763,0.0942874389722,0.110565608435,0.0939807671694
357,0.103329759531,0.112792537267,0.0383389917016,0.0573204038114,0.336188517222,0.0341812077223,0.0836477518411,0.0394491904526,0.0871143679843,0.0572057533153,0.0496310008811,0.000800518270625,1,0.3,10,1,3,1,20,0.0877859035268,0.0614501324688,0.0877859035268,0.0805168035417,0.0873927452348,0.0808509880899,0.0877859035268,0.0614501324688,0.0877859035268,0.0873815561324,0.102602177274,0.0872118506827
358,0.0235570579417,0.163751824214,0.0189088046991,0.0298513688224,0.0971124823693,0.0502648289855,0.0386520588943,0.0418226208148,0.00764321318382,0.000213080217626,0.251327817475,0.276894842383,1,0.3,10,1,3,1,20,0.098774501181,0.0691421508267,0.098774501181,0.0765741795454,0.0873969450444,0.0862451022615,0.098774501181,0.0691421508267,0.098774501181,0.067980827888,0.0802273723692,0.0681932665139
359,0.0559916834743,0.0979135001483,0.159717036252,0.0614258323773,0.100471591181,0.0492652979253,0.229741279632,0.131997983869,0.0190967112953,0.0225417525986,0.00698914542872,0.0648481858182,1,0.3,10,1,3,1,20,0.0866692342608,0.0606684639826,0.0866692342608,0.0807721064575,0.0959296517697,0.072900751575,0.0866692342608,0.0606684639826,0.0866692342608,0.0890385714503,0.104510839859,0.0888342138801
360,0.124151144108,0.1371318023,0.144721193208,0.098426184051,0.136114385269,0.155944546161,0.00529770395421,0.0634689996894,0.0170813388634,0.0271322186636,0.0635319756984,0.0269985080354,1,0.3,10,1,3,1,20,0.0886867033172,0.062080692322,0.0886867033172,0.0800596590747,0.0952605352498,0.074471901932,0.0886867033172,0.062080692322,0.0886867033172,0.0855013414177,0.100431548331,0.0853668160816
361,0.0217108140838,0.215529453924,0.239651512268,0.0806947834235,0.0723030400655,0.0432977687192,0.0348603410252,0.0391402996633,0.1416653068,0.0440908893683,0.0247218668919,0.0423339237668,1,0.3,10,1,3,1,20,0.0870974283323,0.0609681998326,0.0870974283323,0.0807390239432,0.0888491024601,0.0792501009346,0.0870974283323,0.0609681998326,0.0870974283323,0.088543422183,0.103941749992,0.088350487493
362,0.0940966883546,0.174649942847,0.0281194081071,0.00870956080584,0.100381186307,0.0462252042443,0.107369656033,0.0472877412165,0.0904159383588,0.0107508048995,0.205593612666,0.0864002561593,1,0.3,10,1,3,1,20,0.0902311321226,0.0631617924858,0.0902311321226,0.0795511561629,0.0925811952695,0.077553602488,0.0902311321226,0.0631617924858,0.0902311321226,0.0828733259411,0.0974014090142,0.0827911976621
363,0.0720591478501,0.0965763489966,0.0131860544,0.0251524183862,0.0548960085368,0.307428348908,0.143938044836,0.0428872306121,0.0553799191537,0.00116042761961,0.0186616000919,0.168674450608,1,0.3,10,1,3,1,20,0.0843858639142,0.0590701047399,0.0843858639142,0.0817669066148,0.0856178867251,0.0807196872255,0.0843858639142,0.0590701047399,0.0843858639142,0.093449772057,0.109601125536,0.0931609567053
364,0.218331363091,0.0886729217299,0.00139436042631,0.0128904652244,0.0876154061681,0.0979137765103,0.182347529664,0.113993203135,0.0660236898701,0.0651570385794,0.0636138889515,0.00204635664974,1,0.3,10,1,3,1,20,0.090836055036,0.0635852385252,0.090836055036,0.0793927728706,0.0891360311256,0.0808377931944,0.090836055036,0.0635852385252,0.090836055036,0.0819322372432,0.0963170099308,0.0818694584412
365,0.127115234601,0.0335798563454,0.302432898023,0.00457341039409,0.0111141619334,0.0449555064866,0.128806554041,0.021332306636,0.0463693863207,0.0436342603081,0.0152500836973,0.220836341213,1,0.3,10,1,3,1,20,0.0880833549507,0.0616583484655,0.0880833549507,0.0802889039302,0.0945103483387,0.0748259595504,0.0880833549507,0.0616583484655,0.0880833549507,0.0865941997833,0.101692146845,0.0864383248185
366,0.0832520693177,0.0362174532076,0.0199734119489,0.0360980212365,0.0578892779458,0.00450105950636,0.446893524859,0.0753869411415,0.0600375742216,0.101130541327,0.0738490251004,0.00477110018767,1,0.3,10,1,3,1,20,0.089315506751,0.0625208547257,0.089315506751,0.0799472660738,0.0886108015763,0.0805462654723,0.089315506751,0.0625208547257,0.089315506751,0.0846361420787,0.0994355612666,0.0845202270766
367,0.016729442865,0.181632238193,0.0291631614473,0.134055514151,0.0971416557209,0.0394330567039,0.00281531834561,0.167252607101,0.171669612826,0.0672524822085,0.0853335570301,0.00752135340739,1,0.3,10,1,3,1,20,0.0924591501727,0.0647214051209,0.0924591501727,0.0789151932061,0.0829825601249,0.0869702947468,0.0924591501727,0.0647214051209,0.0924591501727,0.0792933159419,0.0932752567825,0.0792839682651
368,0.226938401559,0.0200795178838,0.00975875162364,0.0789463266879,0.123841133217,0.0287527794674,0.108078893893,0.00657387757578,0.105539214848,0.156760872642,0.000775577092125,0.133954653511,1,0.3,10,1,3,1,20,0.0832747680152,0.0582923376106,0.0832747680152,0.0821819379371,0.0846554329033,0.0810083727822,0.0832747680152,0.0582923376106,0.0832747680152,0.0954468876846,0.111904660222,0.0951189611888
369,0.244049485857,0.1706928147,0.164633602327,0.0396332885483,0.0289181250693,0.0705698947612,0.055166346777,0.0405635587485,0.0138759592791,0.131671326623,0.011482766744,0.0287428305656,1,0.3,10,1,3,1,20,0.0930451032007,0.0651315722405,0.0930451032007,0.078523773345,0.09362494702,0.0780309060986,0.0930451032007,0.0651315722405,0.0930451032007,0.0778667576372,0.0916270587111,0.0778829999044
370,0.00913905625165,0.195642480806,0.0243803391271,0.142425566915,0.132244463992,0.0886186439858,0.048038097246,0.0354143594649,0.11574131447,0.168944467243,0.015461891151,0.0239493193479,1,0.3,10,1,3,1,20,0.0965744328312,0.0676021029818,0.0965744328312,0.0772593075699,0.0935187816576,0.0798566110675,0.0965744328312,0.0676021029818,0.0965744328312,0.0716395714846,0.0844452923958,0.0717784985365
371,0.143050804994,0.0363903676869,0.034597464618,0.203662273356,0.0440502259847,0.137424490429,0.0569185604264,0.0209136975899,0.134311503185,0.00516711542115,0.0911558493615,0.0923576469476,1,0.3,10,1,3,1,20,0.101946269699,0.0713623887893,0.101946269699,0.0753785076561,0.0907852539179,0.0848653710699,0.101946269699,0.0713623887893,0.101946269699,0.062256192074,0.0736242264366,0.0625805924711
372,0.163243581695,0.0320996539574,0.0186820002132,0.0826066148088,0.146521946456,0.0319151786239,0.047254821637,0.0894430161575,0.0479265333391,0.289506663186,0.0485262659299,0.00227372399672,1,0.3,10,1,3,1,20,0.0831822092684,0.0582275464879,0.0831822092684,0.0822160840108,0.0846003783427,0.0810106402976,0.0831822092684,0.0582275464879,0.0831822092684,0.0956123299893,0.112095479627,0.095281157683
373,0.00702879055529,0.13131331668,0.0074208598833,0.0261874392116,0.0437872936015,0.133230798358,0.0542881822962,0.145792572823,0.157289887999,0.0927843079205,0.0203041545967,0.180572396076,1,0.3,10,1,3,1,20,0.0879817376773,0.0615872163741,0.0879817376773,0.0802707984569,0.0977152716228,0.0719972946032,0.0879817376773,0.0615872163741,0.0879817376773,0.0866555430756,0.101762004748,0.0864977040359
374,0.0227653419749,0.0826536056268,0.0320323906366,0.0333206475513,0.142458224838,0.0208640682108,0.11206049639,0.170718846707,0.222280420514,0.0652030433582,0.04732226978,0.0483206444123,1,0.3,10,1,3,1,20,0.0921620869744,0.0645134608821,0.0921620869744,0.0788614951366,0.0923968737929,0.0786619263408,0.0921620869744,0.0645134608821,0.0921620869744,0.0794709793253,0.0934775436446,0.0794559120979
375,0.00840794685487,0.0603277630543,0.0497878935713,0.154757367506,0.0616782038032,0.230186192452,0.0937322051965,0.0997760775379,0.039344850403,0.148148963221,0.0367831159809,0.0170694204195,1,0.3,10,1,3,1,20,0.0873427933619,0.0611399553533,0.0873427933619,0.0806750675229,0.0874348970754,0.0805967793664,0.0873427933619,0.0611399553533,0.0873427933619,0.0881623225681,0.10350262125,0.0879772280628
376,0.00849040313964,0.0589713739236,0.0184551468651,0.0213740812499,0.0381641218719,0.101806971074,0.0980655016985,0.164064987933,0.081256478851,0.0184070839758,0.324082574396,0.0668612750225,1,0.3,10,1,3,1,20,0.0865987301188,0.0606191110832,0.0865987301188,0.0808597802479,0.0922657838418,0.0760427845833,0.0865987301188,0.0606191110832,0.0865987301188,0.089298018454,0.104811075801,0.0890894144307
377,0.103818145393,0.0463623480353,0.0827225210529,0.0916487235187,0.0204139969078,0.0750456336803,0.152403292341,0.0226981432174,0.0392057336293,0.0526419202845,0.137765088293,0.175274453647,1,0.3,10,1,3,1,20,0.0950782260119,0.0665547582083,0.0950782260119,0.0777976401953,0.0934298011612,0.0791988013183,0.0950782260119,0.0665547582083,0.0950782260119,0.0742844303406,0.0874956251462,0.0743712813743
378,0.0287533220236,0.000325567110213,0.195490197032,0.0502199785495,0.00335149922929,0.0435777611108,0.0573144657878,0.272537656967,0.0208784278391,0.0424248245779,0.155528705953,0.12959759382,1,0.3,10,1,3,1,20,0.0895050377927,0.0626535264549,0.0895050377927,0.0797792261798,0.0944867464473,0.0755447738234,0.0895050377927,0.0626535264549,0.0895050377927,0.0840850617377,0.0987983717466,0.0839786159846
379,0.0792472475265,0.14768852199,0.0240352932058,0.0722922362871,0.0905540155905,0.0194662334098,0.148163197681,0.0454246736224,0.00122667903058,0.137934247835,0.189575650401,0.0443920034212,1,0.3,10,1,3,1,20,0.0866439014044,0.0606507309831,0.0866439014044,0.0809112579044,0.0882902262548,0.0795118817816,0.0866439014044,0.0606507309831,0.0866439014044,0.0893647204529,0.104889105958,0.0891557400644
380,0.102532037869,0.0610970962649,0.184114726974,0.0124124944313,0.194711531324,0.0408567344973,0.163511007853,0.0495154893781,0.00315815251409,0.0274932175401,0.0556473675451,0.10495014381,1,0.3,10,1,3,1,20,0.0863704341903,0.0604593039332,0.0863704341903,0.0808812785536,0.0958141237523,0.0728541424259,0.0863704341903,0.0604593039332,0.0863704341903,0.0895703643867,0.105124187164,0.0893555590898
381,0.00787819111141,0.0398158348931,0.15097319471,0.0835216505107,0.105627716066,0.0530283746332,0.0490109657889,0.0727701453554,0.054349772092,0.195102276675,0.07445575567,0.113466122495,1,0.3,10,1,3,1,20,0.0773968266241,0.0541777786369,0.0773968266241,0.0841630630703,0.092161774661,0.0716128572389,0.0773968266241,0.0541777786369,0.0773968266241,0.105547981736,0.123552140283,0.10501931924
382,0.0188628704242,0.193755202815,0.0181157900359,0.0608184381423,0.0826920892906,0.426526147452,0.0381357054594,0.0381891994834,0.0250316574872,0.0333096592034,0.0436073617754,0.0209558784306,1,0.3,10,1,3,1,20,0.0922089365548,0.0645462555884,0.0922089365548,0.0789798837282,0.0844558253524,0.0855700282502,0.0922089365548,0.0645462555884,0.0922089365548,0.0796808001661,0.0937217324903,0.0796634726168
383,0.068068732866,0.244195798225,0.115161848682,0.0662378373021,0.0651419172145,0.030948515905,0.0241693992354,0.14017502158,0.0191603849223,0.0136377005004,0.14065425683,0.0724485867376,1,0.3,10,1,3,1,20,0.0900814109667,0.0630569876767,0.0900814109667,0.0796221740261,0.0915650491038,0.0783610816095,0.0900814109667,0.0630569876767,0.0900814109667,0.0831750945138,0.0977497197442,0.0830872617826
384,0.0523187258312,0.032169430168,0.00412994271161,0.066276688934,0.144243189473,0.114955577489,0.00781566531996,0.254815663246,0.131475675641,0.0487310846107,0.0639615172669,0.0791068393093,1,0.3,10,1,3,1,20,0.0822493449657,0.057574541476,0.0822493449657,0.0824866490786,0.0883673563069,0.0772863394385,0.0822493449657,0.057574541476,0.0822493449657,0.0971205502386,0.113833860607,0.0967587815159
385,0.0106245709108,0.0187069861136,0.253551963826,0.114445732166,0.0366321811362,0.103907909011,0.00297094368763,0.22514462865,0.0345297976329,0.0340215196281,0.139915876587,0.0255478906506,1,0.3,10,1,3,1,20,0.08974484275,0.062821389925,0.08974484275,0.0796855648484,0.0949344795841,0.0752743735395,0.08974484275,0.062821389925,0.08974484275,0.0836451879023,0.098290942311,0.0835473009644
386,0.129653341625,0.0479171962265,0.0849315249209,0.00287881128101,0.0192331353648,0.0557049950414,0.171413393071,0.248511553084,0.0466902248989,0.0318996717015,0.161162372144,3.78064175934e-06,1,0.3,10,1,3,1,20,0.0922884041365,0.0646018828956,0.0922884041365,0.0787131129327,0.098450353081,0.0734754563299,0.0922884041365,0.0646018828956,0.0922884041365,0.0790249642001,0.0929614762806,0.0790172548385
387,0.266870485522,0.0411468751928,0.159413690954,0.0756495355808,0.0133248932886,0.123319268424,0.0470959375193,0.0972947058268,0.0582221070284,0.00551198321811,0.0939588307637,0.0181916866809,1,0.3,10,1,3,1,20,0.0867525588324,0.0607267911827,0.0867525588324,0.0808262282946,0.0909947466825,0.0772203686221,0.0867525588324,0.0607267911827,0.0867525588324,0.0890732538347,0.104552208038,0.0888693768327
388,0.0396694345718,0.422028512872,0.00313928766061,0.0181330499888,0.0171673195228,0.0322013702327,0.120496130808,0.0366892993625,0.0889167003745,0.0405040321954,0.100419965334,0.0806348970768,1,0.3,10,1,3,1,20,0.0750821890154,0.0525575323107,0.0750821890154,0.0851398497377,0.0835669833715,0.0779277745349,0.0750821890154,0.0525575323107,0.0750821890154,0.109951134899,0.128632668527,0.109337768248
389,0.139725067472,0.0323122300658,0.0342271275444,0.0274348673543,0.125228597085,0.0255601007415,0.109557076729,0.035913454392,0.129429424787,0.176873464445,0.0578302528913,0.105908336492,1,0.3,10,1,3,1,20,0.0908396518149,0.0635877562704,0.0908396518149,0.0793825979502,0.089657873599,0.0803871094337,0.0908396518149,0.0635877562704,0.0908396518149,0.0819066632786,0.0962873707773,0.0818442651607
390,0.006947028559,0.0206880668843,0.0968834632461,0.335989508202,0.0512857978402,0.0200309009402,0.0978217546299,0.00389127912453,0.134946861426,0.00695585853601,0.208410970409,0.0161485102026,1,0.3,10,1,3,1,20,0.0812989489744,0.0569092642821,0.0812989489744,0.0827930700602,0.0903977392685,0.0750590983102,0.0812989489744,0.0569092642821,0.0812989489744,0.0987236962006,0.115682200918,0.0983298707805
391,0.051692491395,0.0624230965417,0.161751731929,0.0753959206481,0.104742393728,0.0610044659124,0.0689868008884,0.0502405138621,0.00570202638271,0.0262416001763,0.232968763876,0.09885019466,1,0.3,10,1,3,1,20,0.0788256627399,0.0551779639179,0.0788256627399,0.0837623646913,0.0855863448602,0.078015784889,0.0788256627399,0.0551779639179,0.0788256627399,0.10326757259,0.120923975229,0.102785378945
392,0.0725402764258,0.025902116047,0.00221995071208,0.0355766467557,0.00247805980756,0.120429659251,0.339667367955,0.0521204852667,0.097690804641,0.00331236042484,0.230899559839,0.0171627128738,1,0.3,10,1,3,1,20,0.0830355625275,0.0581248937692,0.0830355625275,0.0821185117346,0.0934218586332,0.0732901600447,0.0830355625275,0.0581248937692,0.0830355625275,0.0955462692876,0.112016844676,0.0952143179749
393,0.0988914330731,0.188450722875,0.0298323996357,0.153548618607,0.0511540379015,0.0238621704785,0.0372291869759,0.0528478743256,0.13155423606,0.0855928037985,0.0555058593426,0.091530656926,1,0.3,10,1,3,1,20,0.0916087902015,0.064126153141,0.0916087902015,0.0790189802182,0.0948068334194,0.076300643483,0.0916087902015,0.064126153141,0.0916087902015,0.0803590562765,0.0945010916297,0.0803259278852
394,0.140171554057,0.0176572508713,0.011604393618,0.0229320483524,0.0518938187664,0.0396069095567,0.0341216072442,0.270232920698,0.0272474421158,0.0658292741659,0.0848516568398,0.233851123715,1,0.3,10,1,3,1,20,0.0997618162577,0.0698332713804,0.0997618162577,0.0760477099584,0.097513447246,0.0779588236184,0.0997618162577,0.0698332713804,0.0997618162577,0.0658650301143,0.0777844223087,0.0661167589624
395,0.14272931916,0.00877795146752,0.0856650385981,0.0545948236411,0.284131105217,0.0162354321852,0.00186281725003,0.0449814736532,0.174025506309,0.0298156035991,0.099699855892,0.0574810730284,1,0.3,10,1,3,1,20,0.0846972363842,0.0592880654689,0.0846972363842,0.0815948644341,0.0891612424349,0.077800459291,0.0846972363842,0.0592880654689,0.0846972363842,0.0927695070045,0.10881559479,0.0924932555712
396,0.0359232474939,0.0363474957342,0.0474437049961,0.0456222515314,0.0855677351955,0.111637262527,0.0568487299013,0.0448845890078,0.185437389942,0.0457246793261,0.275450311617,0.0291126027286,1,0.3,10,1,3,1,20,0.0863333366967,0.0604333356877,0.0863333366967,0.0809901574854,0.0902007300756,0.0777028731134,0.0863333366967,0.0604333356877,0.0863333366967,0.0898426485263,0.105439768993,0.089623803644
397,0.0222455797866,6.65022919351e-05,0.25238723999,0.135730225255,0.0975600795152,0.00297524838744,0.0480466699787,0.260526042766,0.0317260585101,0.0777742537087,0.0091136105449,0.0618484892657,1,0.3,10,1,3,1,20,0.0888372395468,0.0621860676827,0.0888372395468,0.0802152592816,0.0829487234236,0.0852204979863,0.0888372395468,0.0621860676827,0.0888372395468,0.0856891130006,0.100651520408,0.0855537923471
398,0.0614788949993,0.154323599801,0.00143689301511,0.171099256391,0.208533157033,0.0518044468545,0.10245836974,0.0104740618595,0.0205849700721,0.0828213164781,0.0127024432313,0.122282590525,1,0.3,10,1,3,1,20,0.0830172894779,0.0581121026345,0.0830172894779,0.0820900029694,0.0954814511689,0.0714954655321,0.0830172894779,0.0581121026345,0.0830172894779,0.0955026588292,0.11196597747,0.0951710808496
399,0.0850213535738,0.116905028709,0.15677893011,0.199387651358,0.0622586705187,0.108149472605,0.00394431315068,0.0330842798527,0.13977889658,0.0285080656739,0.0143015117258,0.0518818261419,1,0.3,10,1,3,1,20,0.0988481922713,0.0691937345899,0.0988481922713,0.0764381046342,0.0938365702709,0.0806979833346,0.0988481922713,0.0691937345899,0.0988481922713,0.0676135001152,0.079801947773,0.0678316556071
400,0.0581596695431,0.0151250515958,0.12906797542,0.0563240236859,0.134707417786,0.170688409557,0.117546740792,0.0524850202269,0.0404345293709,0.0163974005186,0.133721195705,0.0753425657987,1,0.3,10,1,3,1,20,0.0934829980664,0.0654380986465,0.0934829980664,0.0782703624337,0.0992813115211,0.0733417959973,0.0934829980664,0.0654380986465,0.0934829980664,0.076885275311,0.090493548745,0.0769195164333
401,0.00173700998124,0.0654772834155,0.278700647656,0.00852616942869,0.115634149942,0.0836987073251,0.0908977194694,0.071651045518,0.100790402453,0.111512579293,0.0358583285651,0.0355159569525,1,0.3,10,1,3,1,20,0.0966547511721,0.0676583258205,0.0966547511721,0.0771546132269,0.0979755563322,0.0760319288408,0.0966547511721,0.0676583258205,0.0966547511721,0.0713335880014,0.0840911660916,0.0714774911779
402,0.190589343261,0.00114436301785,0.150038038377,0.126800561179,0.00392071932685,0.100624679113,0.0252032823503,0.0117793572665,0.0089994883049,0.208060364523,0.140908486921,0.0319313163596,1,0.3,10,1,3,1,20,0.0881322716043,0.061692590123,0.0881322716043,0.0803149215591,0.0919512975338,0.077068749519,0.0881322716043,0.061692590123,0.0881322716043,0.0866021075775,0.101701976836,0.086446680311
403,0.00578310779731,0.230278007856,0.0926144767962,0.0228937936863,0.0245026909709,0.253729468305,0.00970840745005,0.0875281556381,0.123801292908,0.0131504693087,0.113741317434,0.0222688118485,1,0.3,10,1,3,1,20,0.0852892557752,0.0597024790426,0.0852892557752,0.0813884838437,0.0888072048341,0.0783982271437,0.0852892557752,0.0597024790426,0.0852892557752,0.0917373278988,0.107625283834,0.0914814912592
404,0.0218487416696,0.00662777755974,0.0793715520507,0.00579325010716,0.103233750409,0.00366331028718,0.0547712325795,0.113596160032,0.0500113932315,0.0884927035382,0.155238719442,0.317351409093,1,0.3,10,1,3,1,20,0.0940675165674,0.0658472615972,0.0940675165674,0.0781112541206,0.0963087325159,0.0762062205643,0.0940675165674,0.0658472615972,0.0940675165674,0.0759628017542,0.0894304873412,0.07601591424
405,0.0998456454893,0.0128107405377,0.15287079142,0.0382978231955,0.0541983436743,0.0538239927771,0.233263099999,0.0135662131273,0.0629681492163,0.115712414556,0.0540995630624,0.108543222944,1,0.3,10,1,3,1,20,0.0835921609965,0.0585145126976,0.0835921609965,0.0819537017443,0.0913725599406,0.0753403626419,0.0835921609965,0.0585145126976,0.0835921609965,0.0946390769984,0.110971150969,0.0943254783241
406,0.0575078899307,0.0419442179294,0.034558727617,0.0164563733988,0.103212651921,0.0511533342094,0.0453466471386,0.139993921482,0.131304875371,0.0529168124904,0.194342814723,0.131261733789,1,0.3,10,1,3,1,20,0.0859730421624,0.0601811295137,0.0859730421624,0.0811517161029,0.0883041205614,0.0791702994637,0.0859730421624,0.0601811295137,0.0859730421624,0.0905486230791,0.106254493576,0.0903163195397
407,0.144282531039,0.00292810331552,0.109082644823,0.115900953792,0.216577192417,0.0759697606468,0.0725870007879,0.0231212678381,0.0723844374794,0.0434113018375,0.05126885349,0.072485952534,1,0.3,10,1,3,1,20,0.0912583492084,0.0638808444459,0.0912583492084,0.0791859571352,0.092384319045,0.0782288827741,0.0912583492084,0.0638808444459,0.0912583492084,0.0810670076548,0.0953182419812,0.081020505684
408,0.104051960153,0.0583468208238,0.0469278141821,0.0963204730916,0.0136333544401,0.0146842131792,0.0115738563226,0.126508713006,0.0636189471493,0.155089315838,0.101170503261,0.208074028552,1,0.3,10,1,3,1,20,0.0929329978033,0.0650530984623,0.0929329978033,0.0785312930688,0.0955457579667,0.07631044693,0.0929329978033,0.0650530984623,0.0929329978033,0.0779939224103,0.0917731845872,0.0780072068991
409,0.163554732015,0.0697337341167,0.0238516397463,0.00338594262081,0.132493195465,0.225818658069,0.0387375907422,0.0712081773341,0.0153175336793,0.176923779472,0.0769391315461,0.00203588519395,1,0.3,10,1,3,1,20,0.102327444537,0.071629211176,0.102327444537,0.0752228464254,0.091895442086,0.0840900485089,0.102327444537,0.071629211176,0.102327444537,0.061542323374,0.0728006157324,0.0618805233725
410,0.0200271583701,0.0104916594152,0.0172027792992,0.0116177821559,0.0728717769237,0.100720794693,0.0464392326714,0.098468623813,0.326007661367,0.0389448393669,0.0614249440799,0.195782747845,1,0.3,10,1,3,1,20,0.086371811345,0.0604602679415,0.086371811345,0.0809249225449,0.0932216009036,0.0751026014201,0.086371811345,0.0604602679415,0.086371811345,0.0896634371032,0.1052322469,0.0894474098651
411,0.0500083722666,0.00946774345267,0.0777501413622,0.0915250092719,0.0413982572062,0.0433956065191,0.009316084409,0.148131100442,0.103842821229,0.246227888222,0.166481039104,0.0124559365153,1,0.3,10,1,3,1,20,0.0826503927098,0.0578552748969,0.0826503927098,0.0824033979225,0.0848056219146,0.0805714530984,0.0826503927098,0.0578552748969,0.0826503927098,0.0965437011923,0.1131695704,0.0961941348397
412,0.175485810765,0.0857251485153,0.0175080116112,0.12565036376,0.0570691607494,0.0619795746894,0.0446465422637,0.0389951414541,0.00484758746404,0.160016072098,0.139313000035,0.0887635865939,1,0.3,10,1,3,1,20,0.079025277697,0.0553176943879,0.079025277697,0.0837228199729,0.0837024093368,0.0797472580791,0.079025277697,0.0553176943879,0.079025277697,0.102984549634,0.120598088331,0.102508375082
413,0.135598043865,0.120088411085,0.13689171335,0.0295951868189,0.143361670982,0.111525747492,0.206084345559,0.0111194947373,0.00251068880915,0.0339000102787,0.030499713233,0.0388249737901,1,0.3,10,1,3,1,20,0.0912043130245,0.0638430191172,0.0912043130245,0.0792216827003,0.0914246711416,0.0790343783008,0.0912043130245,0.0638430191172,0.0912043130245,0.0811977613303,0.095469306051,0.0811489101434
414,0.0337529614164,0.0459059167084,0.0945408564495,0.0261652502742,0.070379837717,0.185368254408,0.0909816769371,0.211721099405,0.0308918368257,0.0819296214963,0.0799195441124,0.0484431442503,1,0.3,10,1,3,1,20,0.0831622304068,0.0582135612847,0.0831622304068,0.0821803227779,0.0871219044312,0.0788145998571,0.0831622304068,0.0582135612847,0.0831622304068,0.0955547143315,0.112028332111,0.0952240822945
415,0.0898619525668,0.0187648090696,0.0449005814473,0.162431939011,0.0489662444437,0.151219523586,0.08710128178,0.0886203275637,0.0573901844714,0.0246705146866,0.182714382916,0.0433582584585,1,0.3,10,1,3,1,20,0.0827085354188,0.0578959747931,0.0827085354188,0.0822263780974,0.0939778778138,0.0726474370617,0.0827085354188,0.0578959747931,0.0827085354188,0.0961031589344,0.112658949639,0.0957601071928
416,0.0716192122688,0.0205496833224,0.0992646754744,0.256032604645,0.0467106263735,0.00681719792528,0.0221259605839,0.00606054259785,0.328746300679,0.117767240566,0.0198600560409,0.00444589952308,1,0.3,10,1,3,1,20,0.0920022825867,0.0644015978107,0.0920022825867,0.0789145202236,0.0926500553034,0.0783639134144,0.0920022825867,0.0644015978107,0.0920022825867,0.07974379017,0.0937921053624,0.0797232895581
417,0.257327841061,0.0271292240761,0.0399009713569,0.0944794050249,0.0071353553564,0.123328459661,0.00662895758884,0.0617945032206,0.0132191902305,0.0657979447127,0.187220002024,0.116038145686,1,0.3,10,1,3,1,20,0.0900373561133,0.0630261492793,0.0900373561133,0.0795855113579,0.0946468966921,0.075667401866,0.0900373561133,0.0630261492793,0.0900373561133,0.0831393441812,0.0977076339952,0.0830514888959
418,0.16571495204,0.0960967354265,0.0337584668345,0.10010573498,0.0712278023681,0.0567778147227,0.046240027825,0.000401100323435,0.0247247467812,0.0984739735564,0.0464854876109,0.259993157531,1,0.3,10,1,3,1,20,0.0842213249783,0.0589549274848,0.0842213249783,0.0817627723968,0.0893281882917,0.0774219385805,0.0842213249783,0.0589549274848,0.0842213249783,0.0936035874429,0.10977749103,0.0933108673753
419,0.057976365571,0.0132155865487,0.0386646816625,0.119016843619,0.00405200530093,0.0014416421994,0.0388914363404,0.0751148296945,0.190435958967,0.115463374427,0.0853407122734,0.260386563395,1,0.3,10,1,3,1,20,0.087858997838,0.0615012984866,0.087858997838,0.0804559307487,0.0894278280784,0.0791224250443,0.087858997838,0.0615012984866,0.087858997838,0.0871775377944,0.102366318924,0.0870113710854
420,0.0359223450401,0.0219820919393,0.0638006556752,0.0412198408364,0.0956092768321,0.37874246784,0.0112763356238,0.0667616008094,0.0489998535665,0.044820446424,0.0566450783556,0.134220007057,1,0.3,10,1,3,1,20,0.0834376487123,0.0584063540986,0.0834376487123,0.0819635247677,0.0940517599039,0.0729415302548,0.0834376487123,0.0584063540986,0.0834376487123,0.0948131741644,0.111171193439,0.0944955144235
421,0.174100366524,0.0317470597155,0.112162652888,0.150835428636,0.0411055134253,0.12260056773,0.048335793812,0.03399089788,0.0158690831892,0.154215261449,0.106366950326,0.00867042442487,1,0.3,10,1,3,1,20,0.0883474369453,0.0618432058617,0.0883474369453,0.0801654260056,0.0961977965768,0.0734926203188,0.0883474369453,0.0618432058617,0.0883474369453,0.0860657954025,0.101082271455,0.0859199307368
422,0.162495707316,0.0525425882693,0.168761383933,0.113057818617,0.0306354779634,0.0388640150566,0.189187075954,0.0277234151239,0.0140443087528,0.101727888468,0.0775251094635,0.0234352110818,1,0.3,10,1,3,1,20,0.0933462811963,0.0653423968374,0.0933462811963,0.0784665927204,0.0906365592587,0.0807698563673,0.0933462811963,0.0653423968374,0.0933462811963,0.0774451093798,0.0911416020615,0.0774703617523
423,0.0087119695358,0.425524580159,0.00964466199578,0.0100063557541,0.0354937254621,0.068639078284,0.0421649659483,0.169013152154,0.0248036894552,0.108123538955,0.02068306935,0.0771912129467,1,0.3,10,1,3,1,20,0.0914929650318,0.0640450755222,0.0914929650318,0.0791181077444,0.0914253009561,0.0791756222087,0.0914929650318,0.0640450755222,0.0914929650318,0.0806881176418,0.0948815352852,0.0806493049924
424,0.0112074978337,0.0256824912596,0.0206701502512,0.0415990234268,0.0425464276399,0.089727017895,0.12294993498,0.477689439736,0.00559010754458,0.0189695350279,0.00729288060873,0.136075493796,1,0.3,10,1,3,1,20,0.101683295708,0.0711783069958,0.101683295708,0.0753928625945,0.0954839719746,0.0806622877682,0.101683295708,0.0711783069958,0.101683295708,0.0625473848064,0.0739587546115,0.0628649414198
425,0.0576342702493,0.311771046199,0.0144815978638,0.0158763739639,0.00142344162136,0.150036188183,0.06215784494,0.0219211110744,0.091471017875,0.0860379125734,0.0703474961344,0.116841699323,1,0.3,10,1,3,1,20,0.0948121817127,0.0663685271989,0.0948121817127,0.0778613942027,0.0952916877639,0.0774538140591,0.0948121817127,0.0663685271989,0.0948121817127,0.07468554778,0.0879577161869,0.0747640587588
426,0.147839334998,0.240729751329,0.0458542072304,0.0619158358638,0.0304900629852,0.0961848220946,0.0540257754482,0.0143941746761,0.0754452210582,0.0811361905306,0.065116614653,0.0868680091326,1,0.3,10,1,3,1,20,0.0891140328887,0.0623798230221,0.0891140328887,0.0799230766981,0.0942774371884,0.0755341830433,0.0891140328887,0.0623798230221,0.0891140328887,0.0847830987631,0.0996034738964,0.0846629528119
427,0.000221309773318,0.0245399286283,0.100634635783,0.0467565860893,0.1096029105,0.328313122532,0.167207540007,0.143090678176,0.000278279826312,0.0027576276761,0.0368660843204,0.0397312966888,1,0.3,10,1,3,1,20,0.0828993974179,0.0580295781925,0.0828993974179,0.0821653041087,0.0935429576981,0.0731182778705,0.0828993974179,0.0580295781925,0.0828993974179,0.0957822102386,0.112288921096,0.0954455829316
428,0.0438352302538,0.00823776070167,0.0580495023616,0.0919787889967,0.0968287790597,0.0868500242036,0.00503405175838,0.00398180965017,0.0260209470103,0.497352055045,0.0763862441608,0.00544480679806,1,0.3,10,1,3,1,20,0.0919951822987,0.0643966276091,0.0919951822987,0.0789450316286,0.0910075487824,0.0797845201174,0.0919951822987,0.0643966276091,0.0919951822987,0.0798168329923,0.093876801117,0.0797952809494
429,0.0639097374325,0.0178874979376,0.122275148596,0.255729070614,0.00164916989113,0.0307655011258,0.0340645627178,0.173142878345,0.0568414998676,0.0568492673649,0.161480410357,0.0254052557509,1,0.3,10,1,3,1,20,0.0893127696961,0.0625189387872,0.0893127696961,0.0797897337589,0.0979213988593,0.0724723989701,0.0893127696961,0.0625189387872,0.0893127696961,0.0842979879162,0.0990429860198,0.0841865381169
430,0.0264655127202,0.00732623353975,0.00545474488382,0.133347304008,0.143789177048,0.0778629240479,0.0758165831323,0.0506631026831,0.0381940071238,0.338513163473,0.0950474958325,0.00751975150781,1,0.3,10,1,3,1,20,0.0866691747988,0.0606684223591,0.0866691747988,0.0807895735612,0.0949049461,0.0737891679551,0.0866691747988,0.0606684223591,0.0866691747988,0.0890764248364,0.104554780343,0.0888715632913
431,0.0316921702474,0.0979847122,0.0939698187476,0.0792849655547,0.0307373623645,0.00321086321532,0.14648101603,0.0157343628507,0.114523875221,0.0756831467307,0.288478640649,0.0222190661892,1,0.3,10,1,3,1,20,0.0819509348794,0.0573656544156,0.0819509348794,0.0825197113343,0.0927140451745,0.0733710675835,0.0819509348794,0.0573656544156,0.0819509348794,0.0974872742103,0.114255596405,0.0971172569439
432,0.0984144712082,0.100803927403,0.000503255462839,0.245041170915,0.0174370385166,0.134616421628,0.141529011295,0.183513364077,0.00528267548793,0.00405717625221,0.065378313726,0.00342317402775,1,0.3,10,1,3,1,20,0.0887829900658,0.0621480930461,0.0887829900658,0.080064195729,0.0929649334028,0.0765095438925,0.0887829900658,0.0621480930461,0.0887829900658,0.085415911419,0.100333659028,0.0852836101735
433,0.00902563078727,0.054993831711,0.141700705783,0.00167813580289,0.207072002232,0.278651200947,0.110914930814,0.0405467690647,0.0102708670775,0.0841853417533,0.0357844368059,0.0251761472214,1,0.3,10,1,3,1,20,0.0961579920736,0.0673105944516,0.0961579920736,0.0774804124243,0.0893078449854,0.0833030374494,0.0961579920736,0.0673105944516,0.0961579920736,0.0725299290939,0.0854733074861,0.0726523113632
434,0.0902502262992,0.093383763534,0.206546594693,0.217376307049,0.0628802168984,0.0389035085074,0.127137661007,0.0355034601685,0.0347944686439,0.0358334658292,0.0149276683394,0.0424626590312,1,0.3,10,1,3,1,20,0.0800517063718,0.0560361944603,0.0800517063718,0.0832386689503,0.0905089870304,0.0743499803906,0.0800517063718,0.0560361944603,0.0800517063718,0.100921628035,0.118217038479,0.100484482707
435,0.0441206714807,0.0697513511494,0.0445469980363,0.0743693771408,0.102786493721,0.0120954453904,0.00671555377777,0.273403844456,0.0562842360856,0.0984726624849,0.214630341366,0.00282302491092,1,0.3,10,1,3,1,20,0.0878952897522,0.0615267028265,0.0878952897522,0.0803441939689,0.0952260587716,0.0741130403025,0.0878952897522,0.0615267028265,0.0878952897522,0.0868998668404,0.102044473219,0.086737802236
436,0.0255424847813,0.003556881762,0.0972203136966,0.149194721624,0.098528804615,0.07570389152,0.169693840749,0.0536932512301,0.0778322584984,0.00178884590688,0.174917649076,0.072327056541,1,0.3,10,1,3,1,20,0.079194419442,0.0554360936094,0.079194419442,0.0835673344185,0.0892706359422,0.0750025503933,0.079194419442,0.0554360936094,0.079194419442,0.102480802791,0.120015573767,0.102013237702
437,0.00722860662517,0.321070469453,0.00824825601506,0.106258648141,0.0500812948984,0.110187879136,0.0718086272111,0.0375768417052,0.0533840786473,0.00504705285581,0.0271623352105,0.201945910101,1,0.3,10,1,3,1,20,0.087890377114,0.0615232639798,0.087890377114,0.0804749456928,0.0876496717144,0.0806795452824,0.087890377114,0.0615232639798,0.087890377114,0.087187641339,0.102378464625,0.0870216949311
438,0.102406025526,0.0032540056752,0.0811359847712,0.103450068623,0.0310926309642,0.151138631549,0.0223960938882,0.177979343126,0.175993347006,0.0459126514135,0.0902318427816,0.0150093746767,1,0.3,10,1,3,1,20,0.0812694162617,0.0568885913832,0.0812694162617,0.0828570925467,0.0872596427456,0.0777654000354,0.0812694162617,0.0568885913832,0.0812694162617,0.0988914388643,0.115876528646,0.098495049349
439,0.124080770642,0.0661097077955,0.0505919647427,0.0616149205888,0.246311023145,0.00184236347584,0.0211797488473,0.0824778428819,0.0939828350624,0.0605956092864,0.00155487944193,0.189658334091,1,0.3,10,1,3,1,20,0.0952298768169,0.0666609137718,0.0952298768169,0.0778862795961,0.0850275528682,0.0865582549524,0.0952298768169,0.0666609137718,0.0952298768169,0.0743262124842,0.0875461433989,0.0744142218891
440,0.101414889274,0.0489411018257,0.00764529884831,0.0484363246002,0.0273787451542,0.278646793827,0.0261693798724,0.105464390631,0.0807771674184,0.202110320308,0.0504862642305,0.0225293240106,1,0.3,10,1,3,1,20,0.086103902415,0.0602727316905,0.086103902415,0.0811083371679,0.0880943214431,0.079416480994,0.086103902415,0.0602727316905,0.086103902415,0.0903253155102,0.105997011807,0.0900974600363
441,0.03503466361,0.0664020562871,0.145984749573,0.0140538827447,0.00236980662616,0.307531983225,0.0125862509303,0.0148561878493,0.016474667855,0.00115158870534,0.00512503780339,0.378429124791,1,0.3,10,1,3,1,20,0.0851088605465,0.0595762023826,0.0851088605465,0.0814324878269,0.0900241841912,0.0772544627289,0.0851088605465,0.0595762023826,0.0851088605465,0.0920109875915,0.107940557141,0.0917494735696
442,0.0402973615043,0.058359788331,0.0339184926705,0.0609516279993,0.232746125083,0.153773260042,0.275351858012,0.00990749489177,0.0839302335064,0.0122204336682,0.0052236760214,0.0333196482707,1,0.3,10,1,3,1,20,0.0843211656997,0.0590248159898,0.0843211656997,0.0816385355045,0.0945214143753,0.0729683241303,0.0843211656997,0.0590248159898,0.0843211656997,0.0932360072233,0.109352121075,0.0929493029135
443,0.0191761666129,0.0998484715701,0.0824350062486,0.000614006487833,0.0425819438232,0.128641297134,0.00833799861937,0.00469673657581,0.0299080526628,0.153181878696,0.374102057738,0.0564763838317,1,0.3,10,1,3,1,20,0.0846417935468,0.0592492554828,0.0846417935468,0.0815402158475,0.0935395110728,0.0739771559504,0.0846417935468,0.0592492554828,0.0846417935468,0.0927061044347,0.108741258131,0.0924300694111
444,0.0116824401879,0.198001267271,0.041329392286,0.0306035578167,0.0811249612568,0.190908550933,0.101680887552,0.108218563635,0.0530706087184,0.10347829577,0.01561936257,0.0642821120043,1,0.3,10,1,3,1,20,0.0847435513035,0.0593204859125,0.0847435513035,0.0814060353573,0.0992763912215,0.069053121427,0.0847435513035,0.0593204859125,0.0847435513035,0.0923151123674,0.108288736534,0.0920454260539
445,0.130014015949,0.116455882213,0.00125005108934,0.0234690972177,0.0838007904282,0.0116347671307,0.0323342158076,0.00917548042374,0.203788938942,0.188503191792,0.0701325533372,0.12944101567,1,0.3,10,1,3,1,20,0.0922588340949,0.0645811838664,0.0922588340949,0.0788515276856,0.0909434923623,0.0799695681583,0.0922588340949,0.0645811838664,0.0922588340949,0.0793537105715,0.0933427011404,0.0793412959693
446,0.246735593229,0.018165683312,0.0210385116067,0.0250755489013,0.240364823667,0.160953349337,0.0468611923511,0.10865641319,0.00664679569107,0.0245622803741,0.0900063598652,0.0109334484761,1,0.3,10,1,3,1,20,0.0791072106437,0.0553750474506,0.0791072106437,0.0837117836525,0.082624001608,0.0807225113329,0.0791072106437,0.0553750474506,0.0791072106437,0.10287962219,0.120477374995,0.102405768746
447,0.0404161633807,0.181092713058,0.00923491258531,0.0497440252995,0.058334273443,0.193116399283,0.0969460972971,0.0393286668475,0.0889820336505,0.0993544062581,0.142356103428,0.00109420547048,1,0.3,10,1,3,1,20,0.091331796393,0.0639322574751,0.091331796393,0.0791522869069,0.0928141785628,0.0778922620626,0.091331796393,0.0639322574751,0.091331796393,0.0809214999949,0.0951503091626,0.0808777627882
448,0.0768006057523,0.0614342681615,0.201877753964,0.016182836412,0.103206685687,0.125930347888,0.030437318062,0.0275079596048,0.0733008984118,0.191494868334,0.0695861029306,0.0222403547911,1,0.3,10,1,3,1,20,0.0896038997513,0.0627227298259,0.0896038997513,0.0797967008701,0.0913769383641,0.0782896180492,0.0896038997513,0.0627227298259,0.0896038997513,0.0840250791236,0.0987300567223,0.083920548214
449,0.00970200615838,0.0227828750456,0.03341722065,0.0164231108313,0.0561132002124,0.0253608658674,0.0332080361527,0.0850874820976,0.104260202354,0.0767675261995,0.209580257871,0.32729721656,1,0.3,10,1,3,1,20,0.082340782206,0.0576385475442,0.082340782206,0.0824133270945,0.0907471062113,0.0752679516901,0.082340782206,0.0576385475442,0.082340782206,0.0968714501729,0.11354591401,0.0965140269087
450,0.00314115302308,0.0213722094508,0.0732122585739,0.131169340391,0.276851423347,0.121082871973,0.0846609990958,0.035750786749,0.140504568475,0.0202609960448,0.0320132106934,0.0599801821824,1,0.3,10,1,3,1,20,0.0863782559032,0.0604647791322,0.0863782559032,0.080964203668,0.0907785484351,0.077223955016,0.0863782559032,0.0604647791322,0.0863782559032,0.0897420569915,0.105323596763,0.0895250572489
451,0.0574487779367,0.138980873623,0.0890173154034,0.0442973301101,0.0542324118876,0.313609000971,0.00909848916341,0.00817294672579,0.0631024727548,0.0701862482399,0.150487931863,0.00136620132132,1,0.3,10,1,3,1,20,0.0897339800649,0.0628137860455,0.0897339800649,0.0796744191309,0.0958180602212,0.074502950998,0.0897339800649,0.0628137860455,0.0897339800649,0.0836318165751,0.0982752760671,0.083533984657
452,0.0284478527978,0.0521963324369,0.0292141760008,0.131951744242,0.00811304086498,0.138359277462,0.0208011037282,0.057124385685,0.0360119825884,0.0279947487883,0.00217427161968,0.467611083786,1,0.3,10,1,3,1,20,0.0888992826116,0.0622294978281,0.0888992826116,0.0801166482014,0.087433318482,0.0813627177116,0.0888992826116,0.0622294978281,0.0888992826116,0.0854143700019,0.100333415946,0.0852834035543
453,0.126565646004,0.12391121796,0.0461672590242,0.064479750273,0.185227668145,0.117918630757,0.12601210305,0.0852899899366,0.0227787383286,0.0282874843128,0.0690332616326,0.00432825057567,1,0.3,10,1,3,1,20,0.0858338860085,0.060083720206,0.0858338860085,0.0811508528465,0.0912873835223,0.0765153799597,0.0858338860085,0.060083720206,0.0858338860085,0.0906844075505,0.10641026577,0.0904487259048
454,0.000982125808359,0.0823893075593,0.155119211936,0.001523119293,0.266847949077,0.131929518972,0.324011732105,0.00516126128723,0.00959648027857,0.00678018649469,0.0036148364646,0.0120442707254,1,0.3,10,1,3,1,20,0.093131751766,0.0651922262362,0.093131751766,0.0785789066914,0.0885605798873,0.0824644027883,0.093131751766,0.0651922262362,0.093131751766,0.0779003406093,0.0916671948581,0.0779171156293
455,0.195423342389,0.0966084183219,0.0905326860801,0.0397531445717,0.161728505527,0.0408949039771,0.0186479132537,0.0546169334,0.113810500139,0.00323215397183,0.154723065329,0.0300284330392,1,0.3,10,1,3,1,20,0.0873305236139,0.0611313665298,0.0873305236139,0.0806269673686,0.0905187089621,0.0779170098227,0.0873305236139,0.0611313665298,0.0873305236139,0.0880703826792,0.103395731704,0.0878863719482
456,0.0400964868274,0.00170475136259,0.0862475319745,0.0137928434123,0.0769896555467,0.13335113713,0.110552246638,0.0385849207485,0.187999110385,0.25883791315,0.0295741218355,0.0222692809893,1,0.3,10,1,3,1,20,0.0919210991963,0.0643447694374,0.0919210991963,0.0789868250453,0.0901139618195,0.0805228918156,0.0919210991963,0.0643447694374,0.0919210991963,0.0799805463032,0.0940658591115,0.0799559802448
457,0.0120845283022,0.397225505664,0.0351247315855,0.0374236904167,0.00767522318131,0.0044239913203,0.0396973809845,0.041050673767,0.0394844695783,0.00114048242352,0.187347205621,0.197322117155,1,0.3,10,1,3,1,20,0.078618364395,0.0550328550765,0.078618364395,0.0838303673759,0.0859606740978,0.0775894041286,0.078618364395,0.0550328550765,0.078618364395,0.103619772025,0.121330061968,0.103130552672
458,0.112427597535,0.00752059709429,0.298389181286,0.0199329546075,0.0353400389035,0.00925319132935,0.0338456333203,0.0251907721266,0.00390059647057,0.0728598934408,0.223359663754,0.157979880132,1,0.3,10,1,3,1,20,0.0873060634459,0.0611142444121,0.0873060634459,0.0805769546143,0.093971759811,0.0749111127039,0.0873060634459,0.0611142444121,0.0873060634459,0.0879863630719,0.103297874157,0.0878031930338
459,0.0230279714603,0.0459254748188,0.127857477528,0.14921140116,0.220330785587,0.0383894321896,0.16519321814,0.0376297031695,0.0805568387439,0.074745426203,0.0346286083651,0.00250366263516,1,0.3,10,1,3,1,20,0.0830479547378,0.0581335683164,0.0830479547378,0.0822065303203,0.0879907919405,0.078005118698,0.0830479547378,0.0581335683164,0.0830479547378,0.0957244618204,0.112223860344,0.0953902812926
460,0.0190252132548,0.0878439131366,0.0647811853951,0.0149739050595,0.0251676651205,0.0745306398357,0.166104275664,0.199992636345,0.0982300826866,0.14357837744,0.0451859704251,0.0605861356366,1,0.3,10,1,3,1,20,0.0891478208801,0.0624034746161,0.0891478208801,0.0799820109355,0.0901037952026,0.0791694327614,0.0891478208801,0.0624034746161,0.0891478208801,0.0848771952702,0.099713153015,0.0847561800628
461,0.019644804704,0.0434548793898,0.121993309436,0.0639162672728,0.00659358105167,0.286533239896,0.20624523366,0.0167141751028,0.0358474581795,0.0380678159415,0.0546650862432,0.106324149124,1,0.3,10,1,3,1,20,0.0893086117314,0.062516028212,0.0893086117314,0.0798728934563,0.0931245030536,0.0766293858324,0.0893086117314,0.062516028212,0.0893086117314,0.0844820383196,0.0992565816155,0.0843680943732
462,0.170174927162,0.0192168148537,0.0763757914434,0.31578542393,0.00397982354637,0.0529031560921,0.0987061324217,0.0917866754394,0.00374846710957,0.111314145811,0.00974770934243,0.0462609328484,1,0.3,10,1,3,1,20,0.0911340826985,0.0637938578889,0.0911340826985,0.0791560526905,0.0967595811102,0.0743743790405,0.0911340826985,0.0637938578889,0.0911340826985,0.081125225316,0.0953841704167,0.0810765448542
463,0.0432939357613,0.0550963762849,0.0401899106153,0.0294965897775,0.16217299539,0.127638332408,0.0462763908262,0.0171032740375,0.211804557273,0.012413477931,0.235725996332,0.0187881633636,1,0.3,10,1,3,1,20,0.091767146683,0.0642370026781,0.091767146683,0.0790018223084,0.0924774478511,0.0783980663155,0.091767146683,0.0642370026781,0.091767146683,0.0801652855446,0.0942782626445,0.0801365232478
464,0.0815286746605,0.0134246427321,0.00166145969761,0.00163759513036,0.235644085441,0.0922074240923,0.129585598437,0.0221921102966,0.0799760654845,0.00889026537108,0.189516423812,0.143735654845,1,0.3,10,1,3,1,20,0.0858780221941,0.0601146155358,0.0858780221941,0.0811243861494,0.0919118279794,0.0759956512319,0.0858780221941,0.0601146155358,0.0858780221941,0.0905834808279,0.106293694034,0.0903496399291
465,0.0952023919863,0.0720372019931,0.0664133667313,0.00488627784688,0.164881372198,0.0369178215843,0.0402193538532,0.0717641635854,0.0223758192702,0.347743540513,0.0503112982962,0.0272473921416,1,0.3,10,1,3,1,20,0.0883540098696,0.0618478069087,0.0883540098696,0.0801357322351,0.097803391592,0.0721037577711,0.0883540098696,0.0618478069087,0.0883540098696,0.0859950434073,0.101000227945,0.0858501937534
466,0.10006126534,0.122683968852,0.148307383716,0.0806904473695,0.184949076175,0.00878464432529,0.0099980996741,0.0271469755028,0.0516207357836,0.064086497363,0.180765592059,0.0209053138407,1,0.3,10,1,3,1,20,0.0942516570285,0.0659761599199,0.0942516570285,0.0780963988514,0.0933007294637,0.0789046872814,0.0942516570285,0.0659761599199,0.0942516570285,0.0757485080345,0.0891841775218,0.0758065508935
467,0.28519773049,0.165002681703,0.0652055198496,0.0251049895349,0.0117919293231,0.104052637162,0.0201840813369,0.122624390651,0.0452441456911,0.0907697199942,0.0384965121807,0.0263256620827,1,0.3,10,1,3,1,20,0.0837086334373,0.0585960434061,0.0837086334373,0.0818937558201,0.0924390567269,0.0744728960239,0.0837086334373,0.0585960434061,0.0837086334373,0.09439415482,0.110688387053,0.0940851289949
468,0.024057370923,0.0397402121933,0.130955043773,0.14025943067,0.0562744765305,0.00399362228063,0.113891650498,0.156045220829,0.00938583550375,0.0238885593533,0.173638475617,0.127870101829,1,0.3,10,1,3,1,20,0.100388558093,0.0702719906652,0.100388558093,0.0758413705339,0.0964252555465,0.0792101776985,0.100388558093,0.0702719906652,0.100388558093,0.0647985928688,0.0765548052156,0.0650715844333
469,0.0338241924057,0.0508424810643,0.221417833466,0.0961274800167,0.0470642789849,0.0353858797926,0.153649789923,0.0429584676468,0.00618789871199,0.0582839165812,0.0666357088252,0.187622072581,1,0.3,10,1,3,1,20,0.09051600587,0.063361204109,0.09051600587,0.0794498653595,0.0925272842104,0.0777402787701,0.09051600587,0.063361204109,0.09051600587,0.0823723620331,0.0968236637454,0.0823001141836
470,0.0827474354525,0.183902143577,0.0471425897995,0.0170133085131,0.0198482073446,0.304143308615,0.089934963329,0.06438780819,0.0249320074393,0.0211665788677,0.14424251583,0.000539133041878,1,0.3,10,1,3,1,20,0.0939157307005,0.0657410114904,0.0939157307005,0.0783397088889,0.086088784893,0.0849926128253,0.0939157307005,0.0657410114904,0.0939157307005,0.0766072679206,0.0901765836159,0.0766500960735
471,0.00913869364976,0.0115299274146,0.0795177744952,0.117754590311,0.0429714514358,0.239524254754,0.0123560544696,0.147032628976,0.136614840804,0.0886000645385,0.0710834159928,0.0438763031587,1,0.3,10,1,3,1,20,0.0821753461587,0.0575227423111,0.0821753461587,0.0825419126166,0.0866808034132,0.0787122739503,0.0821753461587,0.0575227423111,0.0821753461587,0.0973133262333,0.114056656502,0.096948158027
472,0.0282982853567,0.0572997619177,0.0696049127541,0.410256616363,0.0165146175014,0.0797124430913,0.064781894736,0.00605567626874,0.0910047182279,0.0316681680759,0.00013745726682,0.14466544844,1,0.3,10,1,3,1,20,0.0971338613531,0.0679937029472,0.0971338613531,0.0770397169803,0.0946274704763,0.0791701492257,0.0971338613531,0.0679937029472,0.0971338613531,0.0706110478241,0.0832587914522,0.0707699727344
473,0.407129552224,0.0756721672638,0.0295112225564,0.142630232589,0.0306989205408,0.0667368139637,0.0331835554993,0.0506675994743,0.03227839856,0.00851449780892,0.0550234388119,0.0679536007078,1,0.3,10,1,3,1,20,0.0898516727035,0.0628961708924,0.0898516727035,0.0797401732882,0.0894756438206,0.0800597978386,0.0898516727035,0.0628961708924,0.0898516727035,0.0836576718083,0.098306854403,0.0835608262426
474,0.00710836083107,0.162558482661,0.124849398162,0.0613019887879,0.0161767199786,0.0712150536234,0.0208296157703,0.178507875227,0.0305406674028,0.00643923464875,0.256899397079,0.0635732058288,1,0.3,10,1,3,1,20,0.105091661202,0.0735641628412,0.105091661202,0.0740218690272,0.104184071956,0.0747933198858,0.105091661202,0.0735641628412,0.105091661202,0.05620935533,0.0666467098983,0.0566497034135
475,0.0114624293949,0.134509122711,0.041147446473,0.0168495462424,0.00455950557201,0.0392821901889,0.28631697596,0.0709740031044,0.216773511706,0.0151401402753,0.109082636526,0.0539024918447,1,0.3,10,1,3,1,20,0.08850181597,0.061951271179,0.08850181597,0.0801606397312,0.0932255632584,0.0761454545361,0.08850181597,0.061951271179,0.08850181597,0.0859027283564,0.100895031286,0.0857607765935
476,0.0127347949434,0.00685291777542,0.0518241190659,0.213316369104,0.0170116166523,0.418020775543,0.0170814545512,0.0444838651638,0.0777424088407,0.0642498172722,0.0322537376302,0.0444281234581,1,0.3,10,1,3,1,20,0.0870721001512,0.0609504701059,0.0870721001512,0.0806952019143,0.0919568233651,0.0765431871825,0.0870721001512,0.0609504701059,0.0870721001512,0.0884736564334,0.103860427183,0.0882813631053
477,0.0174143496112,0.102593305118,0.166973712621,0.0326913926474,0.196503223574,0.144455269049,0.0273030915425,0.0242969389571,0.0288174054686,0.0326700542494,0.0285781158545,0.197703141306,1,0.3,10,1,3,1,20,0.090638481243,0.0634469368701,0.090638481243,0.0794301946165,0.0911016476741,0.0790365031501,0.090638481243,0.0634469368701,0.090638481243,0.0822086474965,0.096635247757,0.0821399605935
478,0.0964827342975,0.103756672579,0.0128645774131,0.0353474873962,0.391831666821,0.0683445120083,0.0399952605986,0.0102413010426,0.0440494744247,0.127794410144,0.0463662895742,0.0229256137002,1,0.3,10,1,3,1,20,0.0801647604108,0.0561153322876,0.0801647604108,0.0832331389333,0.0884513158729,0.0761895667905,0.0801647604108,0.0561153322876,0.0801647604108,0.100797830114,0.118074833552,0.100363608519
479,0.108023556386,0.0168030583244,0.0838160168481,0.0219456949134,0.207202457642,0.0224329417071,0.104360047659,0.0170886235216,0.0768545088389,0.0277351022297,0.179334415509,0.134403576421,1,0.3,10,1,3,1,20,0.0807895145257,0.056552660168,0.0807895145257,0.083008376707,0.0884871063809,0.0764654236301,0.0807895145257,0.056552660168,0.0807895145257,0.0996934966431,0.116801199027,0.099281019173
480,0.218635489852,0.0438367676302,0.0247416756092,0.0345305012362,0.311219188425,0.00639253792559,0.0504394050698,0.014678690716,0.0438282274478,0.0754411128261,0.0548394493431,0.121416953919,1,0.3,10,1,3,1,20,0.088682256558,0.0620775795906,0.088682256558,0.0800609538876,0.0952781927147,0.0744544081544,0.088682256558,0.0620775795906,0.088682256558,0.0855085417829,0.100439847593,0.0853738704541
481,0.00810907682425,0.111420908466,0.0902312989649,0.271701940957,0.0137174979935,0.0444014214478,0.0291504825398,0.0285492723842,0.0751893162315,0.0367250794675,0.042873231985,0.247930472739,1,0.3,10,1,3,1,20,0.08558343723,0.059908406061,0.08558343723,0.0811547303586,0.0963375556262,0.0720137297218,0.08558343723,0.059908406061,0.08558343723,0.0909405398219,0.106704261313,0.0906986221164
482,0.142369936527,0.0297866704859,0.0859314276914,0.0128498948259,0.0978030720674,0.255809761006,0.159465194694,0.045936225044,0.0468607464222,0.0118217167463,0.0369805761262,0.0743847783641,1,0.3,10,1,3,1,20,0.0882248501274,0.0617573950892,0.0882248501274,0.0802738167191,0.0924146697947,0.0767124700019,0.0882248501274,0.0617573950892,0.0882248501274,0.0864215886314,0.101493656305,0.0862696078596
483,0.0458743393877,0.0312888319929,0.105336660245,0.102026806611,0.242622838063,0.0678059781101,0.0104779879823,0.137736327905,0.0434982433909,0.118826232466,0.0381542779926,0.0563514758536,1,0.3,10,1,3,1,20,0.101902639232,0.0713318474623,0.101902639232,0.0752599582868,0.0986679067299,0.0780094809135,0.101902639232,0.0713318474623,0.101902639232,0.0620428390239,0.0733759801048,0.0623695830891
484,0.0269571799334,0.00465746750532,0.289940949932,0.072809839097,0.163939153812,0.0153249146765,0.0523859065816,0.000716794071314,0.218684143865,0.0875233100303,0.0434263750306,0.0236339654653,1,0.3,10,1,3,1,20,0.0859955734424,0.0601969014097,0.0859955734424,0.0811526048582,0.0877770968852,0.0796383099319,0.0859955734424,0.0601969014097,0.0859955734424,0.0905282583363,0.106231153189,0.0902964802105
485,0.151325845525,0.0837308955146,0.0677955031569,0.026987250189,0.0824030261138,0.0655342945109,0.168167040888,0.139702456834,0.100266194844,0.0319403689476,0.0650997914696,0.0170473320068,1,0.3,10,1,3,1,20,0.0921394547625,0.0644976183337,0.0921394547625,0.0788622324612,0.0928305140392,0.078274832076,0.0921394547625,0.0644976183337,0.0921394547625,0.0794949623512,0.0935050828946,0.0794793204604
486,0.155189745343,0.0104639230715,0.0665967298975,0.0681184761252,0.278670694702,0.141152814379,0.0826484593376,0.0678077350589,0.0323378859046,0.00943860015303,0.0504145527461,0.0371603832822,1,0.3,10,1,3,1,20,0.0811968374642,0.0568377862249,0.0811968374642,0.082871676363,0.087932554437,0.0771463169361,0.0811968374642,0.0568377862249,0.0811968374642,0.0989947891651,0.115995535563,0.0985962052289
487,0.0477884350339,0.16657589554,0.0123086469318,0.111300108297,0.00436725823112,0.0161718035109,0.118451300642,0.129027535148,0.0704478445203,0.0434475873671,0.269007752577,0.0111058321995,1,0.3,10,1,3,1,20,0.0914335257418,0.0640034680192,0.0914335257418,0.079076007226,0.0951507590898,0.0759163588802,0.0914335257418,0.0640034680192,0.0914335257418,0.0806558193062,0.0948432521581,0.0806167643343
488,0.0149699041373,0.265657330834,0.0548098881827,0.156468704599,0.119205633672,0.0328667825609,0.181777944318,0.0861913584868,0.0424891179112,0.00718006641082,0.0337675362531,0.00461573263412,1,0.3,10,1,3,1,20,0.0900050267792,0.0630035187455,0.0900050267792,0.0795988978527,0.0945419231971,0.0757425358975,0.0900050267792,0.0630035187455,0.0900050267792,0.0832002892658,0.0977779509076,0.0831112582714
489,0.0627466201892,0.235169664661,0.0470144963593,0.0485201315971,0.0862226977313,0.0504628224929,0.219558644694,0.0840332685077,0.0919122570485,0.0394813052444,0.020214259117,0.0146638323576,1,0.3,10,1,3,1,20,0.0923469980136,0.0646428986095,0.0923469980136,0.0788195668984,0.0909628065868,0.0799961296112,0.0923469980136,0.0646428986095,0.0923469980136,0.0791973440303,0.0931623587026,0.0791880048972
490,0.153411701332,0.0206512817195,0.0446629505828,0.0338778755453,0.134086985195,0.0641331457447,0.0752093012624,0.00607103827022,0.148478317281,0.199776128034,0.00830226097556,0.111339014057,1,0.3,10,1,3,1,20,0.0870337291513,0.0609236104059,0.0870337291513,0.0806924468298,0.0929272730677,0.0756829345008,0.0870337291513,0.0609236104059,0.0870337291513,0.0885056514398,0.1038970577,0.0883124990451
491,0.0759587600893,0.0808375338199,0.0805052938933,0.148993787826,0.140265210896,0.0441369527489,0.163081016184,0.122236827823,0.0347181673148,0.0132495967508,4.83225424912e-05,0.0959685301108,1,0.3,10,1,3,1,20,0.0979398364154,0.0685578854908,0.0979398364154,0.0767200769042,0.09641703991,0.0780144539338,0.0979398364154,0.0685578854908,0.0979398364154,0.0691221591836,0.0815411640135,0.0693099894115
492,0.0439792305334,0.0379527935505,0.0540937406281,0.0251665947266,0.00200052687497,0.00298039928495,0.0325224710011,0.247201269112,0.0187905538877,0.0715079151698,0.138296715635,0.325507789596,1,0.3,10,1,3,1,20,0.104095906403,0.0728671344818,0.104095906403,0.0744634446948,0.0992318098777,0.0785979267411,0.104095906403,0.0728671344818,0.104095906403,0.0581498118145,0.0688860066474,0.0585531056503
493,0.108601928159,0.0844779345605,0.21839209263,0.0550775228309,0.0487531968994,0.0491530926826,0.00831898566012,0.1783109951,0.0370479000109,0.0762494075591,0.0416415967029,0.0939753472041,1,0.3,10,1,3,1,20,0.0930059245849,0.0651041472095,0.0930059245849,0.0785760471845,0.0913802028783,0.0799579106351,0.0930059245849,0.0651041472095,0.0930059245849,0.0780186207479,0.0918028247543,0.0780324010412
494,0.108078589407,0.127013283595,0.0298458610305,0.0684984565796,0.039282984938,0.131249481477,0.11475171517,0.0442014595713,0.090492140845,0.0109277840652,0.0885183242269,0.147139919095,1,0.3,10,1,3,1,20,0.0820869649282,0.0574608754497,0.0820869649282,0.0824860345687,0.0918254257544,0.0742083428664,0.0820869649282,0.0574608754497,0.0820869649282,0.0972798458493,0.114016616405,0.0969141239441
495,0.102638297954,0.00409507230315,0.0071225565745,0.0863781405213,0.213917265917,0.0334723173179,0.00928483784871,0.0416864605541,0.0558876489655,0.151072279132,0.146341587299,0.148103535613,1,0.3,10,1,3,1,20,0.087120782402,0.0609845476814,0.087120782402,0.080617198573,0.0955125533462,0.0734841932704,0.087120782402,0.0609845476814,0.087120782402,0.0882567200015,0.103609248561,0.0880678612769
496,0.0205763791158,0.0244058835732,0.0312404109252,0.0682117131798,0.170566923768,0.0419833323512,0.0956335899592,0.195072877635,0.0430545257794,0.0578093370061,0.232897163663,0.018547863044,1,0.3,10,1,3,1,20,0.0950114001759,0.0665079801231,0.0950114001759,0.0778230903377,0.0933432243554,0.0792410397851,0.0950114001759,0.0665079801231,0.0950114001759,0.0744056019384,0.0876353960182,0.0744900866154
497,0.185239120811,0.175714574137,0.0354851770701,0.062903181806,0.0546537475658,0.151287365398,0.0498772224314,0.0154887380746,0.0148416460357,0.10010349111,0.151914215297,0.00249152026233,1,0.3,10,1,3,1,20,0.0875770849953,0.0613039594967,0.0875770849953,0.0805335601726,0.0908091310689,0.07778632101,0.0875770849953,0.0613039594967,0.0875770849953,0.0876243753209,0.102881272137,0.0874490813162
498,0.0626324495027,0.181068474864,0.0640587468245,0.0013912817895,0.0386474713562,0.0735491014995,0.0251472873539,0.0111193460797,0.323297069235,0.176898700169,0.0132227268529,0.0289673444722,1,0.3,10,1,3,1,20,0.0772777956167,0.0540944569317,0.0772777956167,0.0843062795959,0.0862581624415,0.0766729677949,0.0772777956167,0.0540944569317,0.0772777956167,0.105975612173,0.124046963062,0.105439918602
499,0.0474037873629,0.0894240889457,0.0711865542671,0.186205060106,0.0653888353574,0.0489569627903,0.106590149619,0.138611238138,0.0139453422917,0.0431980658029,0.102231861242,0.0868580540777,1,0.3,10,1,3,1,20,0.0865862734043,0.060610391383,0.0865862734043,0.0808686482138,0.092007420566,0.0762606731264,0.0865862734043,0.060610391383,0.0865862734043,0.0893295286764,0.104847488127,0.0891203649076
500,0.200349698798,0.0114875220729,0.0884640804824,0.061288230921,0.00178089317949,0.0738253698224,0.0983139660913,0.18148917044,0.081963197039,0.0121484294408,0.0854832682072,0.103406173506,1,0.3,10,1,3,1,20,0.0885103751997,0.0619572626398,0.0885103751997,0.0801255936667,0.0951036748407,0.0745212889719,0.0885103751997,0.0619572626398,0.0885103751997,0.0858184304579,0.100797289721,0.0856776962632
501,0.00283377287461,0.142036436944,0.108222390715,0.158050250276,0.0316652821411,0.0161474159852,0.0764646727491,0.104737271872,0.0963646229996,0.0719515403468,0.16574446004,0.0257818830558,1,0.3,10,1,3,1,20,0.0791231134008,0.0553861793805,0.0791231134008,0.0836617874656,0.0852254764563,0.0784747788683,0.0791231134008,0.0553861793805,0.0791231134008,0.102755711691,0.120333747651,0.102283685503
502,0.0441764296459,0.0529923320842,0.0109882231521,0.251323980443,0.0268262323627,0.0775311941048,0.0259083250896,0.303109425704,0.00972253477581,0.0321153356941,0.0895576192459,0.0757483676972,1,0.3,10,1,3,1,20,0.0920136694897,0.0644095686428,0.0920136694897,0.0789147935411,0.0923940354811,0.0785914824484,0.0920136694897,0.0644095686428,0.0920136694897,0.0797331177135,0.0937798678765,0.0797128876951
503,0.365921914695,0.0340835516325,0.138032660796,0.0342111846602,0.084269239287,0.0169424123701,0.053878981979,0.00267065335719,0.115238700497,0.0178776299617,0.100985102993,0.0358879677717,1,0.3,10,1,3,1,20,0.08918815468,0.062431708276,0.08918815468,0.0799337439499,0.0920888460634,0.077468156274,0.08918815468,0.062431708276,0.08918815468,0.0847328593167,0.0995461400669,0.0846142190569
504,0.131843159949,0.0581740326938,0.0679348747705,0.0141713613541,0.0396865690727,0.0170162263521,0.213238989889,0.0165095438724,0.223695203403,0.0484747693628,0.145844212706,0.023411056575,1,0.3,10,1,3,1,20,0.0884283216874,0.0618998251812,0.0884283216874,0.0801726611266,0.0940682757214,0.0753787001977,0.0884283216874,0.0618998251812,0.0884283216874,0.086001439793,0.101008641108,0.0858573449416
505,0.141790619933,0.0823072026558,0.0689020991604,0.219195998923,0.0178772099199,0.132438057539,0.00637868735199,0.170010284957,0.0441920613333,0.0506671862719,0.0160667675779,0.0501738243772,1,0.3,10,1,3,1,20,0.0917171945799,0.0642020362059,0.0917171945799,0.0790235671248,0.092252914608,0.0785682051009,0.0917171945799,0.0642020362059,0.0917171945799,0.0802617483325,0.0943895751905,0.080231138912
506,0.00836489954236,0.0326182341085,0.0325141112618,0.0972976428198,0.0245624360339,0.226538709335,0.01847461853,0.0460356925596,0.106227791841,0.093323969856,0.0812706949021,0.232771199211,1,0.3,10,1,3,1,20,0.0891642543158,0.0624149780211,0.0891642543158,0.0799496042196,0.0916609403862,0.0778274210597,0.0891642543158,0.0624149780211,0.0891642543158,0.0847908191678,0.0996131037088,0.0846711381525
507,0.0259948692977,0.040698784928,0.00492229079687,0.125689641769,0.0149925282387,0.117410729041,0.0394625723524,0.441870449062,0.05531718847,0.00929510900575,0.0219044929043,0.102441344134,1,0.3,10,1,3,1,20,0.0872080400857,0.06104562806,0.0872080400857,0.0807580703642,0.0853993626105,0.0822954462181,0.0872080400857,0.06104562806,0.0872080400857,0.0884752175925,0.103864046893,0.088284439859
508,0.00881605682949,0.061134659099,0.0510232630617,0.039221435871,0.0148490014276,0.0413479770356,0.100706303549,0.137669723203,0.269067366716,0.195313943433,0.0331052919632,0.047744977811,1,0.3,10,1,3,1,20,0.0853323679019,0.0597326575314,0.0853323679019,0.0813801518733,0.0883880574828,0.0787828157295,0.0853323679019,0.0597326575314,0.0853323679019,0.091676653309,0.107555424289,0.0914221106458
509,0.0160192132365,0.0716445987937,0.0323105094029,0.147191661516,0.0239486061109,0.0304116117343,0.369389610818,0.0296473131669,0.107499877963,0.0766989623017,0.0139877177236,0.0812503172325,1,0.3,10,1,3,1,20,0.0897665244498,0.0628365671149,0.0897665244498,0.0796986425731,0.0937094208915,0.0763471805977,0.0897665244498,0.0628365671149,0.0897665244498,0.0836520375256,0.0982991818286,0.0835543045543
510,0.22398260109,0.123814156458,0.0638614756937,0.00118394155506,0.0893553244481,0.160409476799,0.0541884116362,0.0564721357278,0.00885334463694,0.0840430778468,0.0199870322116,0.113849021897,1,0.3,10,1,3,1,20,0.0880794368562,0.0616556057993,0.0880794368562,0.0803566995114,0.0906108339201,0.078205012007,0.0880794368562,0.0616556057993,0.0880794368562,0.0867447686955,0.101866879374,0.0865868474683
511,0.0283709361239,0.0543674299047,0.0724740548791,0.0185072605041,0.0619518537767,0.136474347649,0.0569818101259,0.18221852413,0.110441935121,0.0609651054622,0.0769423726213,0.140304369702,1,0.3,10,1,3,1,20,0.0871925891255,0.0610348123878,0.0871925891255,0.0806727773898,0.0907347957735,0.077661901739,0.0871925891255,0.0610348123878,0.0871925891255,0.0883059483153,0.103667348921,0.0881172465832
512,0.137121723277,0.0810673256987,0.16505723488,0.106089729209,0.0684381925138,0.0230261607039,0.0210493591895,0.277370020365,0.0774747154806,0.00901153881427,0.00222559727545,0.032068402593,1,0.3,10,1,3,1,20,0.0863834089527,0.0604683862669,0.0863834089527,0.0809832532914,0.0895510431197,0.0782907642495,0.0863834089527,0.0604683862669,0.0863834089527,0.0897781783837,0.105365596006,0.0895607566051
513,0.0498322684507,0.00265109051665,0.375064315756,0.000260363742976,0.0390186595236,0.168667611874,0.147633075163,0.0829155158231,0.00175890598697,0.0253005451998,0.0161479639533,0.0907496840097,1,0.3,10,1,3,1,20,0.0938328708088,0.0656830095662,0.0938328708088,0.0782992839068,0.0902093903036,0.0813792423362,0.0938328708088,0.0656830095662,0.0938328708088,0.076601762543,0.0901690911043,0.0766437274387
514,0.0360713643792,0.213311087672,0.034037995122,0.063193192436,0.121129805159,0.100106622351,0.201046315748,0.0701787787526,0.00733894404937,0.00501591975033,0.0282179064021,0.120352068178,1,0.3,10,1,3,1,20,0.0909567961569,0.0636697573098,0.0909567961569,0.0792360424097,0.0957973676278,0.0751215566594,0.0909567961569,0.0636697573098,0.0909567961569,0.0814736743018,0.0957863025697,0.0814183571842
515,0.240829171303,0.00287629703107,0.0177789164324,0.187236517905,0.116445557333,0.0256005380668,0.0253589225597,0.0666471877077,0.131256573394,0.0524516867161,0.116252655828,0.0172659757234,1,0.3,10,1,3,1,20,0.0843098555079,0.0590168988555,0.0843098555079,0.0816506934334,0.0940456481012,0.0733752697291,0.0843098555079,0.0590168988555,0.0843098555079,0.0932735019933,0.109395495676,0.0929861713244
516,0.0163798112087,0.0324886279708,0.0164349123797,0.131354168563,0.0465227587896,0.0537875327583,0.0988127491944,0.134385105004,0.204081063185,0.00737119820309,0.162841307777,0.0955407649661,1,0.3,10,1,3,1,20,0.101169730264,0.0708188111851,0.101169730264,0.0755833001006,0.095121124592,0.0807246149222,0.101169730264,0.0708188111851,0.101169730264,0.0634674608262,0.0750199762869,0.0637669798439
517,0.0606929487706,0.248970497756,0.00958759731849,0.122118214464,0.0271028294399,0.0944550660052,0.12261071993,0.0153835287686,0.111100920914,0.0686984841381,0.0703343074519,0.0489448850437,1,0.3,10,1,3,1,20,0.0892271995901,0.0624590397131,0.0892271995901,0.0799607498337,0.0896797842991,0.0795760528311,0.0892271995901,0.0624590397131,0.0892271995901,0.084752670518,0.0995696566116,0.0846342081198
518,0.100065440059,0.116988397636,0.0471967610194,0.0690000310785,0.179175869428,0.111357533085,0.21879430214,0.0442204566885,0.0523446649227,0.0298930315143,0.0238743907481,0.00708912168154,1,0.3,10,1,3,1,20,0.0892275477662,0.0624592834364,0.0892275477662,0.0799156265314,0.0923228374958,0.0772846302613,0.0892275477662,0.0624592834364,0.0892275477662,0.0846546902461,0.099455922988,0.0845375345398
519,0.0876548011868,0.050538982355,0.0309934950639,0.0969554809326,0.156990627637,0.109181620583,0.128487254688,0.023855309432,0.0663647950673,0.107685110562,0.131761479461,0.00953104303095,1,0.3,10,1,3,1,20,0.0862040799793,0.0603428559855,0.0862040799793,0.0810677340668,0.0883680820771,0.0792283322837,0.0862040799793,0.0603428559855,0.0862040799793,0.0901383652835,0.105781326703,0.0899141276975
520,0.0951267325014,0.276831765594,0.0471076516422,0.0413120181577,0.121400961759,0.00389622722891,0.0998993895144,0.0787750562404,0.120677975272,0.0660058945449,0.0294717442146,0.0194945833301,1,0.3,10,1,3,1,20,0.0905277791697,0.0633694454188,0.0905277791697,0.0795105668416,0.0887137749023,0.0810524704689,0.0905277791697,0.0633694454188,0.0905277791697,0.0824920592157,0.0969627681378,0.0824183529171
521,0.0789956839557,0.0555025610541,0.0875534813808,0.160899655347,0.0712085056101,0.213092855904,0.085801807864,0.0400247195257,0.0728194032165,0.00152516965953,0.0658858766029,0.06669027988,1,0.3,10,1,3,1,20,0.096623051819,0.0676361362733,0.096623051819,0.0771447145269,0.0992250005202,0.0749330581309,0.096623051819,0.0676361362733,0.096623051819,0.0713435264113,0.0841022813989,0.0714869391891
522,0.0122742244419,0.166594278163,0.259335446795,0.103262005005,0.04712604471,0.0604560485112,0.0287648356429,0.135499215795,0.0224568062515,9.47107075142e-05,0.0244122242126,0.139724159764,1,0.3,10,1,3,1,20,0.0901174939729,0.063082245781,0.0901174939729,0.0795631437894,0.0942718776969,0.076031917624,0.0901174939729,0.063082245781,0.0901174939729,0.0830116743581,0.0975604967989,0.082926422279
523,0.00312951727296,0.0618486860932,0.0212688953208,0.148817571363,0.00947628045521,0.00266249098003,0.171453728128,0.36512128875,0.00972762589929,0.0107892471205,0.170360089615,0.0253445790027,1,0.3,10,1,3,1,20,0.0878562157658,0.061499351036,0.0878562157658,0.0804262199735,0.0912315678385,0.0775571707117,0.0878562157658,0.061499351036,0.0878562157658,0.087116002906,0.102294850505,0.0869506229297
524,0.10163195239,0.0615500042818,0.023549334894,0.289629060142,0.0519120658327,0.158145795712,0.112064360905,0.00795458842807,0.0440470902861,0.00461305178954,0.0464927632447,0.098409932094,1,0.3,10,1,3,1,20,0.0905016736943,0.063351171586,0.0905016736943,0.0793916832444,0.0962467398034,0.0745083770517,0.0905016736943,0.063351171586,0.0905016736943,0.0822606473716,0.0966937916647,0.082189722915
525,0.200610873695,0.0665789532746,0.0468313392438,0.185598720758,0.00501560829566,0.0558232936746,0.0882787135983,0.0199345294813,0.0956308193705,0.141251672006,0.0844521893637,0.00999328723972,1,0.3,10,1,3,1,20,0.0910513812539,0.0637359668778,0.0910513812539,0.0791646068653,0.0979999769199,0.0732583005492,0.0910513812539,0.0637359668778,0.0910513812539,0.0812255421938,0.0954995214598,0.0811745932408
526,0.0865212040987,0.000756982133206,0.0222848461763,0.011222712284,0.109938431558,0.0681748668563,0.0196345458387,0.174131126316,0.0880078325215,0.0115884184832,0.377194048671,0.0305449850626,1,0.3,10,1,3,1,20,0.0777362997861,0.0544154098503,0.0777362997861,0.0842321421381,0.0809502911183,0.0815002495057,0.0777362997861,0.0544154098503,0.0777362997861,0.105361647439,0.123340351867,0.104839299087
527,0.0999549389708,0.0959238930161,0.0549143104391,0.0454961962493,0.0692304006691,0.204264050444,0.00861833303842,0.176812974778,0.0757053187494,0.0052069832391,0.0263667647537,0.137505835653,1,0.3,10,1,3,1,20,0.0775950179689,0.0543165125782,0.0775950179689,0.0841706865342,0.0875373401838,0.0757197126516,0.0775950179689,0.0543165125782,0.0775950179689,0.10536842749,0.123346343842,0.104844392266
528,0.033146064674,0.00974612112343,0.231680177706,0.0193693406058,0.142315999313,0.0124563461338,0.0754865939117,0.121584644498,0.187416507387,0.0484436122051,0.114182190879,0.00417240156294,1,0.3,10,1,3,1,20,0.0892166350847,0.0624516445593,0.0892166350847,0.0798819345878,0.0945317610399,0.0753640775259,0.0892166350847,0.0624516445593,0.0892166350847,0.0845925838219,0.0993836830092,0.0844761305578
529,0.182898681615,0.0263904094923,0.120778144057,0.0143404579128,0.124462761503,0.0580570706949,0.0596188790363,0.0414322560126,0.0499396115366,0.183809710648,0.0560332814523,0.0822387360396,1,0.3,10,1,3,1,20,0.099632633012,0.0697428431084,0.099632633012,0.0761499370738,0.0942313616751,0.0807410177102,0.099632633012,0.0697428431084,0.099632633012,0.0662140119577,0.0781878126045,0.0664596407138
530,0.0216034752398,0.000273944934604,0.105049978465,0.101172125509,0.151068529892,0.113470993141,0.017424868946,0.170740666545,0.0117282764295,0.149352196461,0.0394555863784,0.118659358059,1,0.3,10,1,3,1,20,0.0884520543588,0.0619164380512,0.0884520543588,0.0802149876744,0.0910820178932,0.0779795186701,0.0884520543588,0.0619164380512,0.0884520543588,0.0860695479525,0.101088018526,0.0859248157467
531,0.0632444583633,0.0115692184099,0.124021105565,0.0368467052667,0.148661650398,0.157290875062,0.0456557635176,0.0507834065427,0.0647240836781,0.173566056363,0.120187336191,0.00344934064305,1,0.3,10,1,3,1,20,0.0927492637176,0.0649244846023,0.0927492637176,0.0785731191991,0.0969610196843,0.0749931266274,0.0927492637176,0.0649244846023,0.0927492637176,0.078266172534,0.0920867772324,0.0782737606475
532,0.0397200430384,0.0884364644728,0.0871313487665,0.295768936182,0.129108964958,0.00200411390461,0.0812521874804,0.13815774602,0.0282597262566,0.0267489497297,0.00886018451817,0.0745513346724,1,0.3,10,1,3,1,20,0.093208289445,0.0652458026115,0.093208289445,0.0784444701793,0.0948439824432,0.0770541311309,0.093208289445,0.0652458026115,0.093208289445,0.0775337421071,0.0912426546682,0.077556256468
533,0.0842826237161,0.0922419236704,0.0609853541088,0.0464553683091,0.0383334837059,0.0678549708684,0.255987887977,0.0358927224602,0.0130990591926,0.0541446116507,0.00552904784264,0.245192946499,1,0.3,10,1,3,1,20,0.0876320253079,0.0613424177155,0.0876320253079,0.0805528137144,0.0885204381471,0.079797662801,0.0876320253079,0.0613424177155,0.0876320253079,0.0876116887111,0.102867275656,0.0874371843077
534,0.0363616515343,0.0405340960039,0.00751701803951,0.0279743632561,0.0376937473253,0.0146513791863,0.0176020353656,0.582573871362,0.00273330152808,0.0775872097967,0.0141961818267,0.140575144776,1,0.3,10,1,3,1,20,0.0824258108692,0.0576980676085,0.0824258108692,0.0823493946436,0.0927104000991,0.0736074937983,0.0824258108692,0.0576980676085,0.0824258108692,0.0966490060966,0.113288825226,0.0962955014423
535,0.127890982985,0.0586087273281,0.00684897343827,0.0738433825047,0.149355759668,0.0803760831564,0.0285998061705,0.0019342088909,0.285911832767,0.010937117444,0.0620179278026,0.113675197845,1,0.3,10,1,3,1,20,0.0867509990592,0.0607256993414,0.0867509990592,0.0809033070058,0.0865002735651,0.0811164236757,0.0867509990592,0.0607256993414,0.0867509990592,0.0892415763479,0.104747580803,0.0890354436826
536,0.0224749609764,0.0782388272645,0.024501311631,0.00332340913474,0.176994956604,0.00855273127033,0.0269787087776,0.151285457052,0.261028003042,0.0568035858268,0.138755429487,0.0510626189344,1,0.3,10,1,3,1,20,0.0852833159342,0.0596983211539,0.0852833159342,0.0814607724574,0.0846863908498,0.0819681587792,0.0852833159342,0.0596983211539,0.0852833159342,0.0918996185397,0.107813596394,0.0916415569352
537,0.0648888819221,0.139619020192,0.121648817915,0.114001216284,0.0190602574848,0.0240279284908,0.0552206272022,0.0202854438329,0.0272489265084,0.278205075447,0.0504062661235,0.0853875385982,1,0.3,10,1,3,1,20,0.0934927702388,0.0654449391672,0.0934927702388,0.0785277337977,0.0839582480517,0.0866320776567,0.0934927702388,0.0654449391672,0.0934927702388,0.0774324978165,0.0911289099394,0.0774595734485
538,0.110456844473,0.0721980793207,0.0903081509535,0.0019151999675,0.00964760273562,0.0509695286626,0.025250754124,0.152103819931,0.0203190331455,0.15938736649,0.268320549064,0.0391230711326,1,0.3,10,1,3,1,20,0.0955509206101,0.0668856444271,0.0955509206101,0.0776592241051,0.0915983927371,0.0810188727972,0.0955509206101,0.0668856444271,0.0955509206101,0.0735173451909,0.0866114561488,0.0736197377264
539,0.083518803817,0.146680895732,0.0096226548222,0.0124311298844,0.100356070884,0.00925493709164,0.0812457459563,0.0230356450171,0.00655703720604,0.109413737917,0.407513324589,0.0103700170842,1,0.3,10,1,3,1,20,0.0824955780419,0.0577469046293,0.0824955780419,0.0823087626216,0.0936267239803,0.072847288574,0.0824955780419,0.0577469046293,0.0824955780419,0.0964920750508,0.11310758289,0.0961414454568
540,0.0464697787964,0.108810128827,0.227947190762,0.152583006664,0.0190817130157,0.121788762282,0.114913068439,0.0276941334383,0.125007071115,0.0368488839681,0.0173843037882,0.00147195890491,1,0.3,10,1,3,1,20,0.0936357619886,0.065545033392,0.0936357619886,0.0783466921232,0.0915786364806,0.0800952488049,0.0936357619886,0.065545033392,0.0936357619886,0.0768993211431,0.0905118847081,0.0769351020019
541,0.0368402630704,0.0400515551804,0.0276828976778,0.091729469642,0.254718479073,0.0929370970372,0.0257217988129,0.0435575102672,0.182005247119,0.0414588643183,0.00541624484853,0.157880572953,1,0.3,10,1,3,1,20,0.0826981243288,0.0578886870301,0.0826981243288,0.0822239368442,0.0943406707143,0.0723277724165,0.0826981243288,0.0578886870301,0.0826981243288,0.0961081752373,0.112664634277,0.0957649391354
542,0.000518844005295,0.0248947411156,0.0283751867732,0.0560480793607,0.0560664288415,0.0841013157422,0.0404926445975,0.283946422835,0.125796739801,0.0562189637507,0.178681051329,0.0648595818482,1,0.3,10,1,3,1,20,0.0863329071257,0.060433034988,0.0863329071257,0.0809363857692,0.0933681520825,0.0749564275559,0.0863329071257,0.060433034988,0.0863329071257,0.0897267245311,0.10530519545,0.0895094161325
543,0.22319370872,0.233405234422,0.00826225135592,0.0849803705547,0.00473560479805,0.104365792704,0.112228195698,0.0757017712697,0.0615207823175,0.0313005371261,0.0289654191043,0.0313403319303,1,0.3,10,1,3,1,20,0.0828361774748,0.0579853242323,0.0828361774748,0.0821687506716,0.0946728068452,0.0721076157068,0.0828361774748,0.0579853242323,0.0828361774748,0.0958522045133,0.112369331837,0.0955139320619
544,0.0104148736357,0.106828321439,0.0945087032055,0.210820765647,0.104554569283,0.0917922834904,0.0874264440327,0.00325273307299,0.219232521436,0.0250781064279,0.0460506176512,4.00606783269e-05,1,0.3,10,1,3,1,20,0.0865199644673,0.0605639751271,0.0865199644673,0.0808560902855,0.0941424166022,0.0743770059709,0.0865199644673,0.0605639751271,0.0865199644673,0.0893679487346,0.104891205559,0.0891575247249
545,0.234073858173,0.0200941296853,0.0285830495516,0.0432475530003,0.0337093746789,0.0674666725124,0.0464833739036,0.19205856751,0.120852029982,0.0752991569631,0.0834008769021,0.0547313571379,1,0.3,10,1,3,1,20,0.097405030676,0.0681835214732,0.097405030676,0.0768740043256,0.0986462869324,0.0758189365076,0.097405030676,0.0681835214732,0.097405030676,0.0699842470146,0.0825347889564,0.0701545706129
546,0.00354217695674,0.159705332247,0.0487805260622,0.128310912753,0.0720159875119,0.0943510154893,0.0768146130601,0.134867288268,0.0498478159229,0.0824445837767,0.0242888551766,0.125030892776,1,0.3,10,1,3,1,20,0.0846419455384,0.0592493618769,0.0846419455384,0.0816486317438,0.0871683238737,0.0795012101588,0.0846419455384,0.0592493618769,0.0846419455384,0.0929405397331,0.109013399234,0.0926613893489
547,0.0608056918152,0.119958933165,0.0889490025492,0.0472687661975,0.175169902422,0.143006800679,0.0579038669493,0.0857096762341,0.111785080493,0.0550213305467,0.0139857213544,0.0404352275934,1,0.3,10,1,3,1,20,0.088748639145,0.0621240474015,0.088748639145,0.0799993773892,0.0974960508132,0.0725640774712,0.088748639145,0.0621240474015,0.088748639145,0.0853096399909,0.100209839434,0.0851783635187
548,0.0264856206423,0.0369617665269,0.057791060115,0.0613971045676,0.0218184938346,0.220982940665,0.252191385518,0.0223375591667,0.0691082051358,0.0483285165824,0.0384930170286,0.144104330217,1,0.3,10,1,3,1,20,0.0924556184979,0.0647189329485,0.0924556184979,0.0787619562585,0.0920576077285,0.0791002654125,0.0924556184979,0.0647189329485,0.0924556184979,0.078965241943,0.0928943723074,0.0789602164613
549,0.0344757842841,0.0894520139187,0.0967582392002,0.151908071207,0.0351205193116,0.0293735835111,0.182339303871,0.073610120588,0.0220799570695,0.00543224526153,0.279154164151,0.000295997625516,1,0.3,10,1,3,1,20,0.0837695986333,0.0586387190433,0.0837695986333,0.0818189397997,0.095548725078,0.0718066823217,0.0837695986333,0.0586387190433,0.0837695986333,0.0941719647676,0.110431273196,0.0938665822168
550,0.0877150904648,0.0643321556417,0.0322323233101,0.200262096367,0.00432399916827,0.0038072578731,0.0573519616505,0.0336074726502,0.384096230936,0.0102022276967,0.113703086344,0.00836609789736,1,0.3,10,1,3,1,20,0.0910329930064,0.0637230951045,0.0910329930064,0.0792571242992,0.0929533263104,0.0776248409908,0.0910329930064,0.0637230951045,0.0910329930064,0.0814439169661,0.0957527725401,0.081389856659
551,0.110112280853,0.0859144732878,0.0135550222835,0.141721674084,0.0223836021273,0.0364908271422,0.108643476739,0.205073245778,0.014459285223,0.148577081241,0.0592582589274,0.0538107723129,1,0.3,10,1,3,1,20,0.0851849810531,0.0596294867372,0.0851849810531,0.0813571087004,0.0928475465057,0.0748439280657,0.0851849810531,0.0596294867372,0.0851849810531,0.0917725875813,0.107664827816,0.0915151036437
552,0.346028987527,0.0210083900333,0.0263943090359,0.201470168641,0.00842394522054,0.120378730538,0.0166618053463,0.119978192637,0.028690659929,0.0178163465143,0.0371630213756,0.0559854432021,1,0.3,10,1,3,1,20,0.0825931113707,0.0578151779595,0.0825931113707,0.0823883431163,0.0868970297495,0.0787300124942,0.0825931113707,0.0578151779595,0.0825931113707,0.0965677885734,0.113196770089,0.0962172545759
553,0.0847738276094,0.100461436641,0.0735132733951,0.0358119837688,0.275930888468,0.0450737396755,0.075777850125,0.113575933969,0.0484984517448,0.101389355925,0.00708956870984,0.0381036899687,1,0.3,10,1,3,1,20,0.0810617619019,0.0567432333313,0.0810617619019,0.0827900321921,0.0955746220645,0.0704541010538,0.0810617619019,0.0567432333313,0.0810617619019,0.0989517468781,0.115943774887,0.0985522086541
554,0.246967196722,0.00213380716777,0.0830875647837,0.0522498443262,0.0288569725702,0.0784521859905,0.0813213719509,0.130218558848,0.0154836241768,0.08619042186,0.152950082215,0.0420883693886,1,0.3,10,1,3,1,20,0.0877541081786,0.0614278757251,0.0877541081786,0.0803598447782,0.0972820246254,0.0722611157985,0.0877541081786,0.0614278757251,0.0877541081786,0.0870733872676,0.102244023441,0.0869074199247
555,0.0198645606036,0.12742062072,0.104894750577,0.0196358051914,0.237839017141,0.0153888061872,0.121199815674,0.00583929350148,0.0155116604178,0.0914230478932,0.105142734154,0.13583988794,1,0.3,10,1,3,1,20,0.0892289979066,0.0624602985346,0.0892289979066,0.0799009465752,0.0931545285572,0.0765642455222,0.0892289979066,0.0624602985346,0.0892289979066,0.0846214919197,0.0994174047189,0.0845047940111
556,0.0770179196722,0.0348326661111,0.0795883834445,0.0616487471679,0.0186857858468,0.0619039280807,0.00883084467396,0.153682846521,0.0384154948049,0.209763059454,0.141683204403,0.11394711982,1,0.3,10,1,3,1,20,0.0854165798358,0.0597916058851,0.0854165798358,0.08131078914,0.09068751949,0.0768304904339,0.0854165798358,0.0597916058851,0.0854165798358,0.0914432673249,0.107285622972,0.091192779526
557,0.236811227175,0.0711052861559,0.0932112023182,0.144693847219,0.0174208587759,0.0627450470432,0.160585642199,0.00543410808297,0.021009272715,0.0800295269697,0.0342462931974,0.0727076881488,1,0.3,10,1,3,1,20,0.0822127811773,0.0575489468241,0.0822127811773,0.0824930544526,0.0887616666259,0.0769265018214,0.0822127811773,0.0575489468241,0.0822127811773,0.0971705785691,0.113891448742,0.0968077314311
558,0.0730107686411,0.14872593864,0.106775181566,0.0755204678367,0.127611356109,0.0140232518821,0.165792168657,0.0486027563042,0.0166796287076,0.183486597317,0.0277378269368,0.0120340574032,1,0.3,10,1,3,1,20,0.0918503956268,0.0642952769387,0.0918503956268,0.0789957175516,0.0910816435622,0.0796491568065,0.0918503956268,0.0642952769387,0.0918503956268,0.0800697270294,0.094168442522,0.0800431761437
559,0.018033976256,0.11931175468,0.0624334596108,0.0755293086333,0.000382944171779,0.00292282519501,0.17317186592,0.0832792656791,0.0321326348258,0.221557674721,0.08163896829,0.129605322018,1,0.3,10,1,3,1,20,0.0999657581913,0.0699760307339,0.0999657581913,0.0759932661688,0.0964134467983,0.0790127308529,0.0999657581913,0.0699760307339,0.0999657581913,0.0655454889732,0.0774162016074,0.0658037713663
560,0.052440902348,0.0205433887356,0.0201845100731,0.00476568268385,0.222479677311,0.064655947946,0.025854253812,0.139645269023,0.0828411080595,0.173894814699,0.0591453230584,0.133549122251,1,0.3,10,1,3,1,20,0.0804191023911,0.0562933716738,0.0804191023911,0.0831209498698,0.0896809542388,0.0752483757992,0.0804191023911,0.0562933716738,0.0804191023911,0.100303486842,0.11750436775,0.0998787125877
561,0.118294777379,0.0532564673743,0.0389394702987,0.111530514297,0.0920569682072,0.0705142044477,0.0857923973853,0.150869240932,0.0821121231136,0.114219529373,0.0407586980773,0.0416556091146,1,0.3,10,1,3,1,20,0.0878162930215,0.061471405115,0.0878162930215,0.0805099632787,0.087154095067,0.08107283154,0.0878162930215,0.061471405115,0.0878162930215,0.0873366943785,0.102550504551,0.0871679288686
562,0.0244940849066,0.0286156184734,0.0497640369692,0.18335360449,0.0977783716062,0.0024789011134,0.0117722425062,0.25486464675,0.01364513736,0.264816682259,0.0433007033625,0.0251159702032,1,0.3,10,1,3,1,20,0.09157440834,0.064102085838,0.09157440834,0.0790947173126,0.0910828506492,0.0795125413497,0.09157440834,0.064102085838,0.09157440834,0.0805569432502,0.0947303472446,0.0805207951579
563,0.0258701578802,0.0200063671787,0.0261453536341,0.0830434755652,0.122691678966,0.0279185367571,0.00833224212607,0.0363765379164,0.268744094609,0.0319855826577,0.317070886631,0.0318150860785,1,0.3,10,1,3,1,20,0.099231854062,0.0694622978434,0.099231854062,0.076250997311,0.0967413861675,0.0783678950214,0.099231854062,0.0694622978434,0.099231854062,0.0668291296375,0.0788965296909,0.0670620502372
564,0.0344034359975,0.208630061051,0.057110164763,0.105183113473,0.125178213318,0.0126164434963,0.00879941180806,0.0206427835434,0.139983632399,0.25174663972,0.022366533228,0.0133395672023,1,0.3,10,1,3,1,20,0.0819889686718,0.0573922780703,0.0819889686718,0.0825443478411,0.0904654607893,0.0753393295412,0.0819889686718,0.0573922780703,0.0819889686718,0.0975029588464,0.114274309273,0.0971331628817
565,0.060274022803,0.189643972324,0.0143193547912,0.2931004327,0.0161198785033,0.0376737000258,0.0838787413568,0.103304690199,0.0198045096063,0.00741101267318,0.0401453369822,0.134324348036,1,0.3,10,1,3,1,20,0.088314584328,0.0618202090296,0.088314584328,0.0802430186026,0.0923326007518,0.0768277046424,0.088314584328,0.0618202090296,0.088314584328,0.0862661845145,0.101314451955,0.0861172841621
566,0.0206124678441,0.0212548026878,0.198932466554,0.0198403633779,0.0213228828998,0.0626465613164,0.231298690171,0.108860288434,0.0463582416641,0.0198031873242,0.184171363957,0.0648986837696,1,0.3,10,1,3,1,20,0.0899093842098,0.0629365689468,0.0899093842098,0.0797053711652,0.0903035985956,0.0793702889372,0.0899093842098,0.0629365689468,0.0899093842098,0.0835252806323,0.0981539383443,0.0834308475926
567,0.0488619116211,0.046285391809,0.190273340222,0.0203589249802,0.13193836138,0.0232617876786,0.105573402359,0.0373130138827,0.270580720412,0.0410525024307,0.0776365924598,0.00686405076526,1,0.3,10,1,3,1,20,0.0911594943172,0.063811646022,0.0911594943172,0.0792195454629,0.0924947087131,0.0780846132263,0.0911594943172,0.063811646022,0.0911594943172,0.0812374712372,0.0955148065122,0.0811875855354
568,0.0989100846656,0.083054595287,0.239308320642,0.00632746871233,0.113084303583,0.0929772140613,0.0247517369991,0.128202564612,0.0192147879048,0.0224525212944,0.12151005238,0.0502063498578,1,0.3,10,1,3,1,20,0.0871415789952,0.0609991052966,0.0871415789952,0.0807756981625,0.0857645573259,0.0819461665814,0.0871415789952,0.0609991052966,0.0871415789952,0.0885791027351,0.103983756012,0.0883861926098
569,0.146043012046,0.0994212893798,0.0948183785595,0.104418338293,0.0127642617433,0.0551564921499,0.00278471592934,0.0625834228612,0.0452736479558,0.0376308881711,0.19178578947,0.147319763441,1,0.3,10,1,3,1,20,0.0886810008901,0.062076700623,0.0886810008901,0.0801809624631,0.0882557554581,0.0805424210803,0.0886810008901,0.062076700623,0.0886810008901,0.085769453269,0.100742704283,0.0856312986403
570,0.139231411204,0.0814166229839,0.00102313457579,0.121947373479,0.0201135547941,0.0146070399354,0.178367850713,0.0738033560765,0.145364355633,0.0882889738824,0.134724698862,0.00111162786,1,0.3,10,1,3,1,20,0.0921957426662,0.0645370198663,0.0921957426662,0.0789316269634,0.0875683112314,0.082864943683,0.0921957426662,0.0645370198663,0.0921957426662,0.079589435564,0.0936154984652,0.0795731736955
571,0.126340722519,0.181048044048,0.10998598341,0.0280725264427,0.0797901108689,0.0406239574171,0.041825615787,0.016240901251,0.0462185235746,0.00609808400832,0.295874447568,0.027881083105,1,0.3,10,1,3,1,20,0.0968164640127,0.0677715248089,0.0968164640127,0.0771089281194,0.0972510306994,0.0767395464357,0.0968164640127,0.0677715248089,0.0968164640127,0.0710747712592,0.0837928744962,0.0712239433218
572,0.261444034145,0.0215694828259,0.020844333328,0.0925717541263,0.111304012149,0.119961761678,0.00945239885923,0.063029710878,0.142846004565,0.0707339604882,0.0300678224916,0.0561747244656,1,0.3,10,1,3,1,20,0.0977358105175,0.0684150673623,0.0977358105175,0.0767785050949,0.0972847795259,0.0771618814377,0.0977358105175,0.0684150673623,0.0977358105175,0.0694504046572,0.0819194878322,0.0696315646573
573,0.0664910992953,0.0393607655258,0.0721230165784,0.0270259828527,0.0892773668763,0.0202275674827,0.20206611829,0.047918783708,0.00271310304299,0.213722561856,0.0880818858608,0.130991748631,1,0.3,10,1,3,1,20,0.0796274655495,0.0557392258847,0.0796274655495,0.0834223326075,0.0886615975516,0.0757433204057,0.0796274655495,0.0557392258847,0.0796274655495,0.101738687767,0.119159863622,0.101285884079
574,0.0676147737724,0.143945846022,0.0238290937521,0.0606508154014,0.0163751733842,0.0860933269151,0.00446740851563,0.10029211118,0.345355500888,0.0813348916362,0.000783077303951,0.0692579812288,1,0.3,10,1,3,1,20,0.0773395985278,0.0541377189695,0.0773395985278,0.0843288005301,0.0836329324267,0.0789794667161,0.0773395985278,0.0541377189695,0.0773395985278,0.105963206969,0.124033384491,0.105428376817
575,0.0401773932015,0.0142485127024,0.0571736834392,0.0755649074128,0.145446649208,0.0936552964572,0.191757813012,0.00919817843317,0.0820336967186,0.0800198290106,0.1350734372,0.0756506032041,1,0.3,10,1,3,1,20,0.0907437805967,0.0635206464177,0.0907437805967,0.0793693873473,0.0924541971098,0.0779155333111,0.0907437805967,0.0635206464177,0.0907437805967,0.0819729139207,0.0963630016698,0.0819085514193
576,0.015093090603,0.0611503958118,0.0831490854785,0.109192888766,0.0720839843484,0.0651646904143,0.166484240778,0.0626708066568,0.0537209426331,0.0788316978382,0.0444456650751,0.188012511597,1,0.3,10,1,3,1,20,0.0803069954676,0.0562148968273,0.0803069954676,0.0832266879981,0.0858327794747,0.0785297715921,0.0803069954676,0.0562148968273,0.0803069954676,0.100643173879,0.117897195422,0.100212616109
577,0.0820738962763,0.0827791614954,0.319212071054,0.111718500291,0.0274173397121,0.00674916104982,0.0147547132486,0.10105041582,0.0411321526727,0.0712390270802,0.031326060217,0.110547501083,1,0.3,10,1,3,1,20,0.0927446454634,0.0649212518244,0.0927446454634,0.0786356120445,0.0933877251575,0.0780889943045,0.0927446454634,0.0649212518244,0.0927446454634,0.0784059602083,0.0922489852881,0.0784116374949
578,0.106501316309,0.0202112241057,0.0755363795407,0.0233824702695,0.241380088442,0.082613394789,0.148040859638,0.00401655610649,0.0945280677013,0.0434736692824,0.0858082948288,0.0745076789873,1,0.3,10,1,3,1,20,0.0845586472363,0.0591910530654,0.0845586472363,0.0816587665971,0.0883284540564,0.0784544308,0.0845586472363,0.0591910530654,0.0845586472363,0.0930448672226,0.109133397972,0.0927633882761
579,0.04887098674,0.207925259248,0.0433810145575,0.176521032403,0.00605974446734,0.101093242424,0.0113926580114,0.117370844114,0.0389498656602,0.144265419994,0.0663113306771,0.037858601704,1,0.3,10,1,3,1,20,0.0920280906427,0.0644196634499,0.0920280906427,0.0789157394589,0.0920345660098,0.0789102353969,0.0920280906427,0.0644196634499,0.0920280906427,0.0797208991402,0.0937658759586,0.0797009945648
580,0.0380754834294,0.111749269333,0.0957904980372,0.126635895883,0.135652583622,0.196924986792,0.0291313171897,0.0437570215881,0.0176576055141,0.0042607223087,0.0575655566273,0.142799059676,1,0.3,10,1,3,1,20,0.0836918466451,0.0585842926516,0.0836918466451,0.0819789890564,0.0877865064628,0.0784985282115,0.0836918466451,0.0585842926516,0.0836918466451,0.0945951842101,0.110921524419,0.0942832957563
581,0.14778017021,0.0305544978283,0.0510821632365,0.0114640996234,0.0452349312722,0.0892736768554,0.0696090700748,0.0837665056519,0.13176836225,0.196776926156,0.0381146050197,0.104574991823,1,0.3,10,1,3,1,20,0.0869606876488,0.0608724813542,0.0869606876488,0.0808743110682,0.0837844478416,0.0835741149044,0.0869606876488,0.0608724813542,0.0869606876488,0.088971413619,0.104436756358,0.0887712429047
582,0.0872824037455,0.032993605621,0.0882786078846,0.0842778151556,0.0716214001131,0.102744222727,0.186842276808,0.0120360521341,0.0155826576365,0.0985916823698,0.103328054052,0.116421221753,1,0.3,10,1,3,1,20,0.0794959238286,0.05564714668,0.0794959238286,0.0835163208084,0.085913140221,0.0780616868749,0.0794959238286,0.05564714668,0.0794959238286,0.10207217559,0.119545236666,0.101613451166
583,0.111521414467,0.114745556291,0.0200464754863,0.106032148716,0.0234354930445,0.223021422028,0.146529822558,0.0715494886007,0.0187832914088,0.0743917558825,0.0887814488002,0.00116168271665,1,0.3,10,1,3,1,20,0.0884629244582,0.0619240471207,0.0884629244582,0.080156793141,0.0942710935157,0.0752198494421,0.0884629244582,0.0619240471207,0.0884629244582,0.0859328764969,0.100929510989,0.0857900843409
584,0.159961630251,0.0353702766644,0.0366067983402,0.0403892404741,0.149474751838,0.110495646109,0.0398485055076,0.0661486528247,0.0101950236,0.0854171474448,0.0944370816628,0.171655245283,1,0.3,10,1,3,1,20,0.0832750094632,0.0582925066243,0.0832750094632,0.0821348527561,0.0874159694132,0.0786150367986,0.0832750094632,0.0582925066243,0.0832750094632,0.0953447679587,0.111786119985,0.0950182019871
585,0.0155726308996,0.0351375801813,0.068022490185,0.0268070813363,0.177382385408,0.116448253219,0.0572728456349,0.169658059183,0.0985669669451,0.194435679324,0.00514613814704,0.035549889537,1,0.3,10,1,3,1,20,0.0896847188906,0.0627793032234,0.0896847188906,0.0796567482397,0.0978941121818,0.0726787639422,0.0896847188906,0.0627793032234,0.0896847188906,0.0836423098901,0.0982868020199,0.0835437817169
586,0.0114290865068,0.00373215322562,0.0608245501033,0.160029009093,0.030854035884,0.149879902265,0.112671185471,0.0852101299003,0.0482803172845,0.123566224625,0.145629495688,0.0678939099536,1,0.3,10,1,3,1,20,0.0815269206793,0.0570688444755,0.0815269206793,0.0826208330591,0.0957101146544,0.0705651181802,0.0815269206793,0.0570688444755,0.0815269206793,0.09812550909,0.114990839648,0.0977422137005
587,0.0753718564961,0.191941144857,0.214345529309,0.00083386841935,0.00115221118412,0.0760922946394,0.00383289716321,0.303108449853,0.0450233008682,0.0189714592565,0.0497076500484,0.0196193379065,1,0.3,10,1,3,1,20,0.0916647082462,0.0641652957724,0.0916647082462,0.0791236897927,0.0874781367121,0.0826822755967,0.0916647082462,0.0641652957724,0.0916647082462,0.080530308584,0.0947006296134,0.0804955351714
588,0.11927490544,0.055282540095,0.20679692102,0.0288960535471,0.0371615906726,0.360780058021,0.00593714899528,0.011423794881,0.0939224146321,0.00477412321812,0.0283289884264,0.0474214610517,1,0.3,10,1,3,1,20,0.100240365558,0.0701682558904,0.100240365558,0.0759519026649,0.0930559605893,0.0820586468882,0.100240365558,0.0701682558904,0.100240365558,0.0651843486115,0.0770006309374,0.0654505362968
589,0.0485733119601,0.00630056072012,0.0498670026092,0.0214006126634,0.0122339232072,0.00513969301438,0.135917806752,0.251934363426,0.0401361621881,0.0463835794774,0.131628078239,0.250484905743,1,0.3,10,1,3,1,20,0.0847037031337,0.0592925921936,0.0847037031337,0.0815995760829,0.088748216658,0.0781617395873,0.0847037031337,0.0592925921936,0.0847037031337,0.0927733050013,0.108820089594,0.0924970761547
590,0.121425874871,0.00352264623773,0.081485889069,0.0490589518668,0.0244421026388,0.0205733544503,0.31518240717,0.0334379907311,0.0934435643146,0.161609679799,0.0446365904033,0.051180948448,1,0.3,10,1,3,1,20,0.0932541913678,0.0652779339574,0.0932541913678,0.0785431469403,0.0880807112757,0.0829406050185,0.0932541913678,0.0652779339574,0.0932541913678,0.0777018487543,0.0914384079055,0.0777226467197
591,0.106317421015,0.0473248460374,0.115644287764,0.105947988998,0.0729476596031,0.244029652158,0.0488172427706,0.0378856751359,0.038452494478,0.0571960140761,0.0648564901609,0.0605802278023,1,0.3,10,1,3,1,20,0.0943833240307,0.0660683268215,0.0943833240307,0.0781535535429,0.087168922814,0.0842857945771,0.0943833240307,0.0660683268215,0.0943833240307,0.0757419327656,0.0891782954242,0.0758015511106
592,0.0231218281155,0.0427269489432,0.0286705615607,0.18640421021,0.0195096699839,0.280951384895,0.0264752353181,0.203490543573,0.103974313613,0.0118178612206,0.04914298891,0.0237144536565,1,0.3,10,1,3,1,20,0.0851204994953,0.0595843496467,0.0851204994953,0.0813741925208,0.0932029762388,0.0745040872888,0.0851204994953,0.0595843496467,0.0851204994953,0.0918733375472,0.107780923854,0.0916137852758
593,0.0187498434761,0.0757193894141,0.142845062944,0.0784267514464,0.0410557137611,0.292105399512,0.0468726099023,0.0201955666785,0.0369534949784,0.222738969585,0.0043249077615,0.0200122905407,1,0.3,10,1,3,1,20,0.0823155333091,0.0576208733163,0.0823155333091,0.0824505696782,0.0890916943177,0.0766908328208,0.0823155333091,0.0576208733163,0.0823155333091,0.0969770101136,0.113668115244,0.0966178979571
594,0.0913013174955,0.0176502102691,0.0708813601555,0.0610135718785,0.145214406217,0.00398173368816,0.227844143605,0.0056433387394,0.0323557547173,0.00332270899061,0.263827363001,0.0769640912428,1,0.3,10,1,3,1,20,0.0967419458459,0.0677193620921,0.0967419458459,0.0771488372252,0.0964772902925,0.0773737944456,0.0967419458459,0.0677193620921,0.0967419458459,0.0712348377422,0.0839776933659,0.071381039361
595,0.0535357267444,0.102430548489,0.0297739024608,0.0962262975949,0.0413156693001,0.13209715664,0.101823468116,0.00205021014153,0.00334191988447,0.0674488205084,0.0826117788165,0.287344501304,1,0.3,10,1,3,1,20,0.092030901654,0.0644216311578,0.092030901654,0.0788700655919,0.0946580560619,0.0766369843451,0.092030901654,0.0644216311578,0.092030901654,0.0796192913599,0.0936479641674,0.0796007695423
596,0.0478371143043,0.00102082488053,0.0121399019188,0.0302837181502,0.0379837415741,0.188706824356,0.0213726339136,0.082233795498,0.032986453947,0.241069649055,0.272559590244,0.0318057521584,1,0.3,10,1,3,1,20,0.0826409373319,0.0578486561323,0.0826409373319,0.0823438871605,0.088500344759,0.0773633908475,0.0826409373319,0.0578486561323,0.0826409373319,0.0964242875658,0.113030825986,0.0960762020885
597,0.0186799904411,0.0648905909128,0.0878158931918,0.0268384486563,0.11230648288,0.137597647079,0.0461919232663,0.131799526905,0.0830187164511,0.199342876688,0.0288609598098,0.0626569437187,1,0.3,10,1,3,1,20,0.0959452918317,0.0671617042822,0.0959452918317,0.0773871186434,0.0992700235465,0.0745610966858,0.0959452918317,0.0671617042822,0.0959452918317,0.072538465703,0.0854803889352,0.0726583305949
598,0.015629503692,0.127705473694,0.0237930125953,0.121712168927,0.0173756150266,0.197777429144,0.0808080926003,0.211808294673,0.0747349985371,0.043463119877,0.0210936572593,0.0640986339743,1,0.3,10,1,3,1,20,0.0909905828293,0.0636934079805,0.0909905828293,0.0792669877569,0.0932677264668,0.077331415665,0.0909905828293,0.0636934079805,0.0909905828293,0.0815072109583,0.0958256820944,0.0814518297802
599,0.313630541338,0.0244703591101,0.350168754392,0.0688848096625,0.0331974525454,0.0706430545368,0.00386859389063,0.0164037675392,0.0166768640257,0.0246114197021,0.0446804366032,0.032763946655,1,0.3,10,1,3,1,20,0.0763734070198,0.0534613849138,0.0763734070198,0.084632002578,0.0861852573049,0.0762919298356,0.0763734070198,0.0534613849138,0.0763734070198,0.107575012762,0.125891567358,0.107007832254
600,0.154299378849,0.0579495723851,0.101905430665,0.223806525369,0.0352956694437,0.190282668306,0.0405921780816,0.000415841739518,0.0543580550966,0.0284457392886,0.0628396665304,0.049809274245,1,0.3,10,1,3,1,20,0.0886765184673,0.0620735629271,0.0886765184673,0.0801653546455,0.0892669680123,0.0796634725322,0.0886765184673,0.0620735629271,0.0886765184673,0.0857401157284,0.100708588842,0.085602300516
601,0.136216437059,0.00946117512062,0.0745304419186,0.0891066209386,0.0153282718294,0.0432164887238,0.0280025811327,0.159631571682,0.0468154683039,0.136281586521,0.250052957119,0.011356399652,1,0.3,10,1,3,1,20,0.0904267366378,0.0632987156465,0.0904267366378,0.079675640371,0.0811472692572,0.0875631876446,0.0904267366378,0.0632987156465,0.0904267366378,0.0829491888152,0.0974920735501,0.0828682625176
602,0.0727272398322,0.0314582318231,0.0895280568757,0.0104272849262,0.122433781722,0.120907682381,0.0213876853806,0.183800523849,0.220546671756,0.0642353393449,0.0351188541701,0.0274286479381,1,0.3,10,1,3,1,20,0.0859570068167,0.0601699047717,0.0859570068167,0.0811781751627,0.0870879313456,0.0802168893131,0.0859570068167,0.0601699047717,0.0859570068167,0.0906217361114,0.106339152031,0.0903882792263
603,0.0536272792257,0.028654850952,0.161953154099,0.148942182963,0.0127943134688,0.220374438047,0.069362861414,0.157272063903,0.0833220329991,0.00295012044965,0.0190637031907,0.041682999288,1,0.3,10,1,3,1,20,0.0844221790848,0.0590955253594,0.0844221790848,0.0816936457494,0.0891556818576,0.0776701683925,0.0844221790848,0.0590955253594,0.0844221790848,0.0932553306244,0.109375895307,0.0929695110111
604,0.0737340153584,0.185678101119,0.0595657225423,0.00928182910314,0.0209180389669,0.0384339118162,0.0228194492751,0.301746291291,0.191282316623,0.0200155436223,0.0743318447043,0.0021929355781,1,0.3,10,1,3,1,20,0.100798250345,0.0705587752412,0.100798250345,0.0756128812756,0.101212144313,0.0752610714021,0.100798250345,0.0705587752412,0.100798250345,0.0638989327823,0.0755159018196,0.0641885165466
605,0.139573933136,0.0709047932337,0.131746143883,0.102437776736,0.06952341777,0.0561822153596,0.123348525253,0.00268258528779,0.0383154093557,0.135725294156,0.0582971764688,0.0712627293609,1,0.3,10,1,3,1,20,0.0810408702545,0.0567286091782,0.0810408702545,0.0829117733297,0.0888642259602,0.0762619209799,0.0810408702545,0.0567286091782,0.0810408702545,0.0992358309886,0.116273269928,0.098832279439
606,0.0561074171058,0.0761785101732,0.0742148373588,0.0583887832921,0.110645204706,0.0156165320864,0.229324133515,0.0142694248332,0.164769801325,0.0544208297399,0.10938392222,0.0366806036442,1,0.3,10,1,3,1,20,0.0875731053069,0.0613011737149,0.0875731053069,0.0804438745662,0.096160828571,0.0731443097918,0.0875731053069,0.0613011737149,0.0875731053069,0.0874342541496,0.102660521224,0.0872614430402
607,0.234560668269,0.224780581255,0.0162869947673,0.00114414637257,0.0871037532523,0.0518102285991,0.0457028903311,0.0329130642517,0.00319571843077,0.170073244329,0.0642499285835,0.0681787815584,1,0.3,10,1,3,1,20,0.087371375522,0.0611599628654,0.087371375522,0.0806589368894,0.087780019466,0.080311589537,0.087371375522,0.0611599628654,0.087371375522,0.0880991465139,0.103429664743,0.0879152150316
608,0.0770935931472,0.0937885461277,0.0566185136356,0.062350100828,0.0326905308094,0.0216884980081,0.256249825335,0.0151373823903,0.0107941441746,0.286861558513,0.04563109121,0.0410962158208,1,0.3,10,1,3,1,20,0.0793247364121,0.0555273154884,0.0793247364121,0.0835278948987,0.0888408979288,0.0754391576094,0.0793247364121,0.0555273154884,0.0793247364121,0.10226655657,0.119768603442,0.101803312926
609,0.0653429538519,0.0405896085969,0.0352058996069,0.00920211604544,0.0215119744076,0.0762973806846,0.0822991404408,0.0756406629578,0.375592229803,0.125415131657,0.0728030380271,0.0200998639214,1,0.3,10,1,3,1,20,0.094014387083,0.0658100709581,0.094014387083,0.0781576937573,0.0947006685117,0.0775743545429,0.094014387083,0.0658100709581,0.094014387083,0.0761158411753,0.0896074333863,0.0761663183784
610,0.156369043303,0.0163367431903,0.0600524398889,0.300050137251,0.28363512434,0.0391456997963,0.00537252569681,0.0125143166679,0.0148700606043,0.0715175318047,0.0351190563429,0.00501732111358,1,0.3,10,1,3,1,20,0.0832442471582,0.0582709730108,0.0832442471582,0.082018030421,0.0949260001315,0.0720885403938,0.0832442471582,0.0582709730108,0.0832442471582,0.0951224226899,0.111527606329,0.09479846538
611,0.312145079865,0.032585168271,0.0108134300157,0.00523094922963,0.00300521363963,0.0609306269352,0.158035285576,0.11219821063,0.00954161882813,0.0423651123744,0.231960241542,0.0211890630939,1,0.3,10,1,3,1,20,0.0887143952415,0.062100076669,0.0887143952415,0.0800287207717,0.0964941709241,0.0734159114415,0.0887143952415,0.062100076669,0.0887143952415,0.0854070057815,0.100322409069,0.0852740477085
612,0.221932341611,0.0244228296578,0.279146085757,0.196614092247,0.102908906256,0.0330319034866,0.0180705538293,0.021874490042,0.0165094355512,0.0162852348941,0.0332802553943,0.0359238712737,1,0.3,10,1,3,1,20,0.0876650816534,0.0613655571574,0.0876650816534,0.0805520439246,0.0878690279947,0.0803786895344,0.0876650816534,0.0613655571574,0.0876650816534,0.0875773239545,0.102827823602,0.0874036500615
613,0.0346739528775,0.058458017447,0.0470899564064,0.0053282342303,0.0394952054631,0.193883371254,0.077305773735,0.143381977553,0.169214248593,0.00391007318912,0.0328192535847,0.194439935667,1,0.3,10,1,3,1,20,0.0880905090701,0.0616633563491,0.0880905090701,0.0803208460174,0.0924834128963,0.0765868777651,0.0880905090701,0.0616633563491,0.0880905090701,0.0866562378882,0.101764257543,0.0864996189115
614,0.037928082631,0.0408402314231,0.175063744771,0.078796900911,0.0702284198052,0.212296740369,0.116268477634,0.0018008539225,0.0292463135746,0.156501487915,0.0328149767284,0.0482137703148,1,0.3,10,1,3,1,20,0.0902415714438,0.0631691000107,0.0902415714438,0.0795896783137,0.0900985371793,0.0797112574385,0.0902415714438,0.0631691000107,0.0902415714438,0.0829463520044,0.0974863185231,0.0828633707446
615,0.000266335599582,0.0191341940928,0.00508273056932,0.141400911083,0.0922549502011,0.0467048798524,0.181428243767,0.0878354214758,0.0731894380151,0.015291390452,0.31334134871,0.0240701561816,1,0.3,10,1,3,1,20,0.0842805192571,0.05899636348,0.0842805192571,0.0816837624336,0.0927215147727,0.0745089162454,0.0842805192571,0.05899636348,0.0842805192571,0.0933740744974,0.109511853007,0.0930850750557
616,0.0212787188038,0.0178019385727,0.202760427112,0.187770890083,0.136458392613,0.00250899460342,0.0505615475628,0.200213926336,0.0210811316222,0.0394209728469,0.0441256581601,0.0760174016848,1,0.3,10,1,3,1,20,0.086211223136,0.0603478561952,0.086211223136,0.080988695085,0.0928600314063,0.0753372080553,0.086211223136,0.0603478561952,0.086211223136,0.0899602781749,0.105574693159,0.0897384891851
617,0.16814817292,0.0189243172523,0.0228951761618,0.101739145286,0.171190419307,0.148588782337,0.0215948870467,0.0996211023948,0.0674985351419,0.0493162460514,0.0736861265704,0.0567970895308,1,0.3,10,1,3,1,20,0.0883224322005,0.0618257025404,0.0883224322005,0.0801838823861,0.0956406776721,0.0739633737352,0.0883224322005,0.0618257025404,0.0883224322005,0.0861304650523,0.101157009336,0.0859834579355
618,0.0374116162289,0.160373115011,0.250970691717,0.0206103935669,0.0597792689449,0.0161361158734,0.172958890001,0.021618602264,0.114309687027,0.0755102728748,0.0541122476021,0.0162090988879,1,0.3,10,1,3,1,20,0.0886920000576,0.0620844000403,0.0886920000576,0.0801921367432,0.0873676209379,0.081317858995,0.0886920000576,0.0620844000403,0.0886920000576,0.0857827513912,0.100758287363,0.0856445442585
619,0.100018723963,0.0145016960785,0.0547711427763,0.00751571119362,0.133023625621,0.135904408413,0.144919194929,0.0811003099263,0.173683033621,0.00883654317987,0.0794282126218,0.0662973976769,1,0.3,10,1,3,1,20,0.0883852479036,0.0618696735325,0.0883852479036,0.0803124740991,0.0867638643566,0.0816906501141,0.0883852479036,0.0618696735325,0.0883852479036,0.0863465693844,0.101408704522,0.086197398844
620,0.0586563841169,0.0180647000461,0.0650788088313,0.191831265306,0.0606370130218,0.091943546509,0.00439601580565,0.0602138663298,0.0872828122649,0.213271619001,0.00653687178699,0.142087096981,1,0.3,10,1,3,1,20,0.0780095515016,0.0546066860511,0.0780095515016,0.08398690052,0.0895964866307,0.0741380056602,0.0780095515016,0.0546066860511,0.0780095515016,0.104560705394,0.12241422902,0.104052094667
621,0.035444021135,0.118085316834,0.119050650044,0.0884872113391,0.00521219925754,0.278030768025,0.0546140239294,0.0341286649262,0.0415949165713,0.0155097471926,0.116712181864,0.0931302988813,1,0.3,10,1,3,1,20,0.0886564896397,0.0620595427478,0.0886564896397,0.0801217033198,0.0922529845158,0.0770646826751,0.0886564896397,0.0620595427478,0.0886564896397,0.0856654772536,0.100621680098,0.0855284280831
622,0.0605155579307,0.0425393085013,0.145479562268,0.0620398186051,0.0608096075997,0.12369910297,0.0180840969435,0.126933180144,0.0196562746557,0.0875112218361,0.0279915592302,0.224740709315,1,0.3,10,1,3,1,20,0.0890503059403,0.0623352141582,0.0890503059403,0.079972099871,0.0927409545198,0.0768350485784,0.0890503059403,0.0623352141582,0.0890503059403,0.08495221127,0.0997989371259,0.084829096557
623,0.324574011461,0.0173525212146,0.0508069909534,0.0341465472983,0.102708496999,0.0453227841781,0.0245535974838,0.0342240916828,0.0708452237252,0.164404984794,0.111889335739,0.0191714144708,1,0.3,10,1,3,1,20,0.0873535637764,0.0611474946434,0.0873535637764,0.0805785254216,0.09287848027,0.075882346402,0.0873535637764,0.0611474946434,0.0873535637764,0.0879427749039,0.103247907357,0.0877607212533
624,0.198233422305,0.123261956659,0.102360272431,0.0158410266662,0.0867229514187,0.0497483872957,0.0601849435135,0.0961816643448,0.0101270591472,0.131913977979,0.088721508002,0.0367028302377,1,0.3,10,1,3,1,20,0.0949241262763,0.0664468883934,0.0949241262763,0.0777368201711,0.100249641515,0.0732101322181,0.0949241262763,0.0664468883934,0.0949241262763,0.0743052650322,0.0875177617141,0.074390097457
625,0.214500073744,0.285584671429,0.0321018517742,0.0358194318374,0.0192293710861,0.0491630851255,0.0628708143294,0.046727583695,0.0907707619302,0.00940577505525,0.143109310288,0.0107172697062,1,0.3,10,1,3,1,20,0.093928757708,0.0657501303956,0.093928757708,0.0781063779357,0.0995193288334,0.073354392479,0.093928757708,0.0657501303956,0.093928757708,0.0760895102226,0.0895757291386,0.0761393697678
626,0.181422929514,0.0745292110987,0.000869241706228,0.124846234725,0.341683536473,0.018682301647,0.0731067217031,0.0614229881539,0.00211446511863,0.0281217480716,0.0369205296723,0.0562800921165,1,0.3,10,1,3,1,20,0.0868160307072,0.0607712214951,0.0868160307072,0.0808365692815,0.089049754179,0.0789379043305,0.0868160307072,0.0607712214951,0.0868160307072,0.0890328432574,0.104506142234,0.0888302208988
627,0.0668637116717,0.0485943278528,0.0679340947607,0.135299998476,0.148147052718,0.0191441091032,0.0308291415442,0.0789101191528,0.112706911753,0.00406602981189,0.0295327070685,0.257971796088,1,0.3,10,1,3,1,20,0.0925711133529,0.0647997793471,0.0925711133529,0.0787270170768,0.0916758942997,0.079487953272,0.0925711133529,0.0647997793471,0.0925711133529,0.0787753952985,0.0926755286201,0.0787741993271
628,0.203499111637,0.0593276161628,0.00126717867017,0.144469048264,0.0120142393438,0.0238748366451,0.0165020106037,0.0923339237072,0.0434863005042,0.167254954087,0.0274652297268,0.208505550648,1,0.3,10,1,3,1,20,0.0862261020212,0.0603582714148,0.0862261020212,0.0811531896709,0.0828846184977,0.0839934506659,0.0862261020212,0.0603582714148,0.0862261020212,0.0903014863812,0.105970975065,0.0900753288051
629,0.0130796899779,0.0119251486183,0.0186594628857,0.0651196429474,0.0298871977881,0.0429382498228,0.117141528104,0.0459374242588,0.160424540342,0.100650920209,0.0719307573294,0.322305437716,1,0.3,10,1,3,1,20,0.0856274252698,0.0599391976888,0.0856274252698,0.0812132351509,0.0919741833425,0.075818490789,0.0856274252698,0.0599391976888,0.0856274252698,0.0910236172935,0.106801284847,0.0907810921201
630,0.181995468259,0.116807893115,0.0514546677091,0.0105509844162,0.0644895526533,0.0704283602218,0.0154106900312,0.00194537659378,0.0588908229078,0.136377463682,0.145498089709,0.146150630702,1,0.3,10,1,3,1,20,0.0985692201409,0.0689984540986,0.0985692201409,0.076485734579,0.0969179693241,0.0778892977733,0.0985692201409,0.0689984540986,0.0985692201409,0.0679925171276,0.0802382121271,0.0682024803081
631,0.104025328343,0.0414610214196,0.0826609960385,0.114785489124,0.190547504144,0.0165948170005,0.0121880831133,0.220881382058,0.0485719957868,0.027604020849,0.0136311346835,0.12704822744,1,0.3,10,1,3,1,20,0.0850329117174,0.0595230382022,0.0850329117174,0.0813416338994,0.0969611729885,0.071202611819,0.0850329117174,0.0595230382022,0.0850329117174,0.0918895298559,0.107798555764,0.0916287723992
632,0.00727851509839,0.0366608769068,0.0325835014412,0.0528111525883,0.0831371576381,0.231932763597,0.0116312488319,0.0627613421808,0.0326121630529,0.124690996312,0.141205772637,0.182694509715,1,0.3,10,1,3,1,20,0.0975718351276,0.0683002845894,0.0975718351276,0.0768636853475,0.0957371741822,0.0784231471512,0.0975718351276,0.0683002845894,0.0975718351276,0.0697969173924,0.0823195493175,0.0699716169199
633,0.0244823612616,0.0870679384417,0.0371279008599,0.0177352193847,0.0904922855847,0.089091536608,0.0417525454287,0.223083586642,0.0823828627955,0.105672022387,0.173824898552,0.0272868420534,1,0.3,10,1,3,1,20,0.0879943791171,0.061596065382,0.0879943791171,0.0803785218406,0.0911215593137,0.0777204186736,0.0879943791171,0.061596065382,0.0879943791171,0.0868761254655,0.102018231067,0.0867154964071
634,0.0775033938478,0.0448963704637,0.113968430624,0.175554892571,0.0308740822128,0.0142719574762,0.116545112087,0.0468434467204,0.141511602977,0.0414990287939,0.00339390886714,0.193137773359,1,0.3,10,1,3,1,20,0.100403218938,0.0702822532568,0.100403218938,0.0759485211989,0.0898226261237,0.0849420250913,0.100403218938,0.0702822532568,0.100403218938,0.0650159384525,0.0768073010092,0.0652862058578
635,0.0197533383376,0.0645369835845,0.0132039783419,0.247046307867,0.0122951394367,0.0107773778398,0.0162854299575,0.187300207475,0.111478007184,0.165492813156,0.0312868026839,0.120543614136,1,0.3,10,1,3,1,20,0.0923803164614,0.064666221523,0.0923803164614,0.0787689914879,0.0932312871284,0.078045666421,0.0923803164614,0.064666221523,0.0923803164614,0.0790549527467,0.092997509905,0.0790478834192
636,0.148508598811,0.0178286824174,0.0257166787179,0.0762898994671,0.00315100042474,0.0755696370342,0.0112285463764,0.0632225810784,0.10945990673,0.248975048728,0.134369618192,0.0856798020227,1,0.3,10,1,3,1,20,0.0899469626063,0.0629628738244,0.0899469626063,0.0796459433294,0.09300226716,0.0770489344588,0.0899469626063,0.0629628738244,0.0899469626063,0.0833595209388,0.0979620194804,0.0832677165584
637,0.183482882014,0.0966489360381,0.203916419697,0.0301320574306,0.00137849093496,0.0435179113462,0.201105774555,0.0648669160226,0.103500195262,0.0375634751538,0.025047121629,0.0088398199167,1,0.3,10,1,3,1,20,0.0909725691441,0.0636807984009,0.0909725691441,0.0793065854495,0.0913215095307,0.0790099861209,0.0909725691441,0.0636807984009,0.0909725691441,0.0816107097587,0.0959455868984,0.0815537488636
638,0.134340980949,0.0578900185561,0.199113652532,0.0547022752551,0.0155869820598,0.0537919472633,0.123383503131,0.0163662474358,0.0419890954823,0.046990828807,0.224965340435,0.0308791280938,1,0.3,10,1,3,1,20,0.0914817688395,0.0640372381876,0.0914817688395,0.078989612205,0.099208642685,0.0724217694363,0.0914817688395,0.0640372381876,0.0914817688395,0.0804211597268,0.0945714941695,0.0803857700441
639,0.00820309496739,0.0415262216542,0.102227119446,0.150188496494,0.0541563379607,0.0134874279763,0.150549479557,0.0662683263895,0.130871321498,0.146432858096,0.0338975282094,0.102191787751,1,0.3,10,1,3,1,20,0.0837675146406,0.0586372602484,0.0837675146406,0.0819071452094,0.0904117545463,0.0762595412895,0.0837675146406,0.0586372602484,0.0837675146406,0.0943648813064,0.110655188427,0.0940569101627
640,0.0359153395506,0.00780622770427,0.020014439056,0.00285819715459,0.306045136293,0.026320590449,0.025353398125,0.310661990588,0.070651713332,0.0261714370953,0.0884526164872,0.0797489141655,1,0.3,10,1,3,1,20,0.0877623975521,0.0614336782865,0.0877623975521,0.0805012964363,0.088798942081,0.0796202335867,0.0877623975521,0.0614336782865,0.0877623975521,0.0873712544805,0.102589906289,0.0872014203454
641,0.0571011365916,0.0633543932111,0.13363550436,0.0553651526402,0.00221470212696,0.304798925655,0.00566823604181,0.0426128133858,0.170662456366,0.0421415369024,0.0972899830005,0.0251551597183,1,0.3,10,1,3,1,20,0.0875399037588,0.0612779326312,0.0875399037588,0.0806194859012,0.0865456959374,0.0814645625494,0.0875399037588,0.0612779326312,0.0875399037588,0.0878470771457,0.103139296307,0.0876684018612
642,0.127523956395,0.0144133638887,0.194324550785,0.137793794355,0.0432020423099,0.0316299235404,0.104996226122,0.0112084223802,0.0940374355942,0.129438074576,0.106346937782,0.00508527227105,1,0.3,10,1,3,1,20,0.091617931155,0.0641325518085,0.091617931155,0.0791097607013,0.0892820587388,0.081095252255,0.091617931155,0.0641325518085,0.091617931155,0.0805464410057,0.0947187346283,0.0805109244341
643,0.142930144571,0.0926957358692,0.0800003001928,0.134141403835,0.0798720024194,0.0754551754712,0.0521807424783,0.0283558734747,0.00205983934861,0.114925426818,0.0631905335311,0.134192821991,1,0.3,10,1,3,1,20,0.0826807494707,0.0578765246295,0.0826807494707,0.0823434094396,0.0876894087869,0.0780860490208,0.0826807494707,0.0578765246295,0.0826807494707,0.096383871989,0.112984439796,0.0960367738264
644,0.0352447508105,0.236417792493,0.0630014620804,0.051265335505,0.165010079097,0.0872340476089,0.0977436042437,0.166460575039,0.0417974180478,0.0197110610807,0.0224361905165,0.0136776834774,1,0.3,10,1,3,1,20,0.098226754747,0.0687587283229,0.098226754747,0.0765836388262,0.0983844739392,0.0764495775128,0.098226754747,0.0687587283229,0.098226754747,0.0685431226275,0.0808728170057,0.0687418944549
645,0.0231460023333,0.00698239239098,0.119430859296,0.0613098232428,0.0960715594468,0.0561105939306,0.0274627424211,0.135594248923,0.00468873609357,0.388501783151,0.0762219807999,0.00447927797075,1,0.3,10,1,3,1,20,0.0883807603685,0.061866532258,0.0883807603685,0.0802308874553,0.0916505584002,0.0774515591284,0.0883807603685,0.061866532258,0.0883807603685,0.0861744747582,0.101208872577,0.0860275416907
646,0.324884729572,0.0926962390373,0.0102180236081,0.00835926143214,0.0777270101684,0.0126237610965,0.0319177320828,0.0483266670792,0.0695998409184,0.0347864370199,0.090699184407,0.198161113578,1,0.3,10,1,3,1,20,0.0992708099315,0.0694895669521,0.0992708099315,0.076165488122,0.10094295679,0.074744163292,0.0992708099315,0.0694895669521,0.0992708099315,0.0666055736476,0.0786375375771,0.0668419069406
647,0.0338616286777,0.0934374161037,0.173171076872,0.102958687654,0.0102837501562,0.180055371508,0.0555803145088,0.0636830466631,0.0265852524059,0.110170814181,0.00113429523953,0.14907834603,1,0.3,10,1,3,1,20,0.0844317323058,0.0591022126141,0.0844317323058,0.0817155176717,0.0876696755915,0.0789632658789,0.0844317323058,0.0591022126141,0.0844317323058,0.093293206165,0.10941998932,0.0930069909218
648,0.0990216783413,0.103624428612,0.0265331481639,0.0445627549959,0.23915244313,0.00634096443446,0.0145770907323,0.0123280601181,0.0873343368435,0.00073418107482,0.0806232902782,0.285167623276,1,0.3,10,1,3,1,20,0.0889166797837,0.0622416758486,0.0889166797837,0.0801072376039,0.0876194395667,0.0812098917884,0.0889166797837,0.0622416758486,0.0889166797837,0.0853767985885,0.100290033308,0.0852465283122
649,0.0901407266001,0.0227485147845,0.0343622034187,0.160403140052,0.134517962512,0.0387311007845,0.0307209240303,0.057139223364,0.0960719864089,0.0206027188526,0.10291442286,0.211647076333,1,0.3,10,1,3,1,20,0.0873601638655,0.0611521147058,0.0873601638655,0.0805908838935,0.0920134959081,0.0766355516573,0.0873601638655,0.0611521147058,0.0873601638655,0.0879629868687,0.103271457729,0.0877807390697
650,0.022490519946,0.00257234110098,0.00878478165692,0.0134028713331,0.0440460140772,0.324881674766,0.0429502171943,0.177362020349,0.13844874109,0.0156318518083,0.0394196629582,0.17000930372,1,0.3,10,1,3,1,20,0.081107042171,0.0567749295197,0.081107042171,0.0827898280709,0.094632381114,0.0712932899693,0.081107042171,0.0567749295197,0.081107042171,0.0989065142664,0.115891869652,0.0985080892042
651,0.0115186561306,0.229594663693,0.243593707033,0.100245368814,0.100796417981,0.0512330036094,0.00274541138557,0.000515965919828,0.0077642351719,0.0444997882338,0.0189500030694,0.188542778959,1,0.3,10,1,3,1,20,0.0865614703095,0.0605930292167,0.0865614703095,0.0808991545097,0.0907382807224,0.0773488656587,0.0865614703095,0.0605930292167,0.0865614703095,0.0894200719433,0.10495226351,0.0892094239839
652,0.053253071519,0.0433845082105,0.0507855227174,0.00152414281994,0.0356780874571,0.00601889694345,0.218023286537,0.104657078524,0.357780222465,0.102155171512,0.0122258333146,0.01451417798,1,0.3,10,1,3,1,20,0.0841618101553,0.0589132671087,0.0841618101553,0.0816766496014,0.0956409582988,0.0719193736794,0.0841618101553,0.0589132671087,0.0841618101553,0.0934761103168,0.109628720684,0.0931844125811
653,0.123693435137,0.0440172504688,0.0335540616217,0.100756361805,0.0497808744167,0.0240302575373,0.0151300583766,0.0562867312093,0.0866246594664,0.444078264526,0.0220068364385,4.12089967652e-05,1,0.3,10,1,3,1,20,0.089070623278,0.0623494362946,0.089070623278,0.079931424423,0.0947019283087,0.075144815147,0.089070623278,0.0623494362946,0.089070623278,0.0848441017111,0.0996737106535,0.0847226540555
654,0.305163471025,0.123774628423,0.041354005227,0.0831708668628,0.0884531117205,0.0665842612717,0.104529843609,0.0738711500866,0.00861367076715,0.0216571733169,0.0244888480559,0.0583389696342,1,0.3,10,1,3,1,20,0.0829110595162,0.0580377416613,0.0829110595162,0.0822644828348,0.0874717682756,0.0783878803892,0.0829110595162,0.0580377416613,0.0829110595162,0.0959852728245,0.112524796913,0.0956460773758
655,0.0603692284624,0.00932487098203,0.10769219082,0.0291166666058,0.024303356937,0.335706520583,0.0326519456152,0.0629302596907,0.061213584818,0.111760006654,0.145913514621,0.0190178542112,1,0.3,10,1,3,1,20,0.0843072692382,0.0590150884668,0.0843072692382,0.0816688683609,0.0930326168539,0.0742523228875,0.0843072692382,0.0590150884668,0.0843072692382,0.0933153864395,0.109444081931,0.0930274696411
656,0.00401865811297,0.114774084715,0.239745396497,0.100658853393,0.0152180656013,0.00122637103344,0.0911584870908,0.218358909378,0.0407833991524,0.0784085659286,0.0309149868948,0.0647342222021,1,0.3,10,1,3,1,20,0.0894434792766,0.0626104354936,0.0894434792766,0.0798438102576,0.0919905714462,0.0776787819135,0.0894434792766,0.0626104354936,0.0894434792766,0.0842856992617,0.0990304589337,0.0841758900936
657,0.0701888434278,0.0719422736991,0.0199758153436,0.00957000354454,0.00857515405493,0.293628005036,0.173588786755,0.0299946561704,0.0520549689926,0.0621630180742,0.153969688481,0.0543487864204,1,0.3,10,1,3,1,20,0.0954694392446,0.0668286074712,0.0954694392446,0.0776926933397,0.0913496501682,0.0811945140547,0.0954694392446,0.0668286074712,0.0954694392446,0.073670365308,0.0867880028154,0.0737698023931
658,0.0827250293113,0.0828035652319,0.00368957981415,0.0271693143645,0.0366961206374,0.200293265322,0.184670256301,0.0854486108374,0.179099009462,0.0804592489823,0.0128081311753,0.0241378685604,1,0.3,10,1,3,1,20,0.0854846811397,0.0598392767978,0.0854846811397,0.0814206074006,0.0828020074165,0.0837008800653,0.0854846811397,0.0598392767978,0.0854846811397,0.0916135219879,0.107484164852,0.0913615401239
659,0.0744893521395,0.0548956430361,0.251168282633,0.0292538194439,0.155802746726,0.20537573477,0.048584373567,0.00854502569518,0.0655773000203,0.00984958195295,0.0480779321415,0.0483802078751,1,0.3,10,1,3,1,20,0.0825037431559,0.0577526202091,0.0825037431559,0.0824086891991,0.0875853032716,0.0780893631007,0.0825037431559,0.0577526202091,0.0825037431559,0.096700214999,0.113349306156,0.0963469102323
660,0.0227536637601,0.0391356963347,0.0510951345238,0.0410798406038,0.0699791735357,0.0807830414119,0.0919596515101,0.0328548020236,0.177326324336,0.107191535121,0.107992819932,0.177848316907,1,0.3,10,1,3,1,20,0.0958580536077,0.0671006375254,0.0958580536077,0.0775873781237,0.0893459036612,0.0831227055782,0.0958580536077,0.0671006375254,0.0958580536077,0.0730580740175,0.0860824049394,0.0731700441985
661,0.0243777612767,0.0908878800687,0.175088711302,0.0407616507308,0.22916609855,0.134051632081,0.125293211695,0.0625811960352,0.0119826931702,0.00554209426321,0.00144408882111,0.0988229820046,1,0.3,10,1,3,1,20,0.0953033932329,0.066712375263,0.0953033932329,0.0777610214619,0.0908355181496,0.0815587152827,0.0953033932329,0.066712375263,0.0953033932329,0.0739824623743,0.0871480860939,0.0740758731798
662,0.14088892276,0.0575082138134,0.313898135648,0.0207274986978,0.0160378576986,0.080246074559,0.0898736769856,0.0138750665414,0.148175380051,0.0383541137537,0.0265870368862,0.0538280226044,1,0.3,10,1,3,1,20,0.0886246506758,0.0620372554731,0.0886246506758,0.0802642359573,0.0845520681066,0.0837259311412,0.0886246506758,0.0620372554731,0.0886246506758,0.0860053781295,0.101015823252,0.0858634497641
663,0.0835737431055,0.18441720426,0.100763763883,0.154066444825,0.0100893405008,0.0254808132594,0.174724982475,0.0212327420673,0.0203917589108,0.0197239529402,0.103545077754,0.10199017602,1,0.3,10,1,3,1,20,0.0950321148351,0.0665224803846,0.0950321148351,0.0778146878316,0.0934002212652,0.0792017973661,0.0950321148351,0.0665224803846,0.0950321148351,0.0743669301536,0.0875907801481,0.0744521631259
664,0.158708864778,0.0150660483067,0.079945876234,0.0520916411628,0.0375730640507,0.107460778669,0.0661946438127,0.0400885912729,0.177590669026,0.116153483401,0.130289358416,0.0188369808691,1,0.3,10,1,3,1,20,0.0800791294397,0.0560553906078,0.0800791294397,0.0832293587569,0.0904779263291,0.074390381401,0.0800791294397,0.0560553906078,0.0800791294397,0.100874356322,0.118162528766,0.100438149451
665,0.00901130905003,0.0328108153559,0.014167946396,0.0211581829616,0.109214548787,0.0301363828521,0.187476166291,0.11059239753,0.049423416779,0.230625591498,0.178999866159,0.0263833763406,1,0.3,10,1,3,1,20,0.0947911444837,0.0663538011386,0.0947911444837,0.0778988130734,0.0935371652339,0.0789646954357,0.0947911444837,0.0663538011386,0.0947911444837,0.074787323009,0.0880755800194,0.0748642430165
666,0.0445395110057,0.0339471848662,0.120694844715,0.0399031049409,0.0139952468112,0.068664832805,0.00459249301499,0.381335043724,0.150050177747,0.0887392906721,0.0452532757087,0.00828499398897,1,0.3,10,1,3,1,20,0.0850768291981,0.0595537804387,0.0850768291981,0.0815594458715,0.0832421211318,0.0831189477279,0.0850768291981,0.0595537804387,0.0850768291981,0.0923173791394,0.108295799167,0.0920514292922
667,0.0846070733867,0.0789337540018,0.161050000121,0.0932213232759,0.00958556041751,0.156598629555,0.00874768228587,0.0465521652799,0.0893954220022,0.134315920298,0.109528580071,0.0274638893042,1,0.3,10,1,3,1,20,0.0819756505597,0.0573829553918,0.0819756505597,0.0825601164839,0.0898199280003,0.0758924806594,0.0819756505597,0.0573829553918,0.0819756505597,0.0975502525452,0.114329032048,0.0971796772408
668,0.0691086240946,0.165973876929,0.0457916856292,0.0801173229131,0.0127689095251,0.0700915789858,0.119173450129,0.0666171449038,0.00571966556693,0.0493162281931,0.170294092696,0.145027420434,1,0.3,10,1,3,1,20,0.096146178781,0.0673023251467,0.096146178781,0.0773217341861,0.0988770213565,0.0750005179969,0.096146178781,0.0673023251467,0.096146178781,0.0721982735865,0.085088155382,0.0723249320747
669,0.00410985605046,0.00107652003599,0.226995136485,0.0979579128061,0.0725480341584,0.00854216308972,0.256179458112,0.0585912123852,0.121490961814,0.0336911596976,0.0109738086797,0.107843776686,1,0.3,10,1,3,1,20,0.0853686372767,0.0597580460937,0.0853686372767,0.0812952947268,0.0926079441559,0.0751418838794,0.0853686372767,0.0597580460937,0.0853686372767,0.0914571656438,0.107301119081,0.091205951219
670,0.100238614345,0.00294041264834,0.0380517634892,0.0408360217878,0.0151653185599,0.0483007468693,0.0239267365318,0.0858080286638,0.0787030076071,0.0345310956608,0.3319301551,0.199568098738,1,0.3,10,1,3,1,20,0.0999178340148,0.0699424838103,0.0999178340148,0.0760436753772,0.0944625275804,0.0806806858464,0.0999178340148,0.0699424838103,0.0999178340148,0.0657019685264,0.0775972102648,0.0659576287251
671,0.0350143600949,0.0621972132271,0.120957171581,0.0353714567741,0.164639180404,0.0188275765103,0.0235298667345,0.0059645952538,0.154807053532,0.141166720614,0.0560682663714,0.181456538903,1,0.3,10,1,3,1,20,0.080038130976,0.0560266916832,0.080038130976,0.0832838739442,0.0881398842077,0.0763973836972,0.080038130976,0.0560266916832,0.080038130976,0.101032869346,0.118345990019,0.100594091516
672,0.0561262747357,0.0504872753894,0.00724362115562,0.0161545883589,0.0380008363598,0.139906154101,0.120088800918,0.0291486315979,0.153586893774,0.294960232901,0.00591271537688,0.0883839753317,1,0.3,10,1,3,1,20,0.101715991715,0.0712011942003,0.101715991715,0.0753633080006,0.0965308778891,0.0797706547524,0.101715991715,0.0712011942003,0.101715991715,0.0624510931753,0.07384741131,0.0627702996135
673,0.215857971401,0.001469543796,0.0285270443377,0.313603889741,0.0630317742344,0.0848794991051,0.028602693064,0.0636848122373,0.030971606518,0.100757127634,0.029272777556,0.0393412603749,1,0.3,10,1,3,1,20,0.0874703215148,0.0612292250604,0.0874703215148,0.0805108878172,0.0943907480897,0.0746285252285,0.0874703215148,0.0612292250604,0.0874703215148,0.0876809275845,0.102945500054,0.087503675046
674,0.0214013589958,0.0290729710456,0.0353632131855,0.28186097472,0.0787251512843,0.0221079282,0.00346898776234,0.211596772232,0.0231453488837,0.143289601449,0.0146964961443,0.135271196097,1,0.3,10,1,3,1,20,0.0929178430297,0.0650424901208,0.0929178430297,0.0785128419524,0.0969488839977,0.0750864571296,0.0929178430297,0.0650424901208,0.0929178430297,0.0779689896812,0.091744040475,0.0779824344038
675,0.0083287655031,0.00945543462501,0.11213179967,0.0648365893456,0.166341103932,0.030349660966,0.21157664684,0.265554740775,0.0157523193887,0.0420807834823,0.0392326667796,0.0343594886921,1,0.3,10,1,3,1,20,0.084913979846,0.0594397858922,0.084913979846,0.0815411020608,0.0877514401966,0.0791292607628,0.084913979846,0.0594397858922,0.084913979846,0.0924387770954,0.108434556063,0.0921693726532
676,0.0137654280203,0.361967260741,0.023479642823,0.0501523198616,0.332087357841,0.0206746156452,0.0602584072789,0.00964458561104,0.0243331405021,0.0320755374769,0.0101097250727,0.0614519791264,1,0.3,10,1,3,1,20,0.0884333086844,0.0619033160791,0.0884333086844,0.0801993289641,0.0923968015659,0.0768303600148,0.0884333086844,0.0619033160791,0.0884333086844,0.086054209407,0.101069963866,0.0859094692863
677,0.107623957538,0.167669521697,0.0714396849442,0.00748234275821,0.0524869338502,0.0133603473521,0.0382734625596,0.134576590282,0.129724656241,0.254860249815,0.0216034021158,0.000898850848049,1,0.3,10,1,3,1,20,0.0857571732165,0.0600300212515,0.0857571732165,0.0811675470678,0.0919234563824,0.0759262063768,0.0857571732165,0.0600300212515,0.0857571732165,0.090796413575,0.106539265529,0.0905583756998
678,0.00789633910329,0.0165853374027,0.103626393687,0.00672071741382,0.110587413098,0.3122844961,0.0508849383505,0.182254154575,0.070989031391,0.0664757416179,0.045202221137,0.0264932161232,1,0.3,10,1,3,1,20,0.0838234425084,0.0586764097559,0.0838234425084,0.0819111321122,0.0889989609047,0.0775119414754,0.0838234425084,0.0586764097559,0.0838234425084,0.0943181845176,0.110601725105,0.0940114663395
679,0.0343738277063,0.00695056940884,0.0451515364968,0.024387971864,0.0588839786712,0.0433868673352,0.00245938335087,0.0702666566549,0.128411686689,0.339129103912,0.0668579927816,0.17974042513,1,0.3,10,1,3,1,20,0.0854867687324,0.0598407381127,0.0854867687324,0.0813094135204,0.0892891673182,0.0780773747225,0.0854867687324,0.0598407381127,0.0854867687324,0.0913708604256,0.107202504248,0.0911221286106
680,0.0899340407465,0.122915860444,0.010385714414,0.0675955560869,0.0114279041311,0.0735813783189,0.161850790599,0.0511466110723,0.0498342797359,0.306401304286,0.0110762080603,0.0438503521049,1,0.3,10,1,3,1,20,0.0846928354264,0.0592849847985,0.0846928354264,0.0816102366218,0.0883510771641,0.0785007311448,0.0846928354264,0.0592849847985,0.0846928354264,0.0928071220806,0.108859200911,0.0925303207747
681,0.102215145581,0.128521285851,0.109986686611,0.0214398332917,0.0874987233736,0.302845052106,0.0219466848324,0.0480480899662,0.0408252048616,0.000873165271517,0.0637263022247,0.0720738260293,1,0.3,10,1,3,1,20,0.0903335870962,0.0632335109674,0.0903335870962,0.0795639927201,0.0896680967639,0.0801296595026,0.0903335870962,0.0632335109674,0.0903335870962,0.0827997533476,0.0973173661331,0.0827197612131
682,0.205763734181,0.146168402331,0.0483742827648,0.0184486821998,0.0510376681442,0.0397658410205,0.0211939833439,0.0503357372056,0.0473824573321,0.00297643338652,0.0409782910763,0.327574487015,1,0.3,10,1,3,1,20,0.0959322626286,0.0671525838401,0.0959322626286,0.0774962425282,0.0931350302225,0.0798738900734,0.0959322626286,0.0671525838401,0.0959322626286,0.0727874716672,0.0857692688183,0.0729038784956
683,0.00909375626907,0.0216377941887,0.0232647404928,0.16569121519,0.0916428424832,0.122325648862,0.0176254923281,0.186850548987,0.258027613822,0.0973856111488,0.00104867725408,0.00540605897398,1,0.3,10,1,3,1,20,0.0852657676574,0.0596860373602,0.0852657676574,0.0813458143806,0.0918084506603,0.0757845338282,0.0852657676574,0.0596860373602,0.0852657676574,0.0916682358431,0.107544767534,0.0914130524038
684,0.0137200583463,0.00522777655025,0.0213095891245,0.0261613465271,0.154164048773,0.0733112551677,0.0028455112799,0.178693867022,0.26009189229,0.145323931201,0.0357419194137,0.0834088043049,1,0.3,10,1,3,1,20,0.0831105741506,0.0581774019054,0.0831105741506,0.0821674074514,0.0889691041969,0.077187656912,0.0831105741506,0.0581774019054,0.0831105741506,0.0955778667317,0.112054521241,0.0952463430544
685,0.0794260372005,0.178498926258,0.0317882336876,0.0026396826699,0.0593139615106,0.175481786011,0.0294635946171,0.24298814386,0.00412139808012,0.022795352217,0.122342362334,0.0511405215543,1,0.3,10,1,3,1,20,0.0893006842069,0.0625104789448,0.0893006842069,0.079914323067,0.0908581310219,0.0785904932743,0.0893006842069,0.0625104789448,0.0893006842069,0.084579523782,0.0993696400744,0.0844641940633
686,0.0964218658435,0.21702553378,0.0944750034839,0.0041644117106,0.0061653898046,0.014972649427,0.0916342788291,0.25699741985,0.0283152058408,0.137681416708,0.0144544066283,0.0376924180943,1,0.3,10,1,3,1,20,0.0892458707137,0.0624721094996,0.0892458707137,0.0799720213702,0.088624259492,0.0805003909087,0.0892458707137,0.0624721094996,0.0892458707137,0.0847585900312,0.0995767764023,0.0846402599419
687,0.0358278307779,0.00592452541153,0.195042197575,0.190570493874,0.054289578719,0.107599805676,0.10617534788,0.0636339163409,0.114934181257,0.0037527418466,0.10985927313,0.0123901075125,1,0.3,10,1,3,1,20,0.080726279367,0.0565083955569,0.080726279367,0.0829751617121,0.0917706524586,0.0735874445842,0.080726279367,0.0565083955569,0.080726279367,0.099684179269,0.116789542375,0.0992711110191
688,0.231920115012,0.0189486040181,0.11094697181,0.0231316309455,0.0846484326181,0.0331815284235,0.17237424176,0.13014605158,0.0443309094364,0.0546333218254,0.0430313479561,0.0527068446156,1,0.3,10,1,3,1,20,0.0837071586882,0.0585950110817,0.0837071586882,0.0819675586696,0.0881352048896,0.0782037193985,0.0837071586882,0.0585950110817,0.0837071586882,0.0945553050596,0.110875435171,0.0942441198954
689,0.0689221339463,0.0590628270738,0.0322615814356,0.234108930003,0.00585976791507,0.0471753299958,0.0357245665928,0.0540047297399,0.0124274842622,0.0416103186662,0.344838719224,0.0640036111449,1,0.3,10,1,3,1,20,0.0870655169465,0.0609458618626,0.0870655169465,0.0807045167368,0.0915484356793,0.076894035814,0.0870655169465,0.0609458618626,0.0870655169465,0.0885003235078,0.103891295541,0.0883076012099
690,0.0866704810855,0.0671324744876,0.0498184955318,0.0852468397002,0.04828457983,0.127245437398,0.146653891626,0.125230605455,0.141555139092,0.0601339440752,0.0482742152153,0.0137538965046,1,0.3,10,1,3,1,20,0.086376765689,0.0604637359823,0.086376765689,0.0809856695261,0.0895491208936,0.0782891676022,0.086376765689,0.0604637359823,0.086376765689,0.0897899780008,0.105379205004,0.089572324253
691,0.0159946326502,0.0344493747195,0.0242527561062,0.0540082302021,0.0992099410454,0.105914608854,0.037370901174,0.13414760528,0.0443837741616,0.256903038775,0.00822063355773,0.185144503474,1,0.3,10,1,3,1,20,0.0786032541543,0.055022277908,0.0786032541543,0.0838568618928,0.084722906714,0.0786551572171,0.0786032541543,0.055022277908,0.0786032541543,0.10369204667,0.121413759499,0.103201695574
692,0.0605118416445,0.0746834351788,0.00557531554186,0.443868777749,0.0156420955834,0.0202929038941,0.0270665608652,0.141329114023,0.0677408248763,0.104945211507,0.0342618940059,0.00408202513041,1,0.3,10,1,3,1,20,0.0878295296004,0.0614806707203,0.0878295296004,0.0805348011427,0.0854162568016,0.0825860830216,0.0878295296004,0.0614806707203,0.0878295296004,0.0873773439424,0.102597867703,0.0872081875471
693,0.108452384905,0.153869046952,0.0842182537711,0.297970418656,0.00432989748483,0.126315406245,0.0292220801257,0.00386253877937,0.0242215444778,0.0160201684967,0.137189206329,0.0143290537773,1,0.3,10,1,3,1,20,0.0881109316189,0.0616776521332,0.0881109316189,0.0803261465757,0.0917416939085,0.0772399986296,0.0881109316189,0.0616776521332,0.0881109316189,0.0866475051578,0.101754391885,0.0864912331019
694,0.0922836662028,0.184319721726,0.270052077753,0.0762710223969,0.0230787387298,0.000649694079196,0.00122062762594,0.184292222176,0.00208998758262,0.044058881521,0.03690987028,0.0847734899276,1,0.3,10,1,3,1,20,0.0857084647943,0.059995925356,0.0857084647943,0.0812154324683,0.0901373042196,0.0774509189567,0.0857084647943,0.059995925356,0.0857084647943,0.0909482079919,0.106714825121,0.0907076013531
695,0.118928842344,0.00152779060966,0.0332257319126,0.343709666163,0.0649971693118,0.113394125248,0.0024409103172,0.019734773107,0.0118942944053,0.0594006644663,0.151344483847,0.079401548267,1,0.3,10,1,3,1,20,0.0862509639223,0.0603756747456,0.0862509639223,0.0809186764653,0.0961351969897,0.072517078358,0.0862509639223,0.0603756747456,0.0862509639223,0.0897694635777,0.10535371861,0.0895506608187
696,0.04233358929,0.209727450676,0.0299180279389,0.0395726649891,0.0380479475565,0.0151721866812,0.150295574423,0.0126518746743,0.0667813228495,0.0484257904165,0.00696872871593,0.34010484179,1,0.3,10,1,3,1,20,0.0841102582886,0.058877180802,0.0841102582886,0.0817484123713,0.0925122523399,0.0746067174277,0.0841102582886,0.058877180802,0.0841102582886,0.0936823822741,0.109867481529,0.0933873592996
697,0.0189275851476,0.0168807719901,0.343428722138,0.0800320756705,0.0506853505645,0.165458181727,0.170705312242,0.00403064713262,0.0259828152893,0.0774898761976,0.00516086221103,0.0412177996892,1,0.3,10,1,3,1,20,0.0810237732652,0.0567166412856,0.0810237732652,0.0829692715267,0.0858472754286,0.0788692946878,0.0810237732652,0.0567166412856,0.0810237732652,0.0993771553402,0.116437095884,0.0989715315011
698,0.24013788979,0.0557408246715,0.168511874996,0.0589823436346,0.0813324110063,0.114774731444,0.0110750497488,0.0218533232835,0.0222967328346,0.0600879824523,0.0459209183196,0.119285917818,1,0.3,10,1,3,1,20,0.0856674836225,0.0599672385358,0.0856674836225,0.0811812411456,0.0930092189515,0.074940766116,0.0856674836225,0.0599672385358,0.0856674836225,0.0909147645847,0.106675458184,0.0906741394565
699,0.154983064886,0.326466350642,0.0193616762268,0.0322065281292,0.0547606094045,0.0513333599935,0.00345040597302,0.0218571616032,0.0856984326719,0.0315283899078,0.167756720829,0.0505972997329,1,0.3,10,1,3,1,20,0.0953639543409,0.0667547680386,0.0953639543409,0.0777271166663,0.091550714812,0.0809683702659,0.0953639543409,0.0667547680386,0.0953639543409,0.0738491939897,0.0869941896353,0.07394506119
700,0.0337435398792,0.0868783683136,0.157630767633,0.141145757537,0.0275681970611,0.0239347329365,0.0119646960622,0.0777183436979,0.137555505354,0.191516925024,0.0317509915874,0.0785921749153,1,0.3,10,1,3,1,20,0.0837243359402,0.0586070351581,0.0837243359402,0.0818558038318,0.0943373160924,0.0728347707024,0.0837243359402,0.0586070351581,0.0837243359402,0.0942965031299,0.110575239009,0.0939889531576
701,0.00707409122611,0.0146902684643,0.0147253466173,0.0132705685475,0.100751275099,0.0944987185581,0.0213026307172,0.0189071700746,0.0473638289699,0.0599982974796,0.060023567989,0.547394236257,1,0.3,10,1,3,1,20,0.0945771290372,0.066203990326,0.0945771290372,0.0779933756841,0.09249300928,0.0797648774777,0.0945771290372,0.066203990326,0.0945771290372,0.0752036361803,0.0885560024741,0.075272602103
702,0.0130780968424,0.0277167256778,0.0610638497216,0.18801287135,0.0456745523469,0.0697026134496,0.0176312576315,0.0840489418152,0.086165775654,0.0684091975418,0.30630723646,0.0321888815096,1,0.3,10,1,3,1,20,0.0857151767258,0.0600006237081,0.0857151767258,0.0810822834533,0.0978165820046,0.0707960889663,0.0857151767258,0.0600006237081,0.0857151767258,0.090653466489,0.106372770145,0.0904168546228
703,0.130934678236,0.140634840319,0.0366772443181,0.0069488681464,0.0108862308678,0.0138817712515,0.0502260419444,0.0669319744096,0.118663935703,0.350715685677,0.0157685543197,0.0577301748078,1,0.3,10,1,3,1,20,0.0859592145937,0.0601714502156,0.0859592145937,0.0810372127524,0.0953210615773,0.0730796428163,0.0859592145937,0.0601714502156,0.0859592145937,0.0903145438,0.105982583918,0.0900851963302
704,0.014781242673,0.0111823349602,0.259052381506,0.0486083653059,0.0862543336523,0.089231241631,0.0691055034865,0.0204213098262,0.198701853379,0.0702931196298,0.0663869469342,0.0659813670155,1,0.3,10,1,3,1,20,0.0807202639909,0.0565041847936,0.0807202639909,0.0830309338616,0.0886215516987,0.07631483931,0.0807202639909,0.0565041847936,0.0807202639909,0.0998108070147,0.11693645544,0.0993959871241
705,0.110118263216,0.0348982907739,0.149385907076,0.0353667252638,0.0799217618391,0.085295999562,0.00684782017669,0.0512217045435,0.372570963096,0.000892068645054,0.00455292742497,0.0689275683832,1,0.3,10,1,3,1,20,0.0981494613792,0.0687046229655,0.0981494613792,0.0766129395666,0.0982923173596,0.0764915119833,0.0981494613792,0.0687046229655,0.0981494613792,0.0686829803966,0.081034140133,0.0688790191131
706,0.0900397901558,0.0677542841109,0.081969778061,0.0375588164672,0.0357781478099,0.0337276347602,0.168368668702,0.116470965532,0.0542645770941,0.157950411265,0.112642417079,0.0434745089635,1,0.3,10,1,3,1,20,0.0872813126925,0.0610969188847,0.0872813126925,0.0806241517004,0.091721156203,0.0768502847164,0.0872813126925,0.0610969188847,0.0872813126925,0.0881129693761,0.103444513224,0.0879278362406
707,0.133799285831,0.121146911186,0.133374351223,0.0584144790993,0.206441962441,0.0182441570688,0.0673063660707,0.00212594690197,0.0823950556501,0.0231619375524,0.0860282551539,0.0675612918209,1,0.3,10,1,3,1,20,0.0859553666368,0.0601687566457,0.0859553666368,0.0809480866845,0.100637117584,0.068468598379,0.0859553666368,0.0601687566457,0.0859553666368,0.090125503026,0.105763088912,0.0898986255754
708,0.0217706669268,0.288233416411,0.0497584939378,0.0992014951819,0.087801122369,0.11545730603,0.0154322111143,0.0221718900644,0.215206091142,0.0235666094054,0.0142690109029,0.0471316865134,1,0.3,10,1,3,1,20,0.096388211501,0.0674717480507,0.096388211501,0.0774915960271,0.0837993444269,0.0881921330401,0.096388211501,0.0674717480507,0.096388211501,0.0723263961549,0.0852401017543,0.0724540864912
709,0.0695647602327,0.0826227102327,0.0597368118931,0.068912116745,0.0218574224105,0.105493680351,0.057287898462,0.260427413525,0.0564279707466,0.141569630428,0.0204736858691,0.0556258991035,1,0.3,10,1,3,1,20,0.0841957381809,0.0589370167266,0.0841957381809,0.0818740747397,0.0833298767531,0.0826100569533,0.0841957381809,0.0589370167266,0.0841957381809,0.0938697289503,0.110086095366,0.0935731810609
710,0.0482240797739,0.00303566944196,0.0282493494223,0.0900704352066,0.0514363415764,0.0716322368807,0.0986155489661,0.0572301886237,0.148712480127,0.113432755765,0.0509287260162,0.2384321882,1,0.3,10,1,3,1,20,0.0988021465479,0.0691615025835,0.0988021465479,0.0764257354464,0.0955334560741,0.0792041223491,0.0988021465479,0.0691615025835,0.0988021465479,0.0676322843248,0.0798231407823,0.0678496696649
711,0.0268722152337,0.00472915590723,0.156953434519,0.0214710320171,0.00643517558476,0.156443444105,0.0763551484543,0.314355050706,0.14430322882,0.00760258259622,0.03700148291,0.0474780491468,1,0.3,10,1,3,1,20,0.0803687256011,0.0562581079207,0.0803687256011,0.0832030051823,0.0859229356298,0.0784819266579,0.0803687256011,0.0562581079207,0.0803687256011,0.100530866982,0.117767647191,0.100102500112
712,0.393286720665,0.050565337562,0.0015199228308,0.0659635822171,0.0158651912509,0.0179705545161,0.0839145025698,0.00196914655969,0.031062931797,0.0593278771418,0.0866537762634,0.191900456626,1,0.3,10,1,3,1,20,0.0844176468857,0.05909235282,0.0844176468857,0.0816204009089,0.0935533477472,0.0738550551766,0.0844176468857,0.05909235282,0.0844176468857,0.0931013298143,0.109197066579,0.0928175065917
713,0.145366768502,0.119667010984,0.115837745672,0.0689698973124,0.0297058888875,0.0051802443986,0.0627659451084,0.0640246366366,0.0363467766288,0.133875459872,0.191541430438,0.0267181955595,1,0.3,10,1,3,1,20,0.0834895308492,0.0584426715944,0.0834895308492,0.0820150990424,0.0899291037021,0.0765414621174,0.0834895308492,0.0584426715944,0.0834895308492,0.094873446892,0.111241849546,0.0945555721143
714,0.00141114047329,0.0473453942599,0.0132066343792,0.209803515435,0.0334287409173,0.0861721744495,0.00665629018277,0.0448207723501,0.0408084199953,0.223742135691,0.179024834707,0.11357994716,1,0.3,10,1,3,1,20,0.0869833852138,0.0608883696497,0.0869833852138,0.0807184314722,0.0924619642021,0.0760616393322,0.0869833852138,0.0608883696497,0.0869833852138,0.0886116757806,0.104019464356,0.0884165447024
715,0.00348316333609,0.265859564345,0.0128153386651,0.185871152712,0.0994446402611,0.0130272522939,0.096118583377,0.122972285716,0.0508335973767,0.0246521537378,0.0944366029948,0.0304856651839,1,0.3,10,1,3,1,20,0.0867265028311,0.0607085519817,0.0867265028311,0.0808929965302,0.0876221063685,0.0801317335234,0.0867265028311,0.0607085519817,0.0867265028311,0.0892434984921,0.104749486377,0.0890370634208
716,0.0843765782766,0.0128352575023,0.00112875132006,0.122671314336,0.0508229221881,0.00415429821683,0.117175516899,0.335566157511,0.0822434119616,0.106120756687,0.0443619430471,0.0385430920539,1,0.3,10,1,3,1,20,0.0901426366915,0.063099845684,0.0901426366915,0.0795998862331,0.0915838961657,0.07837481568,0.0901426366915,0.063099845684,0.0901426366915,0.0830663050644,0.0976242479584,0.0829806107646
717,0.177742190787,0.0126428832735,0.000597419549438,0.337399583543,0.0918714251351,0.0425498466279,0.0754694277114,0.0246480392366,0.0781450436699,0.00836043051804,0.140897007926,0.00967670202198,1,0.3,10,1,3,1,20,0.088353904532,0.0618477331724,0.088353904532,0.0801679944565,0.0959106373707,0.0737447715436,0.088353904532,0.0618477331724,0.088353904532,0.086064955212,0.101081382132,0.0859191748122
718,0.0567241486636,0.0935321506963,0.00143479088028,0.214888496244,0.0351721727601,0.0826953497552,0.0665657986726,0.0616668147801,0.110692487637,0.0632252527931,0.0786195775586,0.134782959559,1,0.3,10,1,3,1,20,0.0911629349726,0.0638140544808,0.0911629349726,0.0792894061376,0.0883188203501,0.0817069035667,0.0911629349726,0.0638140544808,0.0911629349726,0.0813852292831,0.0956863739515,0.0813334178588
719,0.0439903007786,0.0215357159235,0.00941848993951,0.154615303217,0.0488140959231,0.0625850482013,0.141615266325,0.0123404919726,0.098478673998,0.000603477222395,0.146887023069,0.259116113431,1,0.3,10,1,3,1,20,0.0820377723469,0.0574264406429,0.0820377723469,0.082525954563,0.0905173377929,0.0753183239339,0.0820377723469,0.0574264406429,0.0820377723469,0.0974148839902,0.114172718404,0.097046810643
720,0.0164301757815,0.0391907128425,0.0811055032486,0.099908112449,0.0343314755847,0.0843667837498,0.117590856647,0.067850405855,0.0922537019484,0.0423523785759,0.153203319867,0.17141657345,1,0.3,10,1,3,1,20,0.0929644973476,0.0650751481433,0.0929644973476,0.078572857879,0.0924405639933,0.0790182012301,0.0929644973476,0.0650751481433,0.0929644973476,0.0780526994155,0.0918418334082,0.078065558397
721,0.210644952715,0.0177539337208,0.0265333969743,0.0135708320917,0.00331494952687,0.0500097748035,0.0716622968564,0.0539885477251,0.0732945451423,0.0331438637061,0.304410242933,0.141672663804,1,0.3,10,1,3,1,20,0.0812638398208,0.0568846878746,0.0812638398208,0.0829617470581,0.0812301068286,0.0829904201016,0.0812638398208,0.0568846878746,0.0812638398208,0.0991234019678,0.11614572379,0.0987238652215
722,0.0121423150439,0.125909171808,0.233312823345,0.0721439869446,0.0771117790912,0.000722710408199,0.0942483524345,0.0220701855145,0.0347876503551,0.114837819116,0.138768413677,0.0739447922614,1,0.3,10,1,3,1,20,0.0920771823196,0.0644540276237,0.0920771823196,0.0789291447835,0.0902126310066,0.0805140133997,0.0920771823196,0.0644540276237,0.0920771823196,0.0797013438419,0.0937438283472,0.0796822540951
723,0.119959966522,0.0599843849713,0.0155520219894,0.108241573879,0.122892738112,0.128269380504,0.0467182261782,0.047916098062,0.0812926755102,0.132310515304,0.136642273385,0.000220145582008,1,0.3,10,1,3,1,20,0.0890053848904,0.0623037694233,0.0890053848904,0.0799032742511,0.0977301995425,0.0724871817968,0.0890053848904,0.0623037694233,0.0890053848904,0.0848477249635,0.0996770492098,0.0847254918283
724,0.0289102706347,0.0100446209119,0.0761045757947,0.0270072749273,0.0175987604044,0.0874900029002,0.020013920496,0.0338130234681,0.24031603137,0.262830305123,0.17334626997,0.022524944,1,0.3,10,1,3,1,20,0.0851436193622,0.0596005335536,0.0851436193622,0.0814242399923,0.0897761315464,0.0774866046357,0.0851436193622,0.0596005335536,0.0851436193622,0.0919587580912,0.107880389826,0.0916983313522
725,0.0513780051229,0.0075714726747,0.0935985299023,0.0218649638991,0.121346622757,0.0429835408097,0.114403084842,0.0972266412491,0.101156326061,0.0897245591684,0.207145565965,0.051600687549,1,0.3,10,1,3,1,20,0.0996690974555,0.0697683682189,0.0996690974555,0.0761081582722,0.0959168607841,0.0792975594429,0.0996690974555,0.0697683682189,0.0996690974555,0.0660875423993,0.0780414880225,0.0663352648191
726,0.0101660974537,0.0547663494494,0.132571950298,0.0389694168834,0.0163504318461,0.085451061837,0.0592717454614,0.014737725977,0.373949338739,0.0377891668202,0.0577501252591,0.118226589976,1,0.3,10,1,3,1,20,0.093454197863,0.0654179385041,0.093454197863,0.0783045750518,0.0978787093431,0.0745437402937,0.093454197863,0.0654179385041,0.093454197863,0.0769877920718,0.0906121701511,0.0770203446285
727,0.231562923384,0.101132640557,0.105644754526,0.0719593269947,0.0283282165454,0.152907343304,0.0223458746772,0.0744192060298,0.0610249164223,0.0132933906596,0.132747499563,0.0046339073376,1,0.3,10,1,3,1,20,0.0885856515846,0.0620099561092,0.0885856515846,0.0802112919087,0.0884836846238,0.0802979638253,0.0885856515846,0.0620099561092,0.0885856515846,0.0859293977205,0.100927104522,0.0857880388434
728,0.127861186566,0.0420089344897,0.0605728405173,0.00993935721787,0.188871616945,0.104981656083,0.148726497041,0.0379759728136,0.132765695048,0.012778625344,0.0368044071928,0.096713210743,1,0.3,10,1,3,1,20,0.0862635828378,0.0603845079864,0.0862635828378,0.0809596270434,0.0934639687914,0.0748392989828,0.0862635828378,0.0603845079864,0.0862635828378,0.0898455881271,0.105442253909,0.0896259158226
729,0.139029090428,0.205989061951,0.207534711321,0.0073523773512,0.0670114445595,0.00865742479478,0.106437258722,0.0394602062708,0.0346674232979,0.0171466226073,0.140400555094,0.0263138236019,1,0.3,10,1,3,1,20,0.0849939067097,0.0594957346968,0.0849939067097,0.0815602807089,0.0849405830394,0.0816056058286,0.0849939067097,0.0594957346968,0.0849939067097,0.0924012119025,0.108392012048,0.0921332102406
730,0.140882280429,0.0060863389443,0.020551006853,0.168106193754,0.0395343045516,0.158572125195,0.0389331768858,0.0457614709577,0.135749592816,0.0844837481091,0.0386356777571,0.122704083747,1,0.3,10,1,3,1,20,0.0854269623478,0.0597988736434,0.0854269623478,0.0813238628975,0.0897008113901,0.0776910912116,0.0854269623478,0.0597988736434,0.0854269623478,0.0914612854462,0.10730667696,0.0912106754163
731,0.0353751698466,0.00655274740251,0.0465120709999,0.141817170217,0.0855408981585,0.0922553938025,0.089931381847,0.0522446798949,0.101202256608,0.0526295033162,0.0662251911008,0.229713536807,1,0.3,10,1,3,1,20,0.0838923214078,0.0587246249854,0.0838923214078,0.0818948063974,0.0885063336185,0.0779728960183,0.0838923214078,0.0587246249854,0.0838923214078,0.0942147250866,0.110482542312,0.0939101609652
732,0.0085664199001,0.162920664044,0.121471926317,0.197329559371,0.0205054130861,0.00502721600388,0.0836497076693,0.012776323863,0.0456311153363,0.184628650003,0.111451868247,0.04604113616,1,0.3,10,1,3,1,20,0.08581675511,0.060071728577,0.08581675511,0.081193605033,0.0891372785173,0.0783711601368,0.08581675511,0.060071728577,0.08581675511,0.0907938586624,0.106537091922,0.0905565281341
733,0.103493243882,0.146213445513,0.0598781321242,0.0125332672472,0.0346540427477,0.0267988960061,0.01139721378,0.00715963316247,0.0565931014256,0.244572014432,0.196649429023,0.100057580657,1,0.3,10,1,3,1,20,0.0913841568174,0.0639689097722,0.0913841568174,0.0792420407207,0.0864389056197,0.0834455042387,0.0913841568174,0.0639689097722,0.0913841568174,0.0810639108461,0.0953163198708,0.0810188718902
734,0.136072033335,0.0634569415182,0.0989949020384,0.093065025947,0.0316394307717,0.0684456703078,0.00853700798121,0.0489485516212,0.0491406510258,0.205588967786,0.0616441842323,0.134466633435,1,0.3,10,1,3,1,20,0.0804091980183,0.0562864386128,0.0804091980183,0.083108128403,0.0906427673922,0.0744095944352,0.0804091980183,0.0562864386128,0.0804091980183,0.100285541645,0.117483404771,0.0998608940553
735,0.122371089502,0.0537783329922,0.172300319156,0.0173588665766,0.0304160459857,0.0587780907152,0.0986393291776,0.0776194659953,0.21475807238,0.00723223899691,0.110824824559,0.0359233239636,1,0.3,10,1,3,1,20,0.0865879399241,0.0606115579469,0.0865879399241,0.0808721803421,0.0917648352453,0.0764718193191,0.0865879399241,0.0606115579469,0.0865879399241,0.0893355228331,0.10485446847,0.0891262981999
736,0.0657751392679,0.175502039402,0.0100748631441,0.0801489264807,0.173667569264,0.0394926798183,0.0739776535729,0.0763752956942,0.140830973994,0.0427684825245,0.0914195923438,0.029966784494,1,0.3,10,1,3,1,20,0.0814817905705,0.0570372533993,0.0814817905705,0.0827240896755,0.0905962350889,0.0749768118348,0.0814817905705,0.0570372533993,0.0814817905705,0.0983935737155,0.115301416543,0.0980062040616
737,0.013222540693,0.0754621586349,0.0190497619527,0.0867300283982,0.0432686562307,0.185656105827,0.0770703308139,0.0774994290019,0.297404458827,0.0937785542382,0.0287205080988,0.00213746728398,1,0.3,10,1,3,1,20,0.0800596427461,0.0560417499223,0.0800596427461,0.0832786959748,0.0879906845022,0.076537310482,0.0800596427461,0.0560417499223,0.0800596427461,0.101000386178,0.118308568667,0.100562283367
738,0.157439232483,0.12664105825,0.00700598681596,0.202835773005,0.0282712896661,0.221814848264,0.00456588718943,0.0342442349795,0.0037538913331,0.13844714066,0.0469039563121,0.0280767010426,1,0.3,10,1,3,1,20,0.0899615852153,0.0629731096507,0.0899615852153,0.079704113581,0.0892773878331,0.0802856813559,0.0899615852153,0.0629731096507,0.0899615852153,0.083470922636,0.098091532125,0.0833778023063
739,0.000468386200861,0.0731656906065,0.0638832117129,0.0854573134483,0.158001974252,0.125876384539,0.086780085259,0.132960475866,0.0195389708815,0.00454287862284,0.137801709613,0.111522918998,1,0.3,10,1,3,1,20,0.0886407781916,0.0620485447341,0.0886407781916,0.0800337863591,0.0977480312742,0.0722926212389,0.0886407781916,0.0620485447341,0.0886407781916,0.0854907879808,0.10041868698,0.0853558839327
740,0.0492218883226,0.0363327927751,0.00147390994233,0.166267367379,0.0702940163516,0.0120442831932,0.283204317302,0.0176994281304,0.0156938928,0.175026854822,0.118125618724,0.0546156302572,1,0.3,10,1,3,1,20,0.0930302903059,0.0651212032142,0.0930302903059,0.0785752964394,0.0909108191692,0.0803768469056,0.0930302903059,0.0651212032142,0.0930302903059,0.0779928939075,0.0917732842845,0.0780072916418
741,0.114209489933,0.0134802926879,0.0450798880015,0.363494988577,0.00411071895978,0.0315093782378,0.00895034613834,0.224204159976,0.0115732349678,0.0819382553479,0.0664876891455,0.0349615580264,1,0.3,10,1,3,1,20,0.0837241992986,0.0586069395091,0.0837241992986,0.081884226781,0.0926707274715,0.0742796778341,0.0837241992986,0.0586069395091,0.0837241992986,0.0943581386481,0.110646785434,0.0940497676188
742,0.136136536291,0.276982279351,0.0589963375548,0.0455004604302,0.00031376955255,0.0202454255668,0.0570998778585,0.1443784888,0.135582837939,0.0493116298177,0.0527881138364,0.0226642430026,1,0.3,10,1,3,1,20,0.0951270492799,0.066588934496,0.0951270492799,0.0777081833798,0.0976552978091,0.07555917213,0.0951270492799,0.066588934496,0.0951270492799,0.0740425718814,0.0872155182097,0.0741331904783
743,0.241545725035,0.107424662516,0.0263562713109,0.112638450138,0.00236738280494,0.136915948056,0.17670205073,0.00215434240969,0.0815838617043,0.0291534155713,0.0650947568447,0.0180631328789,1,0.3,10,1,3,1,20,0.0822230795223,0.0575561556656,0.0822230795223,0.0824577918632,0.0906158462724,0.0753239401256,0.0822230795223,0.0575561556656,0.0822230795223,0.0970840918417,0.113791189447,0.0967225110298
744,0.0937234559606,0.0402698503562,0.0183166395899,0.035666245908,0.0832593233782,0.0964664269494,0.241356214268,0.0802632230407,0.103526354148,0.0443893344175,0.130478423847,0.0322845081361,1,0.3,10,1,3,1,20,0.0872803589765,0.0610962512835,0.0872803589765,0.080619108612,0.0920374686904,0.0765755653552,0.0872803589765,0.0610962512835,0.0872803589765,0.0881030007682,0.103432928703,0.0879179893978
745,0.122317500115,0.0361065064592,0.0198670368949,0.147704803851,0.00328543838453,0.171586223606,0.0199767926049,0.119745551455,0.0942703153585,0.159906880751,0.0884390876047,0.0167938629152,1,0.3,10,1,3,1,20,0.0965675722469,0.0675973005729,0.0965675722469,0.0771742188296,0.0986611863601,0.0753946468335,0.0965675722469,0.0675973005729,0.0965675722469,0.0714622465773,0.0842393574411,0.071603453825
746,0.0612389954471,0.354011385595,0.0527273160036,0.0418219809046,0.00172721490069,0.0450009118182,0.228013514204,0.00172048409747,0.0790861501608,0.0940234346347,2.08242879494e-05,0.0406077879453,1,0.3,10,1,3,1,20,0.0914875266196,0.0640412686337,0.0914875266196,0.0791335480014,0.0906330006988,0.0798598950341,0.0914875266196,0.0640412686337,0.0914875266196,0.0807269062463,0.0949264898776,0.0806875163959
747,0.11067857657,0.189397430201,0.490873745107,0.00338624269934,0.0433930947349,0.0637105228283,0.00114091826935,0.0057058310619,0.0360023738688,0.00547253993828,0.0183929001182,0.0318458246034,1,0.3,10,1,3,1,20,0.0879472655501,0.0615630858851,0.0879472655501,0.0805031931775,0.0847916504151,0.0831854660423,0.0879472655501,0.0615630858851,0.0879472655501,0.0871924883647,0.102384847584,0.0870271204461
748,0.340095301887,0.0673547375703,0.103597362541,0.110362837585,0.0177828273477,0.0316116414669,0.0784526408279,0.0697438334385,0.0127391039357,0.0560415047215,0.0573021611843,0.054916047494,1,0.3,10,1,3,1,20,0.0995840283303,0.0697088198312,0.0995840283303,0.0761836240763,0.0932769893153,0.081544607239,0.0995840283303,0.0697088198312,0.0995840283303,0.0663349818731,0.0783275916284,0.0665784528841
749,0.118785504802,0.0400254755983,0.0218636899333,0.0944245463586,0.00799788055833,0.00211523721319,0.0450498749417,0.0381795651169,0.403592988604,0.0376494869444,0.0316480430999,0.15866770683,1,0.3,10,1,3,1,20,0.0842306141408,0.0589614298986,0.0842306141408,0.0817331150959,0.0908743995665,0.0760858974841,0.0842306141408,0.0589614298986,0.0842306141408,0.0935302274742,0.109692456226,0.0932385877924
750,0.298285097601,0.0313615712651,0.0595909183042,0.0116135216706,0.0200801786493,0.0152431157614,0.158911974284,0.156690447822,0.123936947801,0.111777845041,0.00164193158105,0.0108664502197,1,0.3,10,1,3,1,20,0.0832853842478,0.0582997689734,0.0832853842478,0.0820021203599,0.0949935859431,0.0720501489188,0.0832853842478,0.0582997689734,0.0832853842478,0.0950473046475,0.111440954158,0.0947248110345
751,0.12936403099,0.228437531058,0.0178487318331,0.189764639486,0.0656218114877,0.173968229354,0.0253932339195,0.00989345803629,0.0444714453954,0.0215572130244,0.0436271929132,0.0500524825019,1,0.3,10,1,3,1,20,0.094910102867,0.0664370720069,0.094910102867,0.0778674679327,0.0928713600242,0.0796003993491,0.094910102867,0.0664370720069,0.094910102867,0.0746018268964,0.0878618326032,0.0746825577127
752,0.20693728533,0.136823634838,0.160274373701,0.117177972807,0.0711507515412,0.0609946283113,0.0203223497318,0.000519846291354,0.0261911150073,0.023318769455,0.164480671272,0.0118086017133,1,0.3,10,1,3,1,20,0.0904304684186,0.063301327893,0.0904304684186,0.0794835672201,0.0923503553881,0.0778516632959,0.0904304684186,0.063301327893,0.0904304684186,0.0825298977497,0.0970053983166,0.0824545885691
753,0.0979731205288,0.0215827298479,0.000715750638693,0.247409478999,0.0346724942963,0.126953895209,0.102235231016,0.11026251092,0.00476540457677,0.10297400593,0.118028357758,0.0324270202789,1,0.3,10,1,3,1,20,0.0882280155041,0.0617596108529,0.0882280155041,0.0802602358296,0.093145658724,0.0760802390927,0.0882280155041,0.0617596108529,0.0882280155041,0.0863890717177,0.101455951845,0.0862375590686
754,0.13660241349,0.025729917498,0.0184585511601,0.040134492576,0.0422157254851,0.129140957093,0.107239474862,0.114642049784,0.0639722420505,0.118163040532,0.131500085715,0.0722010497537,1,0.3,10,1,3,1,20,0.0965620083454,0.0675934058418,0.0965620083454,0.0772214597844,0.0960036649017,0.0776960517115,0.0965620083454,0.0675934058418,0.0965620083454,0.0715699682953,0.0843643298604,0.0717096803814
755,0.0462490858605,0.277256822966,0.103195229131,0.0413609504792,0.0170236344077,0.0723906580475,0.138460840828,0.0269223825811,0.0491842477081,0.0405642738845,0.136109467792,0.0512824063144,1,0.3,10,1,3,1,20,0.0930591462612,0.0651414023829,0.0930591462612,0.0785158346408,0.0937952981534,0.0778901055324,0.0930591462612,0.0651414023829,0.0930591462612,0.0778356889081,0.0915911799754,0.0778525029791
756,0.0251735321931,0.0361517079692,0.132194863295,0.00151834849758,0.199227260453,0.0462331668634,0.278598348305,0.0280358304871,0.0531157129485,0.0397411461736,0.146942318841,0.0130677639736,1,0.3,10,1,3,1,20,0.0942654538823,0.0659858177176,0.0942654538823,0.0781245711901,0.0913552282351,0.0805982629902,0.0942654538823,0.0659858177176,0.0942654538823,0.0757958183711,0.0892392801346,0.0758533881144
757,0.039913917342,0.0772546364698,0.00468857605337,0.031872368289,0.136302910197,0.291111064818,0.137008828306,0.0334656985183,0.00372398101573,0.0618842820393,0.148592164315,0.0341815726363,1,0.3,10,1,3,1,20,0.095414194033,0.0667899358231,0.095414194033,0.0777837411974,0.0871660362487,0.084794675314,0.095414194033,0.0667899358231,0.095414194033,0.0739220189399,0.0870793948766,0.0740174856451
758,0.015056046308,0.257180934481,0.0559087261841,0.170121691084,0.0623422757135,0.0102157210156,0.0373402348307,0.1638386792,0.0899806341909,0.000188109293791,0.0631971762986,0.0746297713995,1,0.3,10,1,3,1,20,0.0911908235523,0.0638335764866,0.0911908235523,0.0791590693988,0.0953866406655,0.0755926248526,0.0911908235523,0.0638335764866,0.0911908235523,0.0810756250618,0.0953273474806,0.0810282453585
759,0.068975776403,0.136730009411,0.0393807914333,0.070170292189,0.072744748186,0.161200826729,0.0614897722099,0.179707074651,0.0205377424681,0.0378917827393,0.0334497451397,0.117721438441,1,0.3,10,1,3,1,20,0.098730767826,0.0691115374782,0.098730767826,0.0764227483454,0.0972131339595,0.077712737132,0.098730767826,0.0691115374782,0.098730767826,0.0676964283245,0.0798966518801,0.0679121540981
760,0.217935876842,0.0921732290307,0.0295248231119,0.125648790757,0.121934204407,0.0279451051509,0.0125312822714,0.0235618820232,0.0869735178675,0.195416341613,0.0486530070415,0.017701939884,1,0.3,10,1,3,1,20,0.0969741924095,0.0678819346866,0.0969741924095,0.0771325524033,0.0925394727684,0.0809020640983,0.0969741924095,0.0678819346866,0.0969741924095,0.070969864579,0.0836731930485,0.0711222140912
761,0.0309185717845,0.00357596238215,0.0665611170192,0.0130940236725,0.0827145547637,0.0208349716275,0.278515801189,0.106991220325,0.13370335289,0.0236694718007,0.143938110648,0.0954828418982,1,0.3,10,1,3,1,20,0.0945837332681,0.0662086132877,0.0945837332681,0.0779543138971,0.0946481902476,0.0778995254645,0.0945837332681,0.0662086132877,0.0945837332681,0.075112583106,0.0884503933174,0.0751828343198
762,0.0646166345406,0.00429017414861,0.0937032016635,0.0316527724014,0.0277847428155,0.165068574151,0.0185337864301,0.215206961701,0.27540161348,0.0515523553917,0.00286327962143,0.0493259036553,1,0.3,10,1,3,1,20,0.0911659683686,0.063816177858,0.0911659683686,0.0792439918095,0.0909223794572,0.0794510423842,0.0911659683686,0.063816177858,0.0911659683686,0.0812839631003,0.0955688616531,0.0812335324051
763,0.0922805862993,0.104444062091,0.152857625525,0.102250964187,0.122585168406,0.0972892517791,0.0597314933608,0.0701728733361,0.0252200647925,0.0735768661594,0.0379509532028,0.0616400908612,1,0.3,10,1,3,1,20,0.0878437176876,0.0614906023813,0.0878437176876,0.0804295597083,0.0912987859091,0.07749275172,0.0878437176876,0.0614906023813,0.0878437176876,0.0871355922967,0.102317424245,0.0869698106081
764,0.00404422056261,0.00328734635697,0.0175629876658,0.152706034168,0.230093897811,0.038090472893,0.0488576144513,0.205620239024,0.20034398383,0.0640957968632,0.0308356489536,0.0044617574194,1,0.3,10,1,3,1,20,0.081305118238,0.0569135827666,0.081305118238,0.0827773431527,0.0911914745392,0.0743739402967,0.081305118238,0.0569135827666,0.081305118238,0.0986835644008,0.115635696824,0.0982903423008
765,0.024639991961,0.309127228224,0.121074525529,0.059552023535,0.0577051690789,0.128084659754,0.0978321562249,0.0019776895908,0.0437890441559,0.0685941401031,0.00572484869672,0.0818985231474,1,0.3,10,1,3,1,20,0.0873008281293,0.0611105796905,0.0873008281293,0.0806504741681,0.0897637975051,0.0785569501987,0.0873008281293,0.0611105796905,0.0873008281293,0.088150620257,0.103488478904,0.0879652070687
766,0.0200736041648,0.0255685086003,0.174659804377,0.0994036664605,0.118981278228,0.0136955095752,0.191455849176,0.204616634142,0.00569819189205,0.123746924663,0.0181378070758,0.00396222164518,1,0.3,10,1,3,1,20,0.0842943311472,0.059006031803,0.0842943311472,0.0816573400992,0.0939824036678,0.0734224784567,0.0842943311472,0.059006031803,0.0842943311472,0.0933032403576,0.109429810391,0.0930153388325
767,0.00404835261332,0.107195343643,0.218316328633,0.0287717112098,0.0497045087222,0.200827423431,0.0556665553276,0.07204110519,0.0879794632783,0.0624358658612,0.0507308032271,0.0622825388626,1,0.3,10,1,3,1,20,0.0779221876271,0.054545531339,0.0779221876271,0.0841247837291,0.0833387865134,0.0795206746757,0.0779221876271,0.054545531339,0.0779221876271,0.104945470912,0.122859714045,0.104430756938
768,0.00381020825585,0.0953212106611,0.000646542862365,0.161141962387,0.0434632523966,0.180881735563,0.180882559703,0.0807433932998,0.0711153714791,0.066156231441,0.00127761357412,0.114559918377,1,0.3,10,1,3,1,20,0.0882761865434,0.0617933305804,0.0882761865434,0.080260369969,0.0921226297811,0.076990893217,0.0882761865434,0.0617933305804,0.0882761865434,0.0863417114889,0.101401615249,0.0861913729612
769,0.0514895077516,0.0861787752008,0.150098423851,0.242619829446,0.0946749746541,0.00282449731449,0.0737334460277,0.136100917905,0.0548596567414,0.0504825196125,0.000135121894275,0.0568023296013,1,0.3,10,1,3,1,20,0.0863411617333,0.0604388132133,0.0863411617333,0.0809921425769,0.0899192287218,0.0779507856367,0.0863411617333,0.0604388132133,0.0863411617333,0.0898392033072,0.105435873728,0.0896204926691
770,0.0393670871712,0.0736465253972,0.0866555315185,0.227491051485,0.116426100015,0.0560470570562,0.0547431604651,0.0200996706098,0.0125246539548,0.238862894939,0.0282217451604,0.0459145222279,1,0.3,10,1,3,1,20,0.0852225766486,0.059655803654,0.0852225766486,0.0813963615496,0.0897496819575,0.077548322037,0.0852225766486,0.059655803654,0.0852225766486,0.0918203318913,0.107720750628,0.091562638034
771,0.0276363462826,0.113447028983,0.02419120691,0.221219201231,0.0840944881683,0.119935507985,0.0569236547,0.282783823476,0.0153515591587,0.00975848754611,0.00552936049678,0.0391293350626,1,0.3,10,1,3,1,20,0.0913418022563,0.0639392615794,0.0913418022563,0.0790710298329,0.0973760828473,0.0739418913306,0.0913418022563,0.0639392615794,0.0913418022563,0.0807357817035,0.09493485519,0.0806946269115
772,0.0260304997104,0.0585435659924,0.203856338758,0.0397154753128,0.157286753246,0.0996695335572,0.04395750148,0.04089197009,0.029370261366,0.0300612462758,0.172081428275,0.098535425936,1,0.3,10,1,3,1,20,0.0850614959904,0.0595430471933,0.0850614959904,0.0813659753101,0.0949290594611,0.0729785463601,0.0850614959904,0.0595430471933,0.0850614959904,0.091913923378,0.107827252509,0.091653164633
773,0.0421471639223,0.0782851123505,0.277399783433,0.00695842153681,0.0126491293247,0.269828644209,0.0132676452983,0.0672288442845,0.10600164948,0.0535239042676,0.018433813548,0.0542758883452,1,0.3,10,1,3,1,20,0.094309845007,0.0660168915049,0.094309845007,0.078007300427,0.0973078247715,0.0754590176272,0.094309845007,0.0660168915049,0.094309845007,0.0754981615366,0.0888943419458,0.0755601906539
774,0.0193537562097,0.000411831209856,0.0465357143071,0.195790118752,0.0640036804116,0.022005309281,0.00591148483924,0.0193770202139,0.00391366634363,0.0433923230626,0.0603024803717,0.519002614998,1,0.3,10,1,3,1,20,0.0915853209838,0.0641097246886,0.0915853209838,0.0791748267792,0.0861475191263,0.0837969583581,0.0915853209838,0.0641097246886,0.0915853209838,0.0807194859491,0.094919176473,0.080681300002
775,0.0513230158257,0.119779914522,0.0670008598186,0.194999153858,0.056678479041,0.267049885064,0.0240307090329,0.0351217130921,0.0198865994402,0.0536457530566,0.0736346022533,0.0368493149964,1,0.3,10,1,3,1,20,0.0997422803355,0.0698195962348,0.0997422803355,0.0760699235199,0.0966203949671,0.078723526083,0.0997422803355,0.0698195962348,0.0997422803355,0.0659324196673,0.0778623902438,0.0661830317072
776,0.136436199672,0.0901703917034,0.0180480729475,0.172587275009,0.0128993364298,0.048266244385,0.032784528137,0.144121772789,0.00248580348977,0.15724858269,0.104477777038,0.0804740157101,1,0.3,10,1,3,1,20,0.0906021700433,0.0634215190303,0.0906021700433,0.0794888586895,0.0884211352208,0.0813427382887,0.0906021700433,0.0634215190303,0.0906021700433,0.0823715010903,0.0968238099874,0.0823002384893
777,0.0391783947441,0.155392254272,0.0219948537692,0.158384124974,0.288584300192,0.0142343246381,0.00275852447971,0.0879618407442,0.125453609855,0.0578455754265,0.0435771516019,0.00463504530301,1,0.3,10,1,3,1,20,0.0933946503822,0.0653762552676,0.0933946503822,0.0784776680833,0.0889667040271,0.0822414224851,0.0933946503822,0.0653762552676,0.0933946503822,0.0774212272939,0.0911145221873,0.0774473438592
778,0.0590113303335,0.154886844753,0.306431630225,0.000566795722765,0.0368329216644,0.0113872728964,0.110207965923,0.0216817050283,0.0041853339489,0.0439065456689,0.212136222917,0.0387654309187,1,0.3,10,1,3,1,20,0.0865956296419,0.0606169407493,0.0865956296419,0.0809575334751,0.0865894279534,0.0809628049104,0.0865956296419,0.0606169407493,0.0865956296419,0.0895125996486,0.105060126457,0.0893011074888
779,0.0407802984936,0.0200453217346,0.0636075605777,0.0190745313354,0.0359819539642,0.0744207041335,0.0661678888274,0.0643721570976,0.331640412292,0.0693004212155,0.17462415054,0.0399845997882,1,0.3,10,1,3,1,20,0.0824538676576,0.0577177073603,0.0824538676576,0.0824233664734,0.0877742792559,0.0779010166149,0.0824538676576,0.0577177073603,0.0824538676576,0.0967813095666,0.113442779858,0.0964263628796
780,0.0707029526791,0.0153912725382,0.158395592437,0.0805568270805,0.106151741941,0.0363826442765,0.35715860074,0.0264116114543,0.0140792903555,0.0293644618227,0.00722561609716,0.0981793885781,1,0.3,10,1,3,1,20,0.0813167158276,0.0569217010793,0.0813167158276,0.0827365882744,0.0933408726069,0.072516055012,0.0813167158276,0.0569217010793,0.0813167158276,0.0985839084911,0.115520167647,0.0981921424999
781,0.0973696597574,0.116049517787,0.0451026269376,0.0246922326889,0.0891791173317,0.0818736259879,0.144908628661,0.1014434867,0.195991806755,0.0049360703358,0.0452662059533,0.0531870211048,1,0.3,10,1,3,1,20,0.0902361440504,0.0631653008353,0.0902361440504,0.079603100201,0.0894245569408,0.0802929492442,0.0902361440504,0.0631653008353,0.0902361440504,0.082980762448,0.0975261909698,0.0828972623243
782,0.043979916281,0.00746795697061,0.068633077127,0.0179460083364,0.0360380516457,0.190045980197,0.049091437737,0.0473569885809,0.0948917183228,0.0529789583511,0.00812030378062,0.38344960267,1,0.3,10,1,3,1,20,0.0851197514,0.05958382598,0.0851197514,0.0813957705529,0.0919513206609,0.0755889366811,0.0851197514,0.05958382598,0.0851197514,0.0919207671748,0.107835971552,0.0916605758189
783,0.150595908239,0.180854951954,0.104563105732,0.103723668102,0.0078138009091,0.00175027146409,0.0480190940543,0.132521432574,0.1479355238,0.0383340634421,0.0116459776121,0.0722422021175,1,0.3,10,1,3,1,20,0.0789131024298,0.0552391717008,0.0789131024298,0.0836262280402,0.0917398603282,0.0727234838265,0.0789131024298,0.0552391717008,0.0789131024298,0.102886511203,0.120482791071,0.10241037241
784,0.0411075428074,0.0652397587308,0.037204498991,0.270752026128,0.233463673135,0.037644884096,0.00791385418859,0.0388688821878,0.0713428063631,0.00021169793918,0.000302237879117,0.195948137554,1,0.3,10,1,3,1,20,0.093749133854,0.0656243936978,0.093749133854,0.078264616259,0.0940103124269,0.078042614472,0.093749133854,0.0656243936978,0.093749133854,0.0766095822221,0.0901770550315,0.0766504967768
785,0.240055163038,0.118554039883,0.0249592655221,0.0640537472254,0.164101017763,0.0606871394009,0.132510449851,0.029800034138,0.0640650144009,0.00142653542029,0.0483176938903,0.0514698994676,1,0.3,10,1,3,1,20,0.0861171366757,0.060281995673,0.0861171366757,0.0810851513092,0.0891772835573,0.0784840264598,0.0861171366757,0.060281995673,0.0861171366757,0.0902620557041,0.105923754011,0.0900351909095
786,0.0283393611334,0.112542445691,0.196100068706,0.0071058193224,0.0277403588724,0.0296413580212,0.072949508421,0.134453827303,0.152997723891,0.116554701951,0.064784467069,0.0567903596193,1,0.3,10,1,3,1,20,0.0970753004529,0.0679527103171,0.0970753004529,0.0770682533496,0.0941854449637,0.0795246305154,0.0970753004529,0.0679527103171,0.0970753004529,0.0707307216466,0.0833969335562,0.0708873935227
787,0.0803679886843,0.00891944596463,0.172837524397,0.0931481332805,0.143869616329,0.200084961824,0.110608016835,0.0168762504298,0.0292072066818,0.0326328134782,0.0508807931464,0.0605672489489,1,0.3,10,1,3,1,20,0.0895514241075,0.0626859968752,0.0895514241075,0.0797195070245,0.0970169092467,0.0733738446562,0.0895514241075,0.0626859968752,0.0895514241075,0.0839099589651,0.098595724285,0.0838063656423
788,0.00159240501021,0.0248133312312,0.0761397224617,0.0044671284534,0.0559104173594,0.0267189948845,0.128224002585,0.0438407059472,0.256893198917,0.212359810167,0.115795346659,0.0532449363236,1,0.3,10,1,3,1,20,0.0804720788175,0.0563304551722,0.0804720788175,0.0830406388619,0.0932817338907,0.0721524320497,0.0804720788175,0.0563304551722,0.0804720788175,0.100077309411,0.117242519012,0.0996561411605
789,0.0162542751785,0.00395711335662,0.0314939180849,0.0832183131967,0.231976238777,0.00660736629742,0.174832565182,0.0657654448606,0.172897648673,0.0395622846591,0.169259183793,0.00417564794123,1,0.3,10,1,3,1,20,0.0931259987037,0.0651881990926,0.0931259987037,0.0785540650858,0.0901409312975,0.0810913723811,0.0931259987037,0.0651881990926,0.0931259987037,0.077852280304,0.0916113286116,0.0778696293199
790,0.0541799574392,0.124275471879,0.0450484359197,0.0303981901519,0.137039186697,0.0342341199412,0.0751865916103,0.152431195719,0.119608150496,0.0365766040414,0.0209402484304,0.170081847675,1,0.3,10,1,3,1,20,0.0842230938254,0.0589561656778,0.0842230938254,0.0817258207873,0.091461324779,0.0755733244768,0.0842230938254,0.0589561656778,0.0842230938254,0.0935218834096,0.109682670211,0.0932302696792
791,0.0555771416728,0.0718424281471,0.109418663281,0.0304537089326,0.101780640116,0.0441128136378,0.349585233597,0.0151696182424,0.0683525824649,0.0111582850563,0.0622122458923,0.0803366389593,1,0.3,10,1,3,1,20,0.0913875618537,0.0639712932976,0.0913875618537,0.0790523303136,0.0975100979131,0.0738481746631,0.0913875618537,0.0639712932976,0.0913875618537,0.0806500553974,0.0948359501096,0.0806105575932
792,0.0481523132103,0.00168615989248,0.0161163705753,0.308118630404,0.27832500017,0.0168447292966,0.065064022813,0.000182400345178,0.186670817785,0.0594704863078,0.0118793847487,0.00748968445115,1,0.3,10,1,3,1,20,0.0746174110025,0.0522321877017,0.0746174110025,0.085244435678,0.08721862765,0.0745334015276,0.0746174110025,0.0522321877017,0.0746174110025,0.110637188793,0.129422879426,0.110009447512
793,0.119940238046,0.211865920702,0.0584100626637,0.00532136650905,0.018766165448,0.0593082122906,0.0812540914086,0.175979938272,0.00170619363934,0.0650784583987,0.180414774284,0.0219545783372,1,0.3,10,1,3,1,20,0.0856521986519,0.0599565390563,0.0856521986519,0.0811939525289,0.0925847085879,0.0753013190833,0.0856521986519,0.0599565390563,0.0856521986519,0.0909573887205,0.106724734248,0.0907160241109
794,0.0375955598533,0.210300378734,0.0163372107732,0.0410522613748,0.015956449122,0.0660023567981,0.026096711888,0.0771960594947,0.421628389199,0.0619420604243,0.0181919863522,0.00770057598711,1,0.3,10,1,3,1,20,0.0839418534319,0.0587592974023,0.0839418534319,0.0818399151324,0.0906866301634,0.0761068549106,0.0839418534319,0.0587592974023,0.0839418534319,0.0940469569801,0.110288450963,0.0937451833184
795,0.00288316264881,0.0225150797235,0.239778240493,0.142835154346,0.146584105456,4.99037995322e-06,0.125106710206,0.0184217138975,0.101340934723,0.0898423347443,0.092729995981,0.0179575774008,1,0.3,10,1,3,1,20,0.0904381800256,0.0633067260179,0.0904381800256,0.0794467505721,0.094350327759,0.0761214249987,0.0904381800256,0.0633067260179,0.0904381800256,0.0824426072017,0.0969041715298,0.0823685458004
796,0.143940566916,0.179571800621,0.182017963001,0.0272550326049,0.0223533084452,0.110872354719,0.024899348452,0.166915929696,0.0124084106847,0.000528321802407,0.0344850807305,0.0947518823255,1,0.3,10,1,3,1,20,0.0764753157487,0.0535327210241,0.0764753157487,0.0846153371321,0.0850165184633,0.0773553148248,0.0764753157487,0.0535327210241,0.0764753157487,0.107438145346,0.125734042806,0.106873936385
797,0.0283045984122,0.0132025055317,0.332014881335,0.0309846074357,0.241801359047,0.0076584941246,0.175750359784,0.014356208293,0.0232186016534,0.0111384965642,0.034208761308,0.0873611265104,1,0.3,10,1,3,1,20,0.090824483191,0.0635771382337,0.090824483191,0.0792443303649,0.0980989068517,0.0730610702533,0.090824483191,0.0635771382337,0.090824483191,0.0816224905344,0.0959572933862,0.0815636993783
798,0.14894983756,0.0168808278038,0.0459611717462,0.167564148105,0.012032839889,0.0565881117388,0.193914286657,0.0513102044183,0.106379745599,0.115471536595,0.0349167114778,0.0500305784102,1,0.3,10,1,3,1,20,0.0877884919599,0.0614519443719,0.0877884919599,0.0805194107966,0.0871850555815,0.0810323317183,0.0877884919599,0.0614519443719,0.0877884919599,0.0873846371373,0.102605788207,0.0872149199759
799,0.00571918169127,0.0337449214409,0.252296654305,0.0677844975837,0.0195335989605,0.0279528755872,0.0368967051192,0.148818843469,0.0626627965675,0.0244517368245,0.107527623928,0.212610564523,1,0.3,10,1,3,1,20,0.0806087939976,0.0564261557984,0.0806087939976,0.0830116712508,0.092102076244,0.0732423813413,0.0806087939976,0.0564261557984,0.0806087939976,0.099879392788,0.117014589615,0.0994624011731
800,0.0161488109482,0.0705436947309,0.0626710795746,0.0317468942829,0.0104807537229,0.0511077161703,0.0152708605021,0.414077790134,0.0638694809108,0.0363492312005,0.019059008775,0.208674679047,1,0.3,10,1,3,1,20,0.0878791326473,0.0615153928531,0.0878791326473,0.0805146893523,0.0855522275663,0.0824925586711,0.0878791326473,0.0615153928531,0.0878791326473,0.08728475991,0.102491053084,0.0871173951211
801,0.0608821629213,0.0363422294787,0.108818284619,0.0502292614046,0.229509774618,0.0332205042687,0.0176974241735,0.042327709255,0.0360445106767,0.133732213293,0.158256670539,0.0929392547523,1,0.3,10,1,3,1,20,0.0827312947111,0.0579119062978,0.0827312947111,0.0823292535582,0.0874556938803,0.0783135142643,0.0827312947111,0.0579119062978,0.0827312947111,0.0963032430845,0.112891515553,0.0959577882199
802,0.0426620078058,0.0268242165193,0.123809610339,0.197503957459,0.0246538598065,0.0610765936862,0.022231312105,0.00439312422738,0.110577365989,0.0699118631121,0.0590156042789,0.257340484671,1,0.3,10,1,3,1,20,0.0928285547582,0.0649799883307,0.0928285547582,0.0785935208995,0.0940917238114,0.0775198272043,0.0928285547582,0.0649799883307,0.0928285547582,0.078231882681,0.0920480268701,0.0782408228396
803,0.0871444052032,0.0266958547724,0.00619087495879,0.175395750438,0.00046396321546,0.15846902378,0.0906659533758,0.112870312784,0.0122420463971,0.00437348544167,0.171737774511,0.153750555123,1,0.3,10,1,3,1,20,0.0826033274112,0.0578223291879,0.0826033274112,0.0824674296143,0.0820364640747,0.0829492634504,0.0826033274112,0.0578223291879,0.0826033274112,0.0967288068922,0.113383820512,0.0963762474355
804,0.109172410315,0.275548377428,0.217227981409,0.0429029188513,0.0294703987606,0.0153058085085,0.0904979348292,0.0215790701157,0.0769111661848,0.0640873649625,0.0509502375043,0.00634633113142,1,0.3,10,1,3,1,20,0.0908461186679,0.0635922830675,0.0908461186679,0.079235665987,0.0981518800403,0.0730257688204,0.0908461186679,0.0635922830675,0.0908461186679,0.0815823412559,0.0959109746432,0.0815243284467
805,0.056198752356,0.165506776304,0.0111113530618,0.0343210727006,0.0849600565788,0.0480111460292,0.0457322585577,0.0770898101686,0.0415244615081,0.169522055026,0.259968714048,0.00605354366046,1,0.3,10,1,3,1,20,0.0833113908329,0.058317973583,0.0833113908329,0.0821713867653,0.0845033887915,0.0811581885005,0.0833113908329,0.058317973583,0.0833113908329,0.0953878304639,0.111836591882,0.0950611030996
806,0.0817114254512,0.136252156088,0.0174425842914,0.178051925549,0.0624751217168,0.0739620805696,0.089690838013,0.0359514036364,0.0460258507978,0.0290963121593,0.246965698625,0.00237460310316,1,0.3,10,1,3,1,20,0.08202441332,0.057417089324,0.08202441332,0.0825619585137,0.0886841134844,0.076901213374,0.08202441332,0.057417089324,0.08202441332,0.0975060024496,0.114278313649,0.0971365666014
807,0.13154474041,0.0423193287397,0.0219081425416,0.0135641923102,0.10015346984,0.111994298963,0.148952684618,0.0788278357361,0.229836929759,0.0213039191153,0.0415479826082,0.0580464753585,1,0.3,10,1,3,1,20,0.0906357667503,0.0634450367252,0.0906357667503,0.0794653290371,0.0890951751441,0.0807748319024,0.0906357667503,0.0634450367252,0.0906357667503,0.082287355001,0.0967265775479,0.0822175909157
808,0.0131812749786,0.0447573404639,0.0597164760075,0.0439843606508,0.343646418957,0.0582565952011,0.0322525037509,0.0603229767929,0.0251283767951,0.127037472125,0.0490138257297,0.142702378548,1,0.3,10,1,3,1,20,0.0911492597973,0.0638044818581,0.0911492597973,0.0792506026286,0.0908861964308,0.0794742064902,0.0911492597973,0.0638044818581,0.0911492597973,0.0813147953145,0.0956044303948,0.0812637658356
809,0.0933446996847,0.110906164646,0.150604906656,0.0448091077362,0.0322370544304,0.0302680439414,0.438779653257,0.000544048508504,0.0550398457051,0.0115738146956,0.00223315074378,0.0296595099956,1,0.3,10,1,3,1,20,0.0870136105997,0.0609095274198,0.0870136105997,0.0807116420031,0.0922237889828,0.0762829903775,0.0870136105997,0.0609095274198,0.0870136105997,0.0885670862675,0.103968105476,0.0883728896546
810,0.0279826584599,0.0404461491417,0.0240349606379,0.0519214043568,0.0239459763313,0.141349444453,0.0316838367486,0.130180488329,0.0857836772043,0.111179009071,0.246642605538,0.0848497897285,1,0.3,10,1,3,1,20,0.0939037068372,0.0657325947861,0.0939037068372,0.0781541239686,0.0972428065713,0.0753158891946,0.0939037068372,0.0657325947861,0.0939037068372,0.0762176011883,0.089724087652,0.0762654745042
811,0.00684452643763,0.0640028552413,0.00315239560721,0.176411775873,0.120332056254,0.102505036556,0.268590765221,0.0146883595294,0.109457275347,0.0168355112654,0.112489814059,0.00468962860883,1,0.3,10,1,3,1,20,0.09697177863,0.067880245041,0.09697177863,0.0770072686323,0.0999490866636,0.0744765568038,0.09697177863,0.067880245041,0.09697177863,0.0707011686453,0.0833612511638,0.0708570634893
812,0.0065040938893,0.0502831526432,0.038046041856,0.0860375622875,0.0146638798644,0.256543104518,0.314193466444,0.0664507560041,0.0205228834025,0.008133189529,0.11852903606,0.0200928335022,1,0.3,10,1,3,1,20,0.0929322569251,0.0650525798476,0.0929322569251,0.0786682120652,0.0875192110044,0.0832693010978,0.0929322569251,0.0650525798476,0.0929322569251,0.0782909147102,0.0921179317442,0.0783002419826
813,0.0778088107265,0.024973550116,0.0636372259092,0.136757487248,0.310077188573,0.00127988796369,0.0060772672474,0.163878257661,0.0472739639274,0.0211670205774,0.0575608914793,0.089508448572,1,0.3,10,1,3,1,20,0.0997613425507,0.0698329397855,0.0997613425507,0.0759776874771,0.101636314508,0.0743839613134,0.0997613425507,0.0698329397855,0.0997613425507,0.0657139870725,0.0776090810027,0.0659677188523
814,0.121873908904,0.0508468775925,0.198718602761,0.113037447656,0.124197473501,0.0626500671019,0.0197679663003,0.0758082149878,0.0319060155032,0.125811451277,0.0258262571338,0.0495557172826,1,0.3,10,1,3,1,20,0.0895975530157,0.062718287111,0.0895975530157,0.0797465959709,0.0944536814379,0.075618886812,0.0895975530157,0.062718287111,0.0895975530157,0.0839229424493,0.0986114092136,0.0838196978316
815,0.121961924711,0.00500556704116,0.0270404029613,0.0356326606095,0.0109215601321,0.107440731833,0.109919656014,0.0938176954856,0.0544762668666,0.0796874251321,0.198081345287,0.156014763927,1,0.3,10,1,3,1,20,0.085666055495,0.0599662388465,0.085666055495,0.081154895896,0.0945867462373,0.0735723087651,0.085666055495,0.0599662388465,0.085666055495,0.0908591725625,0.106610906414,0.0906192704519
816,0.0195703190453,0.177880965355,0.141264404228,0.246501001515,0.0579877310046,0.0594178635514,0.0704143841725,0.096154178974,0.0293500517504,0.00522509828918,0.067622876793,0.0286111253222,1,0.3,10,1,3,1,20,0.092693036174,0.0648851253218,0.092693036174,0.0786743259444,0.0922014084946,0.079092209472,0.092693036174,0.0648851253218,0.092693036174,0.0785407792459,0.0924048008127,0.0785440806908
817,0.053426224524,0.0380423081168,0.133221876773,0.0368158654409,0.059587441265,0.000197818974038,0.0163027582722,0.0685366605571,0.240408844559,0.099514824458,0.237822026448,0.0161233506115,1,0.3,10,1,3,1,20,0.0960875095604,0.0672612566923,0.0960875095604,0.0774992195482,0.0896885170176,0.0829383632096,0.0960875095604,0.0672612566923,0.0960875095604,0.0726403439752,0.0856005430397,0.0727604615837
818,0.0750024933585,0.00281412640727,0.141063582493,0.103801828548,0.122201612563,0.0623277647575,0.098219508802,0.181797585225,0.00613429120817,0.0669959586999,0.112315862349,0.0273253855889,1,0.3,10,1,3,1,20,0.0896558581653,0.0627591007157,0.0896558581653,0.0797162599165,0.0950068040385,0.0751679559244,0.0896558581653,0.0627591007157,0.0896558581653,0.0837996275324,0.0984690370245,0.0836986814708
819,0.316356856111,0.0132115231993,0.0185227134914,0.0572898158817,0.0101107296892,0.0229222940109,0.0176376109992,0.101876957445,0.0383908142388,0.111638629108,0.100766038493,0.191276017333,1,0.3,10,1,3,1,20,0.0945689879609,0.0661982915726,0.0945689879609,0.0778758802692,0.0995658576891,0.0736285410002,0.0945689879609,0.0661982915726,0.0945689879609,0.0749574577602,0.0882701234014,0.0750296048912
820,0.013299382471,0.0394567300399,0.0363269385701,0.03351872854,0.0386368755115,0.0380939981818,0.0270099053895,0.148197589031,0.0391252989124,0.00766501785538,0.265597238815,0.313072296682,1,0.3,10,1,3,1,20,0.0997563520992,0.0698294464695,0.0997563520992,0.0762491541666,0.0857964447138,0.0881150754442,0.0997563520992,0.0698294464695,0.0997563520992,0.0663063115264,0.0782966015206,0.0665521112926
821,0.0956649658637,0.0739651080422,0.0490246243996,0.00133116681274,0.0436080997472,0.00277342737963,0.0793509805205,0.00916781556045,0.134931796134,0.236638901724,0.197464814088,0.0760782997277,1,0.3,10,1,3,1,20,0.0881854910093,0.0617298437065,0.0881854910093,0.0803834678783,0.0868035792657,0.0815580928603,0.0881854910093,0.0617298437065,0.0881854910093,0.0866977808672,0.101813744691,0.0865416829874
822,0.0106857690482,0.0123126395921,0.241908193246,0.0533008764367,0.260203828825,0.0938429557026,0.0607391939923,0.0612669899913,0.00900433616709,0.0740787465334,0.0392080509591,0.0834484195064,1,0.3,10,1,3,1,20,0.0828755245725,0.0580128672007,0.0828755245725,0.0821717020813,0.0936702555129,0.072996180782,0.0828755245725,0.0580128672007,0.0828755245725,0.0958196687574,0.112332086581,0.095482273594
823,0.0283193614185,0.0746607794162,0.162497696184,0.0815367498917,0.0638262903656,0.100175093108,0.0629635051564,0.0362951617544,0.0997686753586,0.070851808909,0.217704184488,0.00140069395029,1,0.3,10,1,3,1,20,0.0964519656412,0.0675163759488,0.0964519656412,0.0772801372355,0.0948761745345,0.0786195596762,0.0964519656412,0.0675163759488,0.0964519656412,0.0718057855535,0.0846366100204,0.0719411185173
824,0.301928021082,0.0886816773728,0.00193530615002,0.0109400356443,0.137491412788,0.138468211439,0.0320263784531,0.0245764569546,0.0820800165161,0.0998395325893,0.0594190276668,0.0226139233442,1,0.3,10,1,3,1,20,0.0831102793556,0.0581771955489,0.0831102793556,0.0821061606358,0.0925727480798,0.0740630622202,0.0831102793556,0.0581771955489,0.0831102793556,0.0954456351189,0.111901019149,0.0951158662764
825,0.111840941916,0.0924333593138,0.00837566898813,0.19058028159,0.0434955843319,0.0836315370132,0.0487966294234,0.0672271825417,0.0312391354823,0.145301451483,0.156389667589,0.0206885603278,1,0.3,10,1,3,1,20,0.0913338792474,0.0639337154731,0.0913338792474,0.0791194784693,0.0946973417546,0.0762605353382,0.0913338792474,0.0639337154731,0.0913338792474,0.0808484501647,0.0950655385608,0.0808057077767
826,0.0121853492362,0.0638818371114,0.0722634339704,0.0592125476641,0.0069396219003,0.157085562046,0.0619702319553,0.113986585735,0.0116952750413,0.108622208289,0.271809105267,0.060348241785,1,0.3,10,1,3,1,20,0.0869830934176,0.0608881653923,0.0869830934176,0.0806512671673,0.0964131182578,0.0726357460531,0.0869830934176,0.0608881653923,0.0869830934176,0.0884666371928,0.103851095607,0.0882734312663
827,0.046684286503,0.00265999032762,0.00397756581408,0.300142750677,0.0361401904853,0.190562774847,0.00652227302666,0.0372221420323,0.0138331540183,0.0102639693977,0.169830621306,0.182160281565,1,0.3,10,1,3,1,20,0.0873134121587,0.0611193885111,0.0873134121587,0.0806490681061,0.0895811906929,0.078721456352,0.0873134121587,0.0611193885111,0.0873134121587,0.0881351298417,0.103470664514,0.0879500648366
828,0.160424572926,0.133436230379,0.148543501097,0.142135395359,0.0349049847935,0.0105275718503,0.016401017875,0.00217331190883,0.164369322618,0.0532814817365,0.131996510755,0.00180609870192,1,0.3,10,1,3,1,20,0.0910823561143,0.06375764928,0.0910823561143,0.0792844863744,0.0903058987441,0.0799444751391,0.0910823561143,0.06375764928,0.0910823561143,0.0814542921857,0.095765472724,0.0814006518154
829,0.129350227227,0.0138380556168,0.127219457683,0.0820668448738,0.176851661526,0.0858666323028,0.057105495308,0.105929837196,0.0248284491025,0.101412584824,0.0567651749212,0.0387655794192,1,0.3,10,1,3,1,20,0.0991416361063,0.0693991452744,0.0991416361063,0.0763581059792,0.0923514253294,0.0821297851396,0.0991416361063,0.0693991452744,0.0991416361063,0.0671501297671,0.0792679561139,0.0673777626968
830,0.0583506263371,0.0730171633149,0.0604421707257,0.06742157294,0.107047226047,0.00781147879882,0.209278888545,0.0307872970347,0.0042268071995,0.294226445115,0.00204279035868,0.0853475335836,1,0.3,10,1,3,1,20,0.0882665930591,0.0617866151414,0.0882665930591,0.0803093690781,0.0894467591547,0.0793062278969,0.0882665930591,0.0617866151414,0.0882665930591,0.0864572234622,0.101535577237,0.0863052406516
831,0.0451281204807,0.0907252879231,0.0781156624769,0.206946898777,0.0311946317829,0.0923413536753,0.00901756965981,0.00995639097155,0.0234362678651,0.164825541982,0.078001166521,0.170311107885,1,0.3,10,1,3,1,20,0.0881677126536,0.0617173988575,0.0881677126536,0.0802048364977,0.0976704428732,0.0721275158111,0.0881677126536,0.0617173988575,0.0881677126536,0.0863288522106,0.101385245556,0.0861774587224
832,0.0221150904014,0.087807502457,0.0370511011714,0.212961516106,0.048084863618,0.00576140263425,0.0227826251534,0.225475548272,0.080191111555,0.0805781890351,0.101750677948,0.0754403716487,1,0.3,10,1,3,1,20,0.0890239853987,0.0623167897791,0.0890239853987,0.0800028782202,0.0914878136534,0.0779086242037,0.0890239853987,0.0623167897791,0.0890239853987,0.0850448442426,0.0999061181228,0.0849202004044
833,0.122580742358,0.0075862359796,0.102012083466,0.0659939181067,0.0132722907311,0.19586715845,0.0289818846049,0.0636297230549,0.0205617452769,0.269457832539,0.0163862901955,0.0936700952374,1,0.3,10,1,3,1,20,0.0857729187715,0.06004104314,0.0857729187715,0.0811953428872,0.0899590039617,0.0776371704756,0.0857729187715,0.06004104314,0.0857729187715,0.090840981573,0.106591210668,0.0906025290681
834,0.0655273170737,0.032270721292,0.0449118124508,0.0563801696034,0.131662536206,0.138524380765,0.0221325275184,0.00411109836005,0.00747200258693,0.329336225174,0.130194591305,0.0374766176639,1,0.3,10,1,3,1,20,0.0937517670273,0.0656262369191,0.0937517670273,0.0782046766668,0.097475470802,0.0750395284583,0.0937517670273,0.0656262369191,0.0937517670273,0.0764772827962,0.0900235131511,0.0765199861784
835,0.0754027388228,0.132614589092,0.0760582408896,0.0347881328448,0.0469639445336,0.066131888999,0.251777176653,0.0523491994284,0.0670139110457,0.0100597246646,0.0578459383952,0.128994514631,1,0.3,10,1,3,1,20,0.0922220955621,0.0645554668934,0.0922220955621,0.0787045996996,0.100347769723,0.0717977766632,0.0922220955621,0.0645554668934,0.0922220955621,0.0790721356368,0.0930153525637,0.0790630496791
836,0.0122704276608,0.0828328517168,0.0811153510375,0.0165646873222,0.00264668689278,0.0559073069337,0.27363301685,0.0499261793415,0.0430431705112,0.146409961142,0.168585498374,0.0670648622187,1,0.3,10,1,3,1,20,0.0826615118068,0.0578630582648,0.0826615118068,0.0821587452416,0.0989413730105,0.0683208632184,0.0826615118068,0.0578630582648,0.0826615118068,0.0960033333199,0.112542444029,0.0956610774243
837,0.355941614513,0.022529987021,0.0440100911561,0.0933791133473,0.0385931082878,0.116068273152,0.0559981498891,0.0668334524092,0.109006353561,0.0303789764476,0.0232448382653,0.0440160419497,1,0.3,10,1,3,1,20,0.0867287807036,0.0607101464925,0.0867287807036,0.0808860593763,0.0879815678155,0.0798211903311,0.0867287807036,0.0607101464925,0.0867287807036,0.0892262349207,0.104729476625,0.0890200551316
838,0.219294665897,0.0628488101788,0.212792425062,0.0121564255065,0.00130088829337,0.01770506736,0.0657701257295,0.033067636554,0.0844589558163,0.0125925065194,0.0524824876317,0.225530005451,1,0.3,10,1,3,1,20,0.0882102331457,0.061747163202,0.0882102331457,0.0802569591841,0.0937128608727,0.0755797256162,0.0882102331457,0.061747163202,0.0882102331457,0.0863995720448,0.101467904484,0.0862477188113
839,0.0480380592675,0.0350933156571,0.139129551466,0.10197220426,0.0607511692893,0.0719920673775,0.0101150995063,0.251008515504,0.155296988633,0.0253470793065,0.0927229648522,0.00853298488072,1,0.3,10,1,3,1,20,0.0842093986236,0.0589465790365,0.0842093986236,0.0816461152736,0.0964315687249,0.0712572706875,0.0842093986236,0.0589465790365,0.0842093986236,0.0933629672547,0.109498013779,0.0930733117124
840,0.129256849668,0.0292525245415,0.0533675542035,0.0944372648595,0.0514536585811,0.178421942413,0.0265827487593,0.154389759408,0.0224941962462,0.0138101673557,0.183554349491,0.0629789844736,1,0.3,10,1,3,1,20,0.089278746828,0.0624951227796,0.089278746828,0.0798999123739,0.0921668719312,0.0774450060362,0.089278746828,0.0624951227796,0.089278746828,0.084570042855,0.0993583426661,0.0844545912662
841,0.100518867302,0.0493989423257,0.0398447054698,0.216597337663,0.086584020938,0.260597773254,0.0157221563348,0.00796170269704,0.0144851405599,0.0778071780163,0.0776853196249,0.0527968558143,1,0.3,10,1,3,1,20,0.0884176830554,0.0618923781388,0.0884176830554,0.0801483172679,0.0957223489955,0.0739393512188,0.0884176830554,0.0618923781388,0.0884176830554,0.0859592892645,0.100959570137,0.0858156346167
842,0.022501620064,0.103916424947,0.0912931130341,0.0423834477832,0.180056445724,0.10017431085,0.0811380259643,0.146235741044,0.114967172199,0.0242386776474,0.0648025486125,0.028292472131,1,0.3,10,1,3,1,20,0.0867920364143,0.06075442549,0.0867920364143,0.0807237982249,0.0961791982783,0.0727447106405,0.0867920364143,0.06075442549,0.0867920364143,0.0888125690977,0.104250122768,0.0886126043531
843,0.0111909912359,0.182194474737,0.0979138802879,0.0513229095633,0.0924623562735,0.0634680122338,0.0849250056216,0.243641181304,0.0479895560955,0.012339153584,0.0076999877089,0.104852491354,1,0.3,10,1,3,1,20,0.0934267118464,0.0653986982925,0.0934267118464,0.0784162708294,0.0918973126677,0.0797162601313,0.0934267118464,0.0653986982925,0.0934267118464,0.0772566635712,0.0909239182863,0.0772853305433
844,0.0149987860995,0.0422429198309,0.0281618537259,0.00586341127152,0.044488086898,0.0699137450129,0.15142206204,0.209435340501,0.00145960434513,0.0904985762426,0.0983017839562,0.243213830076,1,0.3,10,1,3,1,20,0.0887659412821,0.0621361588974,0.0887659412821,0.0800199302429,0.0959242225719,0.0739353911466,0.0887659412821,0.0621361588974,0.0887659412821,0.0853369962109,0.100241825354,0.0852055515508
845,0.0882893748076,0.0288712044557,0.000853154434372,0.0856947891977,0.00888650864155,0.0908985874238,0.284164645009,0.095753920858,0.231730847367,0.0415269382122,0.0201771114473,0.0231529181457,1,0.3,10,1,3,1,20,0.0823940893646,0.0576758625553,0.0823940893646,0.0824092411472,0.0898637130388,0.0760600610242,0.0823940893646,0.0576758625553,0.0823940893646,0.0968098780868,0.11347514818,0.0964538759534
846,0.0757765847848,0.0460862643374,0.130065927651,0.0124177905731,0.175855210012,0.0440482256386,8.58528134499e-05,0.0600465343422,0.0411287239722,0.0440150369862,0.23782184038,0.132652008509,1,0.3,10,1,3,1,20,0.0851630534795,0.0596141374356,0.0851630534795,0.0815193283576,0.0837814096369,0.0826937256238,0.0851630534795,0.0596141374356,0.0851630534795,0.0921452821006,0.108097170536,0.0918825949557
847,0.16289242347,0.142265767127,0.140946433929,0.0580927271529,0.0623933514545,0.0685036352373,0.0463605364041,0.0377068693677,0.0152098179366,0.0592769754418,0.166918884655,0.0394325778247,1,0.3,10,1,3,1,20,0.0832051863233,0.0582436304263,0.0832051863233,0.0822482359122,0.0822276686964,0.083079125895,0.0832051863233,0.0582436304263,0.0832051863233,0.095659170138,0.112150158493,0.0953276347194
848,0.111845636478,0.337191729909,0.148508997328,0.137577123742,0.026915343408,0.0675876983082,0.0134684324443,0.0325228289905,0.010732008934,0.056905139331,0.048670674021,0.00807438710636,1,0.3,10,1,3,1,20,0.0875163142737,0.0612614199916,0.0875163142737,0.0805769777525,0.0895396029013,0.0788571824191,0.0875163142737,0.0612614199916,0.0875163142737,0.0877784344071,0.103059300239,0.087600405203
849,0.090611896452,0.0763089599575,0.242418087715,0.0357603954024,0.0190557544353,0.0266553079222,0.201438477866,0.0626772056569,0.0192265574662,0.0189228948195,0.149295253868,0.0576292084393,1,0.3,10,1,3,1,20,0.0955677989287,0.0668974592501,0.0955677989287,0.0775654344819,0.0967515875009,0.0765592141955,0.0955677989287,0.0668974592501,0.0955677989287,0.0732977113218,0.0863567233974,0.0734032148877
850,0.025866102701,0.303136630905,0.0248658314037,0.0766281121468,0.114745802951,0.0197947702645,0.0546735228665,0.0537198803565,0.0589070049324,0.043061889657,0.172343423031,0.0522570287842,1,0.3,10,1,3,1,20,0.079192628571,0.0554348399997,0.079192628571,0.0835275924786,0.091642684052,0.0729450453198,0.079192628571,0.0554348399997,0.079192628571,0.10239658241,0.119917784571,0.101930116885
851,0.0343329626357,0.150489478927,0.234666555954,0.0551176192506,0.226053530839,0.020805055635,0.0378212870275,0.0535361658072,0.0135053941143,0.0454509559506,0.0721188713315,0.0561021225278,1,0.3,10,1,3,1,20,0.0824214069369,0.0576949848558,0.0824214069369,0.0823868178108,0.0906050973415,0.0754306809668,0.0824214069369,0.0576949848558,0.0824214069369,0.0967343370749,0.113387821269,0.0963796480783
852,0.013884265553,0.0156896880393,0.155020448817,0.0473531536027,0.0846556271533,0.0180592304434,0.00887547726652,0.120556605757,0.0503905746181,0.377997592735,0.0755752358531,0.0319421001616,1,0.3,10,1,3,1,20,0.092694927305,0.0648864491135,0.092694927305,0.0786790304504,0.0918852282365,0.0793672746586,0.092694927305,0.0648864491135,0.092694927305,0.0785490879591,0.0924144709452,0.0785523003034
853,0.234849529182,0.102612613388,0.242472519882,0.0088172713812,0.0132607731518,0.00392294978324,0.09400552385,0.0307021952044,0.0395072421038,0.0665811808122,0.128919109499,0.0343490917623,1,0.3,10,1,3,1,20,0.0978287652935,0.0684801357054,0.0978287652935,0.0768416752452,0.0916154613952,0.0821229835586,0.0978287652935,0.0684801357054,0.0978287652935,0.0694951392576,0.0819726529506,0.069676755008
854,0.185665701684,0.0676344568707,0.0656608040119,0.0697964342758,0.176514229585,0.0821362540241,0.0135615465583,0.113063994595,0.0810057046784,0.0635511850363,0.07781857889,0.00359110979019,1,0.3,10,1,3,1,20,0.0881448568762,0.0617013998133,0.0881448568762,0.0802371218357,0.096255770593,0.0733428451764,0.0881448568762,0.0617013998133,0.0881448568762,0.0864213186185,0.101492279268,0.0862684373774
855,0.0218889897104,0.0840662498529,0.0497697951582,0.0760725044319,0.0669480970028,0.078544379863,0.0239604382461,0.0622039617828,0.0326323634494,0.479271001619,0.00809595644189,0.0165462624414,1,0.3,10,1,3,1,20,0.0830498741969,0.0581349119378,0.0830498741969,0.0821854979341,0.0891857129575,0.0769700349876,0.0830498741969,0.0581349119378,0.0830498741969,0.0956770541325,0.112168853689,0.0953435256359
856,0.0309891587554,0.0161728035873,0.0292185450697,0.00850891679643,0.0631060598314,0.159101328436,0.0338405566768,0.0131879336037,0.146253271255,0.299206766481,0.101585217268,0.098829442239,1,0.3,10,1,3,1,20,0.0837813199532,0.0586469239672,0.0837813199532,0.0818083890874,0.0959214248153,0.0714892999545,0.0837813199532,0.0586469239672,0.0837813199532,0.0941375409384,0.110391468896,0.0938327485615
857,0.0416427044341,0.286514984115,0.155718750105,0.0382024238793,0.0699010871587,0.022942188028,0.0570974256627,0.0179704497435,0.119879359995,0.0279143937629,0.0133670743,0.148849158815,1,0.3,10,1,3,1,20,0.0946270760057,0.066238953204,0.0946270760057,0.0779568995372,0.0935829194072,0.0788444326459,0.0946270760057,0.066238953204,0.0946270760057,0.075075303453,0.0884076943385,0.0751465401877
858,0.00549797065136,0.000665690974063,0.00350597979202,0.0344500956133,0.283136874981,0.145725894181,0.0269694388964,0.244362754871,0.0175444745573,0.0270259899395,0.0213522643836,0.189762571159,1,0.3,10,1,3,1,20,0.0949254953282,0.0664478467297,0.0949254953282,0.0777948260275,0.0968137219044,0.0761898334377,0.0949254953282,0.0664478467297,0.0949254953282,0.0744294213491,0.0876619040589,0.0745126184501
859,0.0610452867383,0.111681821718,0.0635179060586,0.298672443617,0.135414643278,0.0997217730324,0.00727113663356,0.0994910056779,0.00446066451538,0.0874231462358,0.0269781455493,0.00432202694513,1,0.3,10,1,3,1,20,0.0884330369315,0.0619031258521,0.0884330369315,0.0803210937169,0.0852504774837,0.0830262692476,0.0884330369315,0.0619031258521,0.0884330369315,0.0863179475515,0.101376114903,0.0861696976673
860,0.120325290927,0.104574430411,0.100139076463,0.0883404633265,0.0604841894859,0.0917448153976,0.0354519096634,0.00570615389434,0.0221997881393,0.0451001539356,0.00856011026019,0.317373618097,1,0.3,10,1,3,1,20,0.0890233136657,0.062316319566,0.0890233136657,0.0800430640205,0.0891415912707,0.0799425280562,0.0890233136657,0.062316319566,0.0890233136657,0.0851324610205,0.100007817209,0.085006644628
861,0.0207530219894,0.081280290486,0.180434049732,0.0127516430613,0.00608365052458,0.102152647977,0.0355417101441,0.138010741341,0.0686007125559,0.21604325871,0.031680922333,0.106667351145,1,0.3,10,1,3,1,20,0.0889343577442,0.0622540504209,0.0889343577442,0.0799970408886,0.0937194800392,0.0759296869378,0.0889343577442,0.0622540504209,0.0889343577442,0.0851208727597,0.0999931824626,0.0849942050932
862,0.0426541834086,0.0640699184359,0.0309299063146,0.215397281172,0.0965463646262,0.094816392509,0.10611409856,0.00925323559889,0.232455338958,0.0475664614288,0.0163128504302,0.0438839685575,1,0.3,10,1,3,1,20,0.0887174361724,0.0621022053207,0.0887174361724,0.0801461303838,0.0895338420681,0.0794521853724,0.0887174361724,0.0621022053207,0.0887174361724,0.0856580435751,0.100613861227,0.0855217820428
863,0.0117308169951,0.0374260111096,0.05545744396,0.0643627279616,0.119727607501,0.0920358253921,0.071402424122,0.0111390167458,0.05992893073,0.0938987481641,0.203563102841,0.179327344477,1,0.3,10,1,3,1,20,0.0905639594584,0.0633947716209,0.0905639594584,0.0794591186793,0.090973207896,0.0791112575073,0.0905639594584,0.0633947716209,0.0905639594584,0.082344948595,0.0967924790524,0.0822736071946
864,0.184855221678,0.0847211933,0.0615905044844,0.0417302942362,0.115236733989,0.104777321789,0.259598445473,0.0216533319517,0.0640349987753,0.0271985145566,0.0226840799266,0.0119193598401,1,0.3,10,1,3,1,20,0.0831993466286,0.05823954264,0.0831993466286,0.082054653197,0.0937211295338,0.0731111377275,0.0831993466286,0.05823954264,0.0831993466286,0.0952460807828,0.111670555116,0.0949199718486
865,0.0278915245003,0.0557172820126,0.0142266126583,0.349298760783,0.166927470955,0.0129588964122,0.252469725718,0.0211757504922,0.0777855774019,0.00832630093526,0.00029091885674,0.0129311792744,1,0.3,10,1,3,1,20,0.0897861515633,0.0628503060943,0.0897861515633,0.0797147012325,0.0923525702298,0.0775332453659,0.0897861515633,0.0628503060943,0.0897861515633,0.0836673695502,0.0983172406378,0.0835696545422
866,0.0286397061664,0.0701863566134,0.0185246187526,0.0210049890719,0.0521436214985,0.238391227928,0.0781135682091,0.00779877933732,0.0383580294421,0.0158685480023,0.0967323817977,0.334238173181,1,0.3,10,1,3,1,20,0.0884315696672,0.061902098767,0.0884315696672,0.080162041012,0.0946236179498,0.0748987999717,0.0884315696672,0.061902098767,0.0884315696672,0.0859752475662,0.10097827962,0.0858315376772
867,0.0427311173221,0.0908373873331,0.144787903788,0.0820809478697,0.0724732781695,0.0251110189873,0.0844893820658,0.0856066038899,0.136705224954,0.0184700635574,0.109505209206,0.107201862857,1,0.3,10,1,3,1,20,0.0857220211306,0.0600054147914,0.0857220211306,0.0812401104889,0.08840211609,0.0789620297733,0.0857220211306,0.0600054147914,0.0857220211306,0.0909881953918,0.106761423865,0.0907472102856
868,0.0261646988757,0.0780102023737,0.0379262730795,0.0118206626748,0.210556098781,0.336416100242,0.0114872157316,0.0437592602424,0.0342369522921,0.01106916666,0.0773055269617,0.121247842086,1,0.3,10,1,3,1,20,0.0878670559112,0.0615069391378,0.0878670559112,0.0804666316091,0.0886294808636,0.0798185703995,0.0878670559112,0.0615069391378,0.0878670559112,0.0871927208626,0.102384050997,0.0870264433477
869,0.0646875171298,0.157551956213,0.161638771701,0.000706765193871,0.0656291335011,0.0378106208811,0.0702324595636,0.131287826895,0.109035152552,0.0693040999713,0.0409201652129,0.091195531186,1,0.3,10,1,3,1,20,0.081099291671,0.0567695041697,0.081099291671,0.0829583684301,0.0848962217624,0.0797309778525,0.081099291671,0.0567695041697,0.081099291671,0.099278861381,0.116323997595,0.0988753979556
870,0.0501551585357,0.0616545610817,0.0935183342295,0.109415754095,0.0391957814798,0.0484664310638,0.0983030021806,0.0482486307918,0.299287090247,0.0364831881795,0.0978823708338,0.0173896972819,1,0.3,10,1,3,1,20,0.0893032574165,0.0625122801916,0.0893032574165,0.0798494629898,0.0946135657608,0.0753357008972,0.0893032574165,0.0625122801916,0.0893032574165,0.084436636938,0.0992038072243,0.0843232361406
871,0.0763853183169,0.158206196792,0.00221071859558,0.101905618423,0.233993602595,0.147824168242,0.0433618288952,0.00188066103178,0.011743215635,0.0395485462184,0.0658170777226,0.117123047533,1,0.3,10,1,3,1,20,0.0967048671255,0.0676934069878,0.0967048671255,0.0771540902143,0.0969501394277,0.0769456087573,0.0967048671255,0.0676934069878,0.0967048671255,0.071282881959,0.08403297144,0.071428025724
872,0.011180328232,0.0275569886903,0.0293342282601,0.156741126878,0.0707180440148,0.0425094324711,0.124637206019,0.0767346013574,0.364594854624,0.02229382106,0.0732009685125,0.000498399880505,1,0.3,10,1,3,1,20,0.0845376093987,0.0591763265791,0.0845376093987,0.0816806831284,0.0874844994905,0.0791758265504,0.0845376093987,0.0591763265791,0.0845376093987,0.0931130997592,0.109212324496,0.092830475822
873,0.193462283773,0.0218364409476,0.0360828322228,0.0500526266195,0.324658744621,0.010404034262,0.0437116855055,0.125395092706,0.0600516328454,0.0852618221228,0.0382417355711,0.0108410688037,1,0.3,10,1,3,1,20,0.0907045306952,0.0634931714867,0.0907045306952,0.0794841617088,0.0865398853332,0.0830241102665,0.0907045306952,0.0634931714867,0.0907045306952,0.0822600834847,0.0966958342986,0.0821914591538
874,0.0289045857707,0.063514298006,0.0209479224302,0.0224167694287,0.145334888856,0.0149873175588,0.0426382763503,0.0570448411119,0.0799387746913,0.0927887296416,0.0245667240383,0.406916872116,1,0.3,10,1,3,1,20,0.0839281689758,0.0587497182831,0.0839281689758,0.0818097187839,0.0927486462444,0.0743123131056,0.0839281689758,0.0587497182831,0.0839281689758,0.0939951559952,0.110228136974,0.0936939164277
875,0.0092798637036,0.167265028054,0.225665753446,0.132518425372,0.113076112941,0.0372613886349,0.0433126386985,0.0310392987281,0.0935857230952,0.0665395670617,0.0213562381109,0.0590999621548,1,0.3,10,1,3,1,20,0.0894305406701,0.0626013784691,0.0894305406701,0.0798439103667,0.0922573578407,0.0774411157717,0.0894305406701,0.0626013784691,0.0894305406701,0.0842987146575,0.0990453955378,0.0841885862071
876,0.0119399776854,0.0627035155092,0.115305263767,0.214002873706,0.0548626871457,0.157552815349,0.0581672846255,0.0926717790944,0.0442567106662,0.0580736930329,0.126928405346,0.00353499407314,1,0.3,10,1,3,1,20,0.0935894820886,0.065512637462,0.0935894820886,0.0784034956424,0.0892174857427,0.0821196925363,0.0935894820886,0.065512637462,0.0935894820886,0.0770680099232,0.0907070880417,0.0771010248354
877,0.00575129141621,0.0250947334727,0.131931874853,0.0781181829425,0.0161641470814,0.106506438748,0.046708433556,0.0467527441792,0.0929462458868,0.13047576171,0.18889915444,0.130650991714,1,0.3,10,1,3,1,20,0.0943100296784,0.0660170207749,0.0943100296784,0.0780758669792,0.0932765649734,0.0789543119785,0.0943100296784,0.0660170207749,0.0943100296784,0.0756463402139,0.0890663543739,0.0757064012178
878,0.0580021826434,0.0344654484609,0.02446829061,0.0406398153994,0.0738241329442,0.0171013050982,0.00511326733913,0.236403063731,0.230544039737,0.0491145564924,0.157597780113,0.0727261174314,1,0.3,10,1,3,1,20,0.0869605674575,0.0608723972202,0.0869605674575,0.080719371243,0.0928876235829,0.0756813735364,0.0869605674575,0.0608723972202,0.0869605674575,0.0886362803901,0.10404772269,0.0884405642868
879,0.0352950591281,0.0593344666342,0.0384241490105,0.050408135646,0.0172088355986,0.30409929271,0.0658159733335,0.140732564633,0.0569844160459,0.0840267457534,0.135956281469,0.0117140800374,1,0.3,10,1,3,1,20,0.100464663361,0.0703252643527,0.100464663361,0.0758024224546,0.0971091021384,0.0786546494938,0.100464663361,0.0703252643527,0.100464663361,0.0646390358639,0.0763705988648,0.064915009035
880,0.0635010665291,0.0323299183702,0.00464671170121,0.0242050082403,0.10140818282,0.0656702822388,0.218380233089,0.0769101083422,0.0116977519456,0.0690483876178,0.153757252232,0.178445096874,1,0.3,10,1,3,1,20,0.0958748486323,0.0671123940426,0.0958748486323,0.0776551806969,0.0850094730503,0.0868907499416,0.0958748486323,0.0671123940426,0.0958748486323,0.0731881687781,0.086233645902,0.0732985990167
881,0.0291661166688,0.304903377378,0.13408318165,0.00209411323658,0.0127027133202,0.0866491036982,0.0354039690928,0.0435204234578,0.00522546123158,0.308116964978,0.0307827736987,0.00735180158864,1,0.3,10,1,3,1,20,0.10814740195,0.0757031813651,0.10814740195,0.0730694373468,0.095730424916,0.0836238678258,0.10814740195,0.0757031813651,0.10814740195,0.0511258061084,0.0607862125795,0.0516682806925
882,0.0620878425595,0.167161831393,0.0807197814071,0.154156076283,0.0559658336397,0.0923511166452,0.0396807211956,0.0830581090866,0.081646299505,0.168038396384,0.011440240146,0.00369375175472,1,0.3,10,1,3,1,20,0.0911805930731,0.0638264151512,0.0911805930731,0.0792004303526,0.093172833465,0.0775070260195,0.0911805930731,0.0638264151512,0.0911805930731,0.0811752400349,0.0954428473152,0.0811264202179
883,0.0341988251825,0.0161895967296,0.135561278864,0.0744233298787,0.0497503463903,0.0523950237801,0.100259101427,0.098211262989,0.0173255880528,0.0896528702396,0.272350840132,0.0596819363348,1,0.3,10,1,3,1,20,0.0825640497879,0.0577948348516,0.0825640497879,0.0823878572222,0.0875380094368,0.0781599915207,0.0825640497879,0.0577948348516,0.0825640497879,0.0965954847425,0.113228534175,0.0962442540484
884,0.332419148942,0.0788171502534,0.00414196421044,0.0351965164691,0.0245468384195,0.0813338496069,0.155731796572,0.0216220677621,0.0197363866163,0.0791672353564,0.0229974208781,0.144289624914,1,0.3,10,1,3,1,20,0.0881092030857,0.06167644216,0.0881092030857,0.0803316161028,0.091456859207,0.0774861083997,0.0881092030857,0.06167644216,0.0881092030857,0.0866610497386,0.101770091832,0.086504578057
885,0.119751194876,6.9859303589e-05,0.159401585641,0.0849277006447,0.0602181178304,0.00516045351635,0.145861792583,0.0252447357373,0.253423300287,0.0180815773458,0.0271110138632,0.100748668372,1,0.3,10,1,3,1,20,0.0830405776652,0.0581284043656,0.0830405776652,0.0821656134744,0.0905495729339,0.075782967496,0.0830405776652,0.0581284043656,0.0830405776652,0.0956432250627,0.112129460347,0.0953100412946
886,0.0588411647062,0.0796031601762,0.0187789862205,0.0086282944003,0.439850738087,0.102262535178,0.0758667959179,0.0173850140345,0.116258333692,0.0186531559956,0.0613985084871,0.00247331310535,1,0.3,10,1,3,1,20,0.0884779939674,0.0619345957772,0.0884779939674,0.0801689980511,0.0932366454299,0.076124144308,0.0884779939674,0.0619345957772,0.0884779939674,0.0859443782968,0.100943062968,0.0858016035226
887,0.0344142698347,0.0764217781338,0.0215166203937,0.0741686220269,0.295417020204,0.000251699766395,0.096535053246,0.0253292151947,0.266510128958,0.0615264519696,0.0105985324597,0.0373106078121,1,0.3,10,1,3,1,20,0.0872098254916,0.0610468778441,0.0872098254916,0.0807116658032,0.0880873846324,0.0799657405336,0.0872098254916,0.0610468778441,0.0872098254916,0.0883730432902,0.10374546383,0.0881836442558
888,0.181847212613,0.0365891025542,0.00568672000737,0.0727644507783,0.0488642883626,0.239798443269,0.0903064593581,0.159741215948,0.0772606329783,0.0391212642026,0.0179397213874,0.0300804885419,1,0.3,10,1,3,1,20,0.0802458244665,0.0561720771266,0.0802458244665,0.0832278724241,0.0870523197847,0.0774423514037,0.0802458244665,0.0561720771266,0.0802458244665,0.100706246639,0.117969598718,0.100274158911
889,0.128858477584,0.0733256939266,0.0798458484292,0.0718658632754,0.155966879343,0.00955602171563,0.00363958719255,0.164106502207,0.0786587796538,0.158338233467,0.0212145474514,0.0546235657537,1,0.3,10,1,3,1,20,0.0901238667284,0.0630867067099,0.0901238667284,0.0795995433212,0.0919995933451,0.078005175697,0.0901238667284,0.0630867067099,0.0901238667284,0.08308413021,0.0976446903208,0.0829979867727
890,0.0600942984042,0.143940594933,0.139509672986,0.00435031708675,0.187168781096,0.0396229099455,0.0108971758693,0.0907648553133,0.0530546406096,0.00665392804419,0.0408670783062,0.223075747407,1,0.3,10,1,3,1,20,0.0863360032977,0.0604352023084,0.0863360032977,0.081020125902,0.0883842907527,0.0792790815652,0.0863360032977,0.0604352023084,0.0863360032977,0.0899048551115,0.105512015601,0.0896852132605
891,0.0787031540562,0.0498643558638,0.18949244451,0.114624208073,0.0507554245354,0.0410501020336,0.234186982963,0.0164019673315,0.0856452700918,0.0469603394097,0.0392511287633,0.0530646223684,1,0.3,10,1,3,1,20,0.0892541657498,0.0624779160248,0.0892541657498,0.079815023857,0.0976709555121,0.072660752559,0.0892541657498,0.0624779160248,0.0892541657498,0.0844106801781,0.0991730231595,0.0842970696856
892,0.0519463902271,0.0707554411484,0.00614304883093,0.0456066081831,0.0593823016204,0.0356582087226,0.0966333661953,0.0422408966608,0.0358334855464,0.303915328425,0.0877476275854,0.164137296855,1,0.3,10,1,3,1,20,0.0854720368436,0.0598304257905,0.0854720368436,0.0812934929512,0.0905347457213,0.0769901904052,0.0854720368436,0.0598304257905,0.0854720368436,0.0913509848707,0.107179236268,0.091102350828
893,0.098855512108,0.375858440262,0.265436791668,0.0106988149806,0.0583170645708,0.0313785113904,0.042019014542,0.0313841059547,0.0029242436626,0.00504425736023,0.00208119026175,0.0760020532386,1,0.3,10,1,3,1,20,0.086064989152,0.0602454924064,0.086064989152,0.081121198437,0.0881589467731,0.079341334459,0.086064989152,0.0602454924064,0.086064989152,0.0903916369131,0.106073482161,0.0901624598365
894,0.0483215581003,0.1249058227,0.0219083838992,0.0637692685097,0.197403280849,0.082103801033,0.117275879661,0.050133294925,0.0941006330318,0.0438912677344,0.0343842263667,0.12180258319,1,0.3,10,1,3,1,20,0.0803461597229,0.056242311806,0.0803461597229,0.083077632604,0.0937624484019,0.0716737872268,0.0803461597229,0.056242311806,0.0803461597229,0.100281913213,0.117478354622,0.0998566014286
895,0.0357457106476,0.0511406944654,0.0366100115943,0.0705689116516,0.120195161878,0.173922438818,0.181327887958,0.14763803017,0.00711435332618,0.0846587703313,0.0446649406481,0.0464130885122,1,0.3,10,1,3,1,20,0.0893035790804,0.0625125053563,0.0893035790804,0.0798683684144,0.0934963461728,0.0763045163858,0.0893035790804,0.0625125053563,0.0893035790804,0.0844772254938,0.0992509278373,0.0843632886617
896,0.0242995113569,0.0484953769018,0.0992778408651,0.18195511193,0.0496675844174,0.097241528655,0.0939388069975,0.182253984937,0.0718909935387,0.00300022738278,0.0530448286133,0.0949342044041,1,0.3,10,1,3,1,20,0.0957167129781,0.0670016990847,0.0957167129781,0.0776670343127,0.0876457612745,0.0845273432607,0.0957167129781,0.0670016990847,0.0957167129781,0.0733702438663,0.0864429011914,0.0734764660127
897,0.00519775252036,0.0713791093919,0.0711412945922,0.0285970835544,0.0160478396358,0.0518872149173,0.0405178492179,0.0456545327931,0.0474282234638,0.290979887287,0.197314485924,0.133854726703,1,0.3,10,1,3,1,20,0.0903423620669,0.0632396534468,0.0903423620669,0.0795208227085,0.0920188351128,0.0780958206194,0.0903423620669,0.0632396534468,0.0903423620669,0.0826976637924,0.0971989743815,0.0826191282242
898,0.0555442850838,0.104191101779,0.0183265980636,0.0858741850671,0.00142578560632,0.0787463681429,0.142618272698,0.0247996136655,0.166185773063,0.0409316054978,0.0288986682685,0.252457743064,1,0.3,10,1,3,1,20,0.0823634919548,0.0576544443684,0.0823634919548,0.082352269071,0.0938548664015,0.0725846007913,0.0823634919548,0.0576544443684,0.0823634919548,0.0967168711174,0.11336677625,0.0963617598126
899,0.272062208242,0.0409012124297,0.0144084534728,0.0420145911286,0.0302551590253,0.00230538450283,0.103602340097,0.0414665219988,0.0988117989668,0.0625011876914,0.185789905679,0.105881236765,1,0.3,10,1,3,1,20,0.0823635147355,0.0576544603148,0.0823635147355,0.0824404516068,0.0886748415395,0.0770758238234,0.0823635147355,0.0576544603148,0.0823635147355,0.0969076541565,0.113588242866,0.0965500064362
900,0.0067475354972,0.0270942318075,0.0140961495383,0.0523589937199,0.212223942144,0.00805887488578,0.111086275025,0.0589699027091,0.37397594777,0.0466723831236,0.0193745869344,0.0693411768448,1,0.3,10,1,3,1,20,0.0862809341558,0.060396653909,0.0862809341558,0.0809906857907,0.0912740233498,0.0767465599758,0.0862809341558,0.060396653909,0.0862809341558,0.089895627898,0.105500572186,0.0896754863583
901,0.142909382673,0.00855712646137,0.051242079584,0.00433730901571,0.0243374567169,0.208710436071,0.0285476805002,0.0419581040886,0.121934669928,0.0659259850119,0.279317612464,0.0222221574851,1,0.3,10,1,3,1,20,0.0858654640233,0.0601058248163,0.0858654640233,0.0812300798391,0.0859683862828,0.0811425959185,0.0858654640233,0.0601058248163,0.0858654640233,0.0908245987416,0.106573423509,0.090587409983
902,0.0155517982134,0.325432477693,0.102900563771,0.0612081391414,0.0160697839827,0.0694641931752,0.0302491150248,0.0830133771965,0.0735435932539,0.0829042709488,0.0805097802429,0.0591529073558,1,0.3,10,1,3,1,20,0.0888570481419,0.0621999336993,0.0888570481419,0.0801062073923,0.0889366199689,0.0800385713393,0.0888570481419,0.0621999336993,0.0888570481419,0.0854335566873,0.100355126836,0.0853018578102
903,0.0923926864956,0.156089747458,0.00324058062368,0.00736868304819,0.286873587908,0.0149980425314,0.00642107267296,0.139834932905,0.116002830022,0.0153578932588,0.0566422329521,0.104777710125,1,0.3,10,1,3,1,20,0.0856655678131,0.0599658974691,0.0856655678131,0.0813376348788,0.0838635519663,0.0828693483485,0.0856655678131,0.0599658974691,0.0856655678131,0.0912550577157,0.107070454541,0.0910098863596
904,0.0906458098598,0.165315559328,0.144828810757,0.0903229496588,0.000478504651359,0.0407555474261,0.0833518871731,0.0230939066047,0.0539363933611,0.146335964272,0.0647492659038,0.0961854010041,1,0.3,10,1,3,1,20,0.0816891769148,0.0571824238403,0.0816891769148,0.0825348399365,0.0973416944684,0.0692302000158,0.0816891769148,0.0571824238403,0.0816891769148,0.097778938078,0.114590687655,0.0974020845067
905,0.115420024832,0.190213165505,0.0260974346716,0.0113751827961,0.111584805448,0.0589488139702,0.0585843303144,0.113394508313,0.0260341769014,0.178392481912,0.0824043511453,0.0275507241905,1,0.3,10,1,3,1,20,0.0922237025556,0.0645565917889,0.0922237025556,0.0788372591177,0.0925219372892,0.0785837595941,0.0922237025556,0.0645565917889,0.0922237025556,0.0793575887454,0.0933467359207,0.0793447255326
906,0.0162527902203,0.00545019214255,0.0955521781889,0.0162435233498,0.110745021271,0.0184979285071,0.0226598594981,0.0942296124701,0.372531015161,0.0862147424288,0.0139390538056,0.147684082957,1,0.3,10,1,3,1,20,0.0831866518624,0.0582306563037,0.0831866518624,0.0821764760736,0.0868331923745,0.0790769166384,0.0831866518624,0.0582306563037,0.0831866518624,0.0955222334559,0.111990952108,0.0951923092922
907,0.0148892888214,0.0431069569702,0.112423320259,0.14180283542,0.0397995516937,0.129946953532,0.173126286518,0.0497821161927,0.0600820756583,0.102159093364,0.00464954512515,0.128231976447,1,0.3,10,1,3,1,20,0.090532561326,0.0633727929282,0.090532561326,0.0794528492862,0.0920031309472,0.0782028651082,0.090532561326,0.0633727929282,0.090532561326,0.0823624419776,0.0968123683894,0.082290513131
908,0.065921279765,0.0627155145675,0.0605670799157,0.0122730723543,0.128167707602,0.118818703179,0.124038226956,0.0404981606312,0.0645622272989,0.00773920138368,0.109425245494,0.205273580852,1,0.3,10,1,3,1,20,0.0884203897032,0.0618942727922,0.0884203897032,0.0803308164121,0.0849459251544,0.0832841112786,0.0884203897032,0.0618942727922,0.0884203897032,0.0863514956555,0.101414890326,0.0862026567767
909,0.145777576801,0.337270176671,0.0734002004509,0.0604457149776,0.0227704944495,0.0604571552109,0.0736267806112,0.0400748291847,0.0510541483438,0.00214466022728,0.0775930618036,0.0553852012682,1,0.3,10,1,3,1,20,0.105206325837,0.0736444280858,0.105206325837,0.0739876632394,0.103776777382,0.0752027794261,0.105206325837,0.0736444280858,0.105206325837,0.0560219168198,0.0664306506021,0.0564660530118
910,0.0326052824511,0.182930612779,0.109036758675,0.0693797649845,0.0319980877392,0.144628840119,0.0776775488576,0.0599755180844,0.00372276149206,0.0755958255316,0.0253450883251,0.18710391096,1,0.3,10,1,3,1,20,0.0870819251628,0.0609573476139,0.0870819251628,0.0806181123793,0.0962777517135,0.0728016598111,0.0870819251628,0.0609573476139,0.0870819251628,0.0882971345807,0.10365564629,0.0881072993465
911,0.116374060679,0.056234813384,0.0193202609953,0.110360384187,0.0251925764725,0.0589557978899,0.073678510566,0.228844472454,0.0609390324285,0.0727564649643,0.0108767517344,0.166466874245,1,0.3,10,1,3,1,20,0.0874063051536,0.0611844136075,0.0874063051536,0.0805512044459,0.0933717575151,0.0754805699386,0.0874063051536,0.0611844136075,0.0874063051536,0.0878314875313,0.103119423103,0.0876515096372
912,0.0594999418029,0.0476323771,0.0541909212697,0.029156185542,0.00592431319091,0.0186011938646,0.00873515288064,0.090307619305,0.187555110899,0.333967933549,0.118533654303,0.045895596293,1,0.3,10,1,3,1,20,0.085917708054,0.0601423956378,0.085917708054,0.0810980426329,0.092622822795,0.0753986951031,0.085917708054,0.0601423956378,0.085917708054,0.0904872228708,0.10618248276,0.0902551103462
913,0.0330566086569,0.0289216205568,0.211097294784,0.105165367587,0.000188417510379,0.150068898055,0.0613062928262,0.015348345765,0.107913044871,0.105780112558,0.118044085629,0.0631099111998,1,0.3,10,1,3,1,20,0.0948308532897,0.0663815973028,0.0948308532897,0.0778068003745,0.0981048628099,0.0750238922823,0.0948308532897,0.0663815973028,0.0948308532897,0.0745489502051,0.0877993981427,0.0746294884213
914,0.0109506416199,0.124950911356,0.0194739922543,0.0635048315118,0.0775485247247,0.021043480992,0.0804319548442,0.16142806461,0.150883166575,0.134578442874,0.1508466737,0.00435931493851,1,0.3,10,1,3,1,20,0.086919730496,0.0608438113472,0.086919730496,0.0806775558856,0.0962043093374,0.0727856638704,0.086919730496,0.0608438113472,0.086919730496,0.088586197773,0.103989042408,0.088390686047
915,0.0985611980173,0.0550037226482,0.151194030026,0.169012976768,0.00382784486752,0.0220489409788,0.129873538074,0.169140625792,0.0332583107774,0.0661785457555,0.0961367792552,0.00576348704001,1,0.3,10,1,3,1,20,0.0944778750946,0.0661345125663,0.0944778750946,0.0779358447413,0.0979638471766,0.0749727684717,0.0944778750946,0.0661345125663,0.0944778750946,0.0751773345481,0.0885241511088,0.0752455284425
916,0.070430860002,0.0025999606829,0.0372090854832,0.0259256897944,0.0298312853669,0.128107029165,0.151358856571,0.065966221707,0.0554664205973,0.140774938745,0.252986983101,0.0393426687836,1,0.3,10,1,3,1,20,0.0875094509492,0.0612566156644,0.0875094509492,0.0805053310994,0.0938925224823,0.0750797202963,0.0875094509492,0.0612566156644,0.0875094509492,0.0876301976198,0.102887131555,0.0874540618217
917,0.0246731579747,0.00698075667008,0.223196819772,0.0349676697179,0.199956047373,0.0850274837496,0.0424135924418,0.0373989256048,0.148465475374,0.117353768499,0.0403012646651,0.0392650381581,1,0.3,10,1,3,1,20,0.0934047945768,0.0653833562037,0.0934047945768,0.0784531289952,0.0901942699147,0.0811820749579,0.0934047945768,0.0653833562037,0.0934047945768,0.0773580961015,0.0910413726034,0.0773851667129
918,0.148503209051,0.0754982838745,0.198246976475,0.0341007080015,0.00928344056198,0.0236301104476,0.0443313987136,0.00479582986889,0.178812432447,0.0102473460928,0.0788529336862,0.19369733078,1,0.3,10,1,3,1,20,0.0878590938556,0.0615013656989,0.0878590938556,0.080350257007,0.0956327238523,0.0737426715097,0.0878590938556,0.0615013656989,0.0878590938556,0.0869487905228,0.10210078394,0.0867856663486
919,0.00281460376555,0.144220213048,0.0584797853149,0.0281103143419,0.107726776128,0.128564273652,0.0424127474804,0.13223401497,0.111925112793,0.144998549167,0.00838035754646,0.090133251792,1,0.3,10,1,3,1,20,0.0953095006878,0.0667166504815,0.0953095006878,0.0777489809648,0.0914140286591,0.0810601321891,0.0953095006878,0.0667166504815,0.0953095006878,0.0739503682111,0.0871109114928,0.0740442747689
920,0.132727957056,0.0925541110727,0.151109436133,0.0179665029724,0.109678000741,0.0185179622896,0.0624013637076,0.0904055002271,0.19280641812,0.0167654540167,0.0898591142548,0.0252081794088,1,0.3,10,1,3,1,20,0.0861691847468,0.0603184293227,0.0861691847468,0.0809223031845,0.0976455791523,0.0711673679398,0.0861691847468,0.0603184293227,0.0861691847468,0.0898582063367,0.105455646354,0.0896372994005
921,0.038367337891,0.127041673016,0.0496045648683,0.0641044617926,0.0337226775835,0.0637749863075,0.0207892270322,0.0566616562316,0.0212911753894,0.0457125927691,0.0506371352649,0.428292511854,1,0.3,10,1,3,1,20,0.0923262246913,0.0646283572839,0.0923262246913,0.0786929663861,0.0988366679748,0.0731590895952,0.0923262246913,0.0646283572839,0.0923262246913,0.0789439601269,0.0928679473426,0.0789377552412
922,0.238983886056,0.00092225569558,0.119275182653,0.00416165526372,0.129647840704,0.0782654039568,0.0324789649707,0.210652402418,0.0584718504899,0.0385986297067,0.0393294039545,0.0492125241313,1,0.3,10,1,3,1,20,0.0891776412008,0.0624243488406,0.0891776412008,0.0798911072184,0.0948147435489,0.0750995702225,0.0891776412008,0.0624243488406,0.0891776412008,0.0846510036575,0.0994509799289,0.0845333329395
923,0.0212154113258,0.0510744456331,0.0469930760034,0.0250086308153,0.118186501682,0.0464258279062,0.163782329832,0.144066004399,0.0402811838236,0.275378655223,0.0369181411171,0.0306697922395,1,0.3,10,1,3,1,20,0.0866605553143,0.06066238872,0.0866605553143,0.0808886203428,0.0892689180144,0.0786715120477,0.0866605553143,0.06066238872,0.0866605553143,0.0892992643342,0.104813344088,0.0890913424751
924,0.236857054797,0.462964748094,0.00171849869566,0.0201319445484,0.0216760621698,0.0480065911858,0.00987899404893,0.0221751129586,0.0200274596212,0.00610094178154,0.0977310740093,0.05273151809,1,0.3,10,1,3,1,20,0.0956174160831,0.0669321912582,0.0956174160831,0.0776311550751,0.091845756193,0.0808370659818,0.0956174160831,0.0669321912582,0.0956174160831,0.0733908337498,0.0864654822441,0.0734956599075
925,0.12513598139,0.037746106012,0.0704344837596,0.00858331355577,0.125749110349,0.0412169774436,0.0188056950407,0.163371925635,0.0109867209701,0.108689708043,0.207038066853,0.0822419109484,1,0.3,10,1,3,1,20,0.0928420287681,0.0649894201376,0.0928420287681,0.0786558741457,0.090145354913,0.0809480469225,0.0928420287681,0.0649894201376,0.0928420287681,0.0783534715484,0.0921893497962,0.0783609473267
926,0.0382330316371,0.0916804347605,0.0161745181372,0.106072428516,0.0755193529936,0.0269229516673,0.0230595679521,0.0103419519412,0.276910090861,0.0806592534392,0.00770972969509,0.2467166884,1,0.3,10,1,3,1,20,0.0862110132189,0.0603477092533,0.0862110132189,0.081011990026,0.0914961888932,0.0765195907028,0.0862110132189,0.0603477092533,0.0862110132189,0.0900108904136,0.105633442477,0.0897884261053
927,0.242574642195,0.130673016705,0.00386621969598,0.160997210448,0.00382311365981,0.0965952624773,0.0522236481447,0.178772350543,0.0159980386759,0.00653924404086,0.0167994542846,0.0911377991297,1,0.3,10,1,3,1,20,0.0932967808728,0.065307746611,0.0932967808728,0.0785245061499,0.0882780829071,0.0827903994207,0.0932967808728,0.065307746611,0.0932967808728,0.0776193853576,0.0913432483521,0.0776417610993
928,0.0699646417479,0.0223489560341,0.00100651829431,0.0629191936791,0.0932231581536,0.0693905180743,0.163059244196,0.0875368509528,0.190610558804,0.000141533923186,0.153633853607,0.0861649725346,1,0.3,10,1,3,1,20,0.0870166086616,0.0609116260631,0.0870166086616,0.080701446273,0.0927594710303,0.0758200132596,0.0870166086616,0.0609116260631,0.0870166086616,0.0885420595228,0.10393909359,0.0883482295516
929,0.0348792281603,0.0291854425192,0.0608693490375,0.0600928325449,0.063879212044,0.00727673142471,0.1436239309,0.00261649328174,0.185336816177,0.0648653942725,0.0759212208463,0.271453348792,1,0.3,10,1,3,1,20,0.0797062621067,0.0557943834747,0.0797062621067,0.0833033561946,0.0939893227208,0.0711627546725,0.0797062621067,0.0557943834747,0.0797062621067,0.101403306694,0.118771591536,0.100955852806
930,0.0257969401606,0.0702955306407,0.0268361244237,0.0166643617347,0.154257303822,0.177988148476,0.0780727798592,0.24110119411,0.00190483658824,0.0596075553262,0.0626855519791,0.0847896728793,1,0.3,10,1,3,1,20,0.0904501269454,0.0633150888618,0.0904501269454,0.0794973292816,0.0911277371328,0.0789213606224,0.0904501269454,0.0633150888618,0.0904501269454,0.082540229421,0.0970176529931,0.0824650050441
931,0.0364647259466,0.0987202987283,0.0861458200193,0.0477161678837,0.0483264692139,0.0382347276011,0.116936405477,0.213911074443,0.0156451287966,0.190619974268,0.0623405204462,0.0449386871759,1,0.3,10,1,3,1,20,0.0887381427472,0.062116699923,0.0887381427472,0.0801352404615,0.0897371117881,0.0792861167767,0.0887381427472,0.062116699923,0.0887381427472,0.0856139976233,0.100563006765,0.0854785557504
932,0.00738264451144,0.153309171343,0.0544156735489,0.00345112913975,0.111670952031,0.0119221547327,0.412731243169,0.00944484853181,0.0220884885295,0.132919333523,0.0574840995584,0.0231802613829,1,0.3,10,1,3,1,20,0.0890172676311,0.0623120873418,0.0890172676311,0.0799854095825,0.092655431864,0.0768929699845,0.0890172676311,0.0623120873418,0.0890172676311,0.0850136915278,0.0998698658559,0.0848893859775
933,0.0733195271187,0.121488589299,0.053550470215,0.000576087392496,0.0030871039331,0.162071611261,0.0382511423608,0.18044918383,0.118452274875,0.0888080857898,0.00151460076613,0.158431323159,1,0.3,10,1,3,1,20,0.083210356317,0.0582472494219,0.083210356317,0.0821323203618,0.0889272054786,0.0772729985744,0.083210356317,0.0582472494219,0.083210356317,0.0954032429382,0.111853139749,0.0950751687864
934,0.0912336848559,0.090796933623,0.00528209874422,0.012491147568,0.189948276251,0.00186794023168,0.305959625448,0.0249945914213,0.0376614518579,0.109532384483,0.122938359967,0.00729350554839,1,0.3,10,1,3,1,20,0.0980711432516,0.0686498002761,0.0980711432516,0.076658405241,0.0972722827203,0.0773374366926,0.0980711432516,0.0686498002761,0.0980711432516,0.0688588288396,0.0812372286206,0.0690516443275
935,0.0677614482926,0.0559261588337,0.0388140061856,0.0137896696953,0.000744132831658,0.0252494752638,0.155573683304,0.157343250979,0.0905958369694,0.0313796115354,0.0783970384612,0.284425687649,1,0.3,10,1,3,1,20,0.0884350059071,0.061904504135,0.0884350059071,0.0801947955138,0.0926273141049,0.0766313335457,0.0884350059071,0.061904504135,0.0884350059071,0.0860427212408,0.101056650647,0.0858981530496
936,0.0190391141275,0.0166608262808,0.0204058379788,0.285437098731,0.221757602795,0.13132913989,0.0427417398419,0.112477083793,0.0285528236138,0.0757646500112,0.00322917432501,0.0426049086125,1,0.3,10,1,3,1,20,0.0922422992144,0.0645696094501,0.0922422992144,0.0788583295056,0.0908924302536,0.0800057181223,0.0922422992144,0.0645696094501,0.0922422992144,0.0793847842513,0.0933785524915,0.0793717696178
937,0.167137857524,0.0858994377395,0.110956239001,0.163994884274,0.025069860064,0.0380043259879,0.141771759569,0.121039926232,0.0339448148847,0.0523094920579,0.0438667898188,0.0160046128474,1,0.3,10,1,3,1,20,0.0831774186273,0.0582241930391,0.0831774186273,0.0821198239601,0.0903553264465,0.0760186023138,0.0831774186273,0.0582241930391,0.0831774186273,0.0954087855075,0.111859135776,0.0950802654093
938,0.165927546278,0.150388236554,0.0119642645522,0.24248118124,0.017967278011,0.141734425294,0.0729051995401,0.0199229547183,0.0214184958111,0.0176154191706,0.116068194107,0.0216068047245,1,0.3,10,1,3,1,20,0.0831041576663,0.0581729103664,0.0831041576663,0.0821780567447,0.088478820751,0.0776095931227,0.0831041576663,0.0581729103664,0.0831041576663,0.0956072563579,0.11208855223,0.0952752693956
939,0.0386129306499,0.0770785548887,0.0433392210654,0.306804452776,0.0064875760344,0.114345716712,0.115378245716,0.0358897603522,0.108474288411,0.0729129897272,0.00640573438649,0.0742705292802,1,0.3,10,1,3,1,20,0.0891998662019,0.0624399063414,0.0891998662019,0.0800273484745,0.0863440248895,0.0824548135901,0.0891998662019,0.0624399063414,0.0891998662019,0.0849238117961,0.0997679587888,0.0848027649705
940,0.102957300288,0.161697571774,0.0114405555061,0.125496546828,0.0761180736772,0.044289223992,0.0354231609893,0.0971083099369,0.109517869325,0.0708541567886,0.0646345778275,0.100462653068,1,0.3,10,1,3,1,20,0.0788469876073,0.0551928913251,0.0788469876073,0.083712800786,0.0880481641096,0.075891800759,0.0788469876073,0.0551928913251,0.0788469876073,0.103139233929,0.120775279642,0.102658987696
941,0.0656351911418,0.178005575741,0.0507030453321,0.166780674458,0.243998586409,0.000469784401055,0.0545270124825,0.0921264922221,0.0487581098439,0.0584464124798,0.0264163602237,0.0141327552656,1,0.3,10,1,3,1,20,0.0821452709276,0.0575016896493,0.0821452709276,0.0826109526705,0.0832594248627,0.0816639218257,0.0821452709276,0.0575016896493,0.0821452709276,0.0974924623489,0.114264202856,0.0971245724274
942,0.154709014012,0.227549731044,0.0315323050847,0.0675545922169,0.0624337614387,0.017481421825,0.139273083722,0.0642901391307,0.0288837235534,0.0918548441319,0.0408645977176,0.0735727861231,1,0.3,10,1,3,1,20,0.0949403321028,0.066458232472,0.0949403321028,0.0778654159323,0.0923548407328,0.0800630835968,0.0949403321028,0.066458232472,0.0949403321028,0.0745674843059,0.0878223686904,0.0746490133868
943,0.0391460541845,0.117389598051,0.115479333614,0.0358465407594,0.0906173593659,0.0376475656624,0.041057806793,0.268450306938,0.0172645849994,0.0405344610908,0.05032854659,0.146237841952,1,0.3,10,1,3,1,20,0.101606223479,0.0711243564353,0.101606223479,0.0752894335252,0.103183256589,0.0739489553819,0.101606223479,0.0711243564353,0.101606223479,0.0623998287805,0.0737864426689,0.0627184762686
944,0.13333417925,0.228530101433,0.086369047634,0.0219986551895,0.150870229588,0.0249181695687,0.0135031180789,0.0255820049498,0.0280243326117,0.156244804767,0.128581742785,0.0020436141437,1,0.3,10,1,3,1,20,0.0861813650302,0.0603269555212,0.0861813650302,0.0811233689664,0.0855789674896,0.0816354068759,0.0861813650302,0.0603269555212,0.0861813650302,0.090281215161,0.105946848835,0.0900548215093
945,0.136641683781,0.105536903303,0.013112697483,0.116408844438,0.00226930790959,0.0254511180971,0.0687730914359,0.35840749002,0.0751954789967,0.00543949429959,0.00410258646408,0.0886613037726,1,0.3,10,1,3,1,20,0.083368467628,0.0583579273396,0.083368467628,0.0819175643872,0.0982092305865,0.0693029158726,0.083368467628,0.0583579273396,0.083368467628,0.0947821605441,0.111134272118,0.0944641313002
946,0.14917741337,0.149926706258,0.0661827403184,0.00391089215586,0.250700905648,0.0721699133731,0.000361037631899,0.222135099667,0.0337216978063,0.00809464076823,0.0393214885602,0.00429746444271,1,0.3,10,1,3,1,20,0.0859950668704,0.0601965468093,0.0859950668704,0.0810634194498,0.093026222456,0.0750869372021,0.0859950668704,0.0601965468093,0.0859950668704,0.090335783888,0.106007716705,0.0901065591991
947,0.111548005021,0.0562364032737,0.0756083792217,0.100711133901,0.189098874945,0.0955328863007,0.0353459434447,0.0297728908963,0.0575015707462,0.0608467801385,0.156009777594,0.0317873545175,1,0.3,10,1,3,1,20,0.0844756465339,0.0591329525737,0.0844756465339,0.0816924372602,0.0880998985614,0.0786118230368,0.0844756465339,0.0591329525737,0.0844756465339,0.0931998261,0.109312175005,0.092915348754
948,0.000454300448242,0.0432133364143,0.237836761059,0.0202895947959,0.084560840299,0.108694460488,0.170052635757,0.0400745084829,0.0806555895688,0.186428721221,0.0155735631141,0.0121656883508,1,0.3,10,1,3,1,20,0.082159204498,0.0575114431486,0.082159204498,0.0824363951766,0.0932187092137,0.0730358161682,0.082159204498,0.0575114431486,0.082159204498,0.0971009793649,0.113809943669,0.0967384521185
949,0.24758547015,0.106567066812,0.0256300820896,0.0183083010942,0.0218887812319,0.201801281199,0.0575823864329,0.020050177571,0.221422751351,0.0292769335671,0.00427870002572,0.0456080684761,1,0.3,10,1,3,1,20,0.0856551669975,0.0599586168982,0.0856551669975,0.0812297077132,0.0904220151159,0.0771778868126,0.0856551669975,0.0599586168982,0.0856551669975,0.0910318179808,0.106811173293,0.0907894972986
950,0.187638728662,0.0413402667961,0.0991896791729,0.0134474512242,0.307721822833,0.0314559599976,0.0473929645018,0.0590785994961,0.0325898974624,0.0541798325379,0.119673996063,0.00629080125311,1,0.3,10,1,3,1,20,0.0957839449893,0.0670487614925,0.0957839449893,0.0774877620631,0.0967587702574,0.0766591605853,0.0957839449893,0.0670487614925,0.0957839449893,0.0729158368312,0.0859163066599,0.0730288606609
951,0.0864231053175,0.063736692769,0.055597436115,0.0427037522553,0.0531838845159,0.0392190161006,0.059122498999,0.250029076611,0.0324457177546,0.048440916595,0.130776695918,0.13832120705,1,0.3,10,1,3,1,20,0.087527581303,0.0612693069121,0.087527581303,0.0804935559223,0.0942020800279,0.0748202320061,0.087527581303,0.0612693069121,0.087527581303,0.0875867845724,0.102836977533,0.0874114309028
952,0.0400970208703,0.195023764223,0.195968996624,0.0299510402612,0.0722717966395,0.068252149291,0.126297923901,0.00252411648523,0.0594727498343,0.0470016078918,0.12462312662,0.0385157073578,1,0.3,10,1,3,1,20,0.0844174691167,0.0590922283817,0.0844174691167,0.0817346633956,0.0868457008744,0.0796706664016,0.0844174691167,0.0590922283817,0.0844174691167,0.0933487419102,0.109484267129,0.0930616270593
953,0.0470690122524,0.192926122489,0.0188572844248,0.0499965811775,0.0985822300426,0.0594575311973,0.158047056044,0.0838787348601,0.0223296404447,0.00653975334945,0.0215548134252,0.240761240293,1,0.3,10,1,3,1,20,0.0844210573151,0.0590947401206,0.0844210573151,0.0816827873687,0.0898171065458,0.0770961455226,0.0844210573151,0.0590947401206,0.0844210573151,0.0932329453751,0.109349894966,0.0929474107208
954,0.00435264510312,0.0370015430468,0.0183719955804,0.0133063106609,0.201678014515,0.0921227997357,0.135881878615,0.0643910592313,0.202589574414,0.0684516861947,0.0531245892536,0.10872790365,1,0.3,10,1,3,1,20,0.0835458701245,0.0584821090872,0.0835458701245,0.0820443617176,0.0870230264823,0.0790887788136,0.0835458701245,0.0584821090872,0.0835458701245,0.0948810337692,0.1112514057,0.0945636948449
955,0.00285871902427,0.0828191501828,0.0682415923452,0.0332221959202,0.24448094638,0.0071235085543,0.0886579914426,0.291926957832,0.104044018538,0.0351211998111,0.0358849673047,0.00561875266446,1,0.3,10,1,3,1,20,0.10038257214,0.070267800498,0.10038257214,0.075770639512,0.10070590443,0.0754958070652,0.10038257214,0.070267800498,0.10038257214,0.0646514693951,0.076383940563,0.0649263494785
956,0.0190473452386,0.061850101388,0.243088404097,0.104213539531,0.0852928928693,0.00110476636721,0.0655441020715,0.21158968651,0.02008710132,0.117084546321,0.0364704713482,0.0346270429379,1,0.3,10,1,3,1,20,0.0854301070216,0.0598010749151,0.0854301070216,0.0813436984744,0.0884694660594,0.0787602432922,0.0854301070216,0.0598010749151,0.0854301070216,0.0915010941227,0.107352929803,0.0912499903322
957,0.0105267304362,0.0783363962881,0.100335712972,0.187850755511,0.0551344607134,0.0729002033053,0.0448435744147,0.0433148862849,0.0704039650266,0.113472776173,0.160166271505,0.0627142673701,1,0.3,10,1,3,1,20,0.0857633927341,0.0600343749138,0.0857633927341,0.0812821470682,0.0850611695293,0.0818790367923,0.0857633927341,0.0600343749138,0.0857633927341,0.091038227815,0.10682005299,0.0907970450414
958,0.199508852846,0.165193769529,0.113224618849,0.069074449347,0.0216959894087,0.0491517139195,0.196197789738,0.0531946379962,0.0578740366293,0.0209050373361,0.0274996307928,0.0264794736096,1,0.3,10,1,3,1,20,0.0938185912753,0.0656730138927,0.0938185912753,0.0783213805939,0.0892124304013,0.0822366173368,0.0938185912753,0.0656730138927,0.0938185912753,0.076663699623,0.0902407995451,0.0767046796133
959,0.210094744515,0.318272555364,0.0125534625401,0.0984448451891,0.00530360464352,0.0129429789979,0.0232366815423,0.00873473522877,0.0155953119863,0.0958360512851,0.0721748377652,0.126810190943,1,0.3,10,1,3,1,20,0.0936205089547,0.0655343562683,0.0936205089547,0.0782829529112,0.0956439032469,0.0765630677629,0.0936205089547,0.0655343562683,0.0936205089547,0.0767764931815,0.0903690997525,0.0768137347896
960,0.125710258111,0.136249894734,0.00203738904244,0.0260259654788,0.0480976747942,0.0757391935404,0.197893305215,0.0152681484099,0.0154985708461,0.251660283598,0.0513235569749,0.0544957592551,1,0.3,10,1,3,1,20,0.0877613228985,0.061432926029,0.0877613228985,0.0804449658328,0.0921302588813,0.0767313702474,0.0877613228985,0.061432926029,0.0877613228985,0.0872504317866,0.102449637622,0.0870821919783
961,0.207667276512,0.0342185352033,0.0682092580617,0.0757150426895,0.0319717406619,0.0248777144122,0.11942970161,0.0024665130401,0.134891266512,0.170206861986,0.0202287866051,0.110117302708,1,0.3,10,1,3,1,20,0.0967414906336,0.0677190434435,0.0967414906336,0.0771172607647,0.0983415781842,0.0757571863467,0.0967414906336,0.0677190434435,0.0967414906336,0.0711669642496,0.0838988978558,0.0713140631774
962,0.0679166354204,0.233531455982,0.0334370721001,0.06123189513,0.0510044561384,0.13894143318,0.194124591454,0.0895538118607,0.00506779641133,0.0581849774612,0.021202471994,0.0458034028686,1,0.3,10,1,3,1,20,0.0859206398096,0.0601444478667,0.0859206398096,0.0811224157994,0.091129441763,0.076694934139,0.0859206398096,0.0601444478667,0.0859206398096,0.0905370604055,0.106240374552,0.0903043183693
963,0.0308756750365,0.0633812359434,0.232286942284,0.0766864092135,0.010363553667,0.0825834676607,0.0351777174165,0.0943251752593,0.202895496744,0.00272003082741,0.0668320008925,0.101872295056,1,0.3,10,1,3,1,20,0.09027993454,0.063195954178,0.09027993454,0.0795607214062,0.0909909095105,0.0789563926813,0.09027993454,0.063195954178,0.09027993454,0.0828457477738,0.0973700443851,0.0827645377273
964,0.178580493336,0.0756062358733,0.181844876161,0.0102225712196,0.0339142703915,0.0447758843275,0.0517060006144,0.118188065575,0.0295750545839,0.0902076132844,0.166181037345,0.0191978972892,1,0.3,10,1,3,1,20,0.0933420495802,0.0653394347062,0.0933420495802,0.0783322941218,0.0986139825708,0.0738511510798,0.0933420495802,0.0653394347062,0.0933420495802,0.0771587057423,0.0908090804065,0.0771877183456
965,0.0519150945277,0.00134310076111,0.146647513393,0.275857500089,0.0792418615448,0.00425682268866,0.189326014655,0.0625720134944,0.124029367548,0.00260881175732,0.0394161371181,0.0227857624226,1,0.3,10,1,3,1,20,0.103613601236,0.0725295208653,0.103613601236,0.0746207220379,0.100157903738,0.0775580649114,0.103613601236,0.0725295208653,0.103613601236,0.0589672148417,0.0698284582678,0.0593541895277
966,0.10379037254,0.104822796539,0.0540399332648,0.0162049640839,0.10991564652,0.0260186127606,0.143417012378,0.0458185163673,0.0340991306336,0.189462237419,0.0490645133701,0.123346264123,1,0.3,10,1,3,1,20,0.0914758517138,0.0640330961996,0.0914758517138,0.079161253779,0.0892516921566,0.0810517894025,0.0914758517138,0.0640330961996,0.0914758517138,0.0807984035546,0.0950093307313,0.0807579311216
967,0.0267094508375,0.0720714398692,0.0305963245738,0.282299362872,0.0272741662566,0.155908943145,0.0755841711384,0.0527507769396,0.0869058962543,0.0649964567467,0.101161080279,0.0237419310876,1,0.3,10,1,3,1,20,0.0826876967398,0.0578813877179,0.0826876967398,0.0823610226404,0.0865084629401,0.0791133713702,0.0826876967398,0.0578813877179,0.0826876967398,0.0964151104819,0.113020794688,0.0960676754847
968,0.201023088286,0.0710353792732,0.190401318193,0.0690853999046,0.0403052676022,0.108565997603,0.0310126892672,0.0172965438513,0.0207161077358,0.0144646834977,0.170149766141,0.0659437586444,1,0.3,10,1,3,1,20,0.0839458670225,0.0587621069157,0.0839458670225,0.0818435068504,0.0903910828886,0.0763650733642,0.0839458670225,0.0587621069157,0.0839458670225,0.0940507583675,0.110292917085,0.0937489795225
969,0.0803479971589,0.149887333243,0.00798493345646,0.175784014305,0.0806451049633,0.187385278173,0.0159059696268,0.00631251616506,0.0820738403852,0.031983376797,0.0278600723814,0.153829563345,1,0.3,10,1,3,1,20,0.0935203209301,0.0654642246511,0.0935203209301,0.0784121820684,0.0901647673813,0.0812644025848,0.0935203209301,0.0654642246511,0.0935203209301,0.0771552189989,0.090807403213,0.077186292731
970,0.00801602651848,0.0667209983425,0.223989360072,0.270523298438,0.0441322911307,0.0131501984158,0.149057711119,0.0854956369921,0.0333242364786,0.0318190710202,0.073108952698,0.000662218774588,1,0.3,10,1,3,1,20,0.086835819274,0.0607850734918,0.086835819274,0.080751575416,0.0936249856124,0.0749807840283,0.086835819274,0.0607850734918,0.086835819274,0.0888293624719,0.104270199131,0.0886296692613
971,0.164745420137,0.0472052917524,0.0473219332933,0.139870359486,0.0919035632391,0.0835436706568,0.106865781476,0.044393482102,0.10356301143,0.00804994436945,0.118239455393,0.044298086665,1,0.3,10,1,3,1,20,0.102356930439,0.071649851307,0.102356930439,0.0752407978648,0.0902196531257,0.0855574835808,0.102356930439,0.071649851307,0.102356930439,0.0615519986665,0.0728122391317,0.061890403262
972,0.109367812382,0.182330742532,0.0164432581336,0.0315866828013,0.138795753443,0.0425133932509,0.0101401467671,0.116340645349,0.219414908373,0.040529306989,0.057400171918,0.0351371780611,1,0.3,10,1,3,1,20,0.091271261377,0.0638898829639,0.091271261377,0.079282722761,0.0864285231848,0.0833990502244,0.091271261377,0.0638898829639,0.091271261377,0.0812636123169,0.0955466378796,0.0812146421977
973,0.022704218713,0.243433934732,0.00877310843229,0.103102603917,0.00750328893978,0.0228936532603,0.154048048558,0.202390607934,0.0935850527588,0.0133665198521,0.051550400992,0.0766485619095,1,0.3,10,1,3,1,20,0.0915697239862,0.0640988067903,0.0915697239862,0.0791230506361,0.0895173642191,0.0808675564381,0.0915697239862,0.0640988067903,0.0915697239862,0.0806228834072,0.0948068301482,0.080585805626
974,0.0655803169999,0.278149819756,0.0254558883988,0.0584716866664,0.14937992442,0.123201598617,0.0391859188092,0.00332492518758,0.0182123014639,0.0474783506245,0.0498871383854,0.141672130671,1,0.3,10,1,3,1,20,0.0812695936333,0.0568887155433,0.0812695936333,0.0827288996689,0.0947855221928,0.0712403603933,0.0812695936333,0.0568887155433,0.0812695936333,0.098613885181,0.115554338889,0.0982211880555
975,0.102939826529,0.0257329256578,0.0307257496974,0.0406738329304,0.219835117609,0.124547160377,0.305759751099,0.0527369264613,0.0187055072179,0.0541372136867,0.013109201983,0.0110967867512,1,0.3,10,1,3,1,20,0.0889194537557,0.062243617629,0.0889194537557,0.0800740857464,0.0895082095677,0.0795736433062,0.0889194537557,0.062243617629,0.0889194537557,0.0853023220321,0.100203615712,0.0851730733552
976,0.160336298301,0.0387823282753,0.0869581143407,0.0391930312426,0.0784673666051,0.194346656388,0.142197362131,0.0321416743227,0.00252974551467,0.031553283679,0.105117449346,0.0883766898541,1,0.3,10,1,3,1,20,0.0795227215339,0.0556659050737,0.0795227215339,0.0835280447715,0.0846597829068,0.0791615426046,0.0795227215339,0.0556659050737,0.0795227215339,0.102071035283,0.119544269271,0.10161262888
977,0.0255904517239,0.0591298564244,0.00395133773294,0.123937926003,0.147633952068,0.0372083494742,0.185367669812,0.0789149743204,0.0495325026665,0.130346072619,0.0659527144378,0.0924341927183,1,0.3,10,1,3,1,20,0.0883900076793,0.0618730053755,0.0883900076793,0.0802322063278,0.0913782156853,0.0776922295227,0.0883900076793,0.0618730053755,0.0883900076793,0.0861681810989,0.101201689674,0.0860214362229
978,0.141967459014,0.0192336738309,0.0296812311718,0.106234794225,0.195821003847,0.0657001225006,0.0750540056735,0.0126207804914,0.0889486941925,0.0623401385184,0.123450549931,0.0789475466031,1,0.3,10,1,3,1,20,0.0926416724736,0.0648491707315,0.0926416724736,0.0786952211561,0.0920565259816,0.0791925956743,0.0926416724736,0.0648491707315,0.0926416724736,0.0786368000383,0.0925155815094,0.078638244283
979,0.0244387549036,0.0172467532491,0.076906967929,0.0894536649523,0.0747795518227,0.0214808753394,0.271462253804,0.0453862322423,0.229068367722,0.0512548505533,0.0551350731708,0.0433866543113,1,0.3,10,1,3,1,20,0.0925786148369,0.0648050303858,0.0925786148369,0.0787556430725,0.0898364145739,0.0810865132961,0.0925786148369,0.0648050303858,0.0925786148369,0.0788299145769,0.0927389158712,0.0788280784905
980,0.200946971521,0.118801960912,0.00529341120343,0.0303277947882,0.116107160366,0.0559712305909,0.0423916905396,0.160721463216,0.0894040589689,0.0158334646108,0.109198818073,0.0550019752114,1,0.3,10,1,3,1,20,0.0911591883824,0.0638114318677,0.0911591883824,0.079138806992,0.0972434614546,0.0739671748806,0.0911591883824,0.0638114318677,0.0911591883824,0.0810630754397,0.0953123589018,0.0810155050665
981,0.119615994097,0.0751911550922,0.162560342363,0.0982902982496,0.048870933676,0.0325472516912,0.0317083052244,0.0604393168612,0.141901956615,0.0457142268678,0.145045373673,0.0381148455891,1,0.3,10,1,3,1,20,0.0857904590282,0.0600533213197,0.0857904590282,0.0811238357775,0.0937894494281,0.0743246939376,0.0857904590282,0.0600533213197,0.0857904590282,0.0906689068622,0.106391694726,0.0904329405169
982,0.0717397343564,0.0329602756659,0.0280505218177,0.164159146313,0.092199562509,0.298398024745,0.0542566536739,0.0950451250679,0.028307874473,0.00387588586519,0.0242113126969,0.106795882817,1,0.3,10,1,3,1,20,0.084597126666,0.0592179886662,0.084597126666,0.0815703154979,0.0927128629896,0.0746719396228,0.084597126666,0.0592179886662,0.084597126666,0.0928154169454,0.108867557269,0.0925374236787
983,0.0320710858948,0.0543574700649,0.0213013124705,0.305176097439,0.0489619710259,0.0115050423326,0.170439780893,0.00863016773658,0.0612702638545,0.175494864595,0.101176800097,0.00961514359631,1,0.3,10,1,3,1,20,0.0922785355887,0.0645949749121,0.0922785355887,0.0788141834742,0.0927217787612,0.0784374267776,0.0922785355887,0.0645949749121,0.0922785355887,0.0792534181875,0.0932265408759,0.0792425597445
984,0.0912859784709,0.0760264187875,0.0963502100316,0.0634091072367,0.0964850177246,0.0120093609364,0.218113071037,0.0046702826687,0.0765990557658,0.158755274217,0.0556914529093,0.0506047702147,1,0.3,10,1,3,1,20,0.0829093487998,0.0580365441598,0.0829093487998,0.0822214312522,0.0900365244673,0.0761633319348,0.0829093487998,0.0580365441598,0.0829093487998,0.0958938118934,0.112418603748,0.0955558131857
985,0.0487514234976,0.0681151616277,0.0171889548088,0.00926457184982,0.021276246316,0.0534301496837,0.11125087969,0.197391087164,0.126678504233,0.0377789466313,0.0317195736427,0.277154500855,1,0.3,10,1,3,1,20,0.0989535383034,0.0692674768124,0.0989535383034,0.0764256224002,0.0923496864015,0.0820388965168,0.0989535383034,0.0692674768124,0.0989535383034,0.0674822839956,0.0796510291068,0.0677033747408
986,0.00596051975615,0.0431215224583,0.159925227654,0.0237341170376,0.172767826359,0.0217853601325,0.115461076062,0.0531810170023,0.253052287783,0.0655871369289,0.0353789626135,0.0500449462134,1,0.3,10,1,3,1,20,0.0935292062275,0.0654704443593,0.0935292062275,0.0783878100284,0.0914090512549,0.0801899417551,0.0935292062275,0.0654704443593,0.0935292062275,0.0770936945508,0.0907361020445,0.0771256867378
987,0.059047091039,0.0163385579584,0.0289840684172,0.12748378979,0.14501167832,0.0313056294376,0.107965843072,0.00503336465159,0.25229503826,0.0416496685067,0.115799495123,0.0690857754241,1,0.3,10,1,3,1,20,0.0853047431988,0.0597133202391,0.0853047431988,0.0813938384331,0.088166314412,0.0789615029019,0.0853047431988,0.0597133202391,0.0853047431988,0.0917335938717,0.107621155193,0.0914779819144
988,0.0578810237016,0.151198762351,0.0144681690757,0.195329853909,0.0344058921596,0.0371350272187,0.0898833519166,0.0783919150604,0.160376392275,0.0217818557095,0.135145786277,0.0240019703467,1,0.3,10,1,3,1,20,0.0950355500657,0.066524885046,0.0950355500657,0.0778187602824,0.0930886256507,0.0794736460351,0.0950355500657,0.066524885046,0.0950355500657,0.0743723438397,0.0875971101822,0.0744575436549
989,0.119329911835,0.0973754522418,0.129410257249,0.168260878598,0.0482675917543,0.0382530282695,0.0834925635703,0.0396194638088,0.19690813961,0.0706239293,0.00192877273043,0.00653001103312,1,0.3,10,1,3,1,20,0.0881912455987,0.0617338719191,0.0881912455987,0.0801996364769,0.0974799444212,0.0723042424777,0.0881912455987,0.0617338719191,0.0881912455987,0.0862943219956,0.101345474809,0.0861436535872
990,0.0291882692287,0.0730923132034,0.0108598460822,0.135458760086,0.037290670455,0.0381832152138,0.0261238117226,0.232484629406,0.219825819385,0.000789549878172,0.0627396775812,0.133963437758,1,0.3,10,1,3,1,20,0.0894655841393,0.0626259088975,0.0894655841393,0.0798237438542,0.0927033693944,0.0770716263873,0.0894655841393,0.0626259088975,0.0894655841393,0.0842204144579,0.0989549684075,0.0841117231464
991,0.124103917277,0.0166156221094,0.102498129233,0.126442147747,0.0154309823003,0.0453897833342,0.0527770096329,0.0272131228098,0.148381305082,0.275358573368,0.00647436359125,0.0593150435153,1,0.3,10,1,3,1,20,0.0854002269107,0.0597801588375,0.0854002269107,0.0812059778268,0.0971884019422,0.07118602905,0.0854002269107,0.0597801588375,0.0854002269107,0.0912326573245,0.107040923534,0.0909847850042
992,0.0559560223917,0.0926516612271,0.0312812861114,0.0294206075357,0.149262818845,0.0780297126038,0.168050561461,0.0291424402997,0.027734964763,0.0160510069069,0.155013282737,0.167405635117,1,0.3,10,1,3,1,20,0.0900653752909,0.0630457627036,0.0900653752909,0.0796382591225,0.0909581984739,0.0788793594168,0.0900653752909,0.0630457627036,0.0900653752909,0.0832257611372,0.0978083217724,0.0831370735065
993,0.0322224619866,0.154896197104,0.0919359791955,0.0718771593184,0.0282969427729,0.00173236995348,0.136254976754,0.201705262395,0.0257014712312,0.051214579564,0.0950236669768,0.109138932748,1,0.3,10,1,3,1,20,0.0876547864969,0.0613583505478,0.0876547864969,0.0804357544139,0.0949164404556,0.074263348549,0.0876547864969,0.0613583505478,0.0876547864969,0.08733588562,0.102547418313,0.0871653055658
994,0.144553599245,0.00677033167492,0.110920877836,0.0595704473875,0.0511567995183,0.081391297958,0.0432947049691,0.0224977976336,0.0333822333557,0.134195144166,0.0363723565397,0.275894409716,1,0.3,10,1,3,1,20,0.0853033568603,0.0597123498022,0.0853033568603,0.0813375453676,0.0915019947645,0.0760687031491,0.0853033568603,0.0597123498022,0.0853033568603,0.0916131607175,0.107481334571,0.091359134385
995,0.013123674563,0.0157117141341,0.112725912042,0.0206570844512,0.0392808297877,0.0341302329618,0.0247174878904,0.146120723669,0.0460610911797,0.260120689278,0.138339121284,0.14901143876,1,0.3,10,1,3,1,20,0.0982794713581,0.0687956299507,0.0982794713581,0.0765198293797,0.101021482833,0.0741891196256,0.0982794713581,0.0687956299507,0.0982794713581,0.0683529075714,0.0806527109493,0.0685548043069
996,0.0827026478264,0.153792098656,0.0607152964814,0.00208368931466,0.0353476381564,0.0543290323244,0.31723150698,0.0077889804141,0.140302980534,0.0731484749572,0.0207448621111,0.0518127922442,1,0.3,10,1,3,1,20,0.0881439846972,0.061700789288,0.0881439846972,0.080296192806,0.0928045211812,0.0763347367945,0.0881439846972,0.061700789288,0.0881439846972,0.0865499965939,0.101641640681,0.0863953945788
997,0.0511039073667,0.0929890762642,0.0608972905681,0.103247471597,0.0324321006157,0.0469091126665,0.0791526374092,0.197148972499,0.044471089004,0.0354885571166,0.118178384117,0.137981400776,1,0.3,10,1,3,1,20,0.0789129052527,0.0552390336769,0.0789129052527,0.0836189194426,0.0921732979863,0.0723475856191,0.0789129052527,0.0552390336769,0.0789129052527,0.102870892221,0.120464657495,0.102394958871
998,0.0101954195941,0.000808718675554,0.256996173969,0.0340780303721,0.0304619416579,0.0254718881879,0.042259626934,0.279358631012,0.0384181911712,0.00792913646553,0.159423753515,0.114598488445,1,0.3,10,1,3,1,20,0.0833757795489,0.0583630456842,0.0833757795489,0.082086120121,0.0881547447428,0.0780239997062,0.0833757795489,0.0583630456842,0.0833757795489,0.0951396412784,0.11154934302,0.0948169415673
999,0.05128762598,0.141396612724,0.118364580239,0.105727271376,0.258188806822,0.0312049205391,0.00141100753948,0.0681229221762,0.0969568312549,0.00554974201938,0.0172887688985,0.104500910432,1,0.3,10,1,3,1,20,0.0899156700735,0.0629409690515,0.0899156700735,0.0797517409496,0.0874475263743,0.081849663094,0.0899156700735,0.0629409690515,0.0899156700735,0.0836193956401,0.0982632732677,0.0835237822775
