run_ID,t1_initial,t2_initial,t3_initial,t4_initial,t5_initial,t6_initial,t7_initial,t8_initial,t9_initial,t10_initial,t11_initial,t12_initial,alpha,prior_cost_c,lambda,k,sample_amount,learning_parameter,generations,t1_final,t2_final,t3_final,t4_final,t5_final,t6_final,t7_final,t8_final,t9_final,t10_final,t11_final,t12_final
0,0.0185626675193,0.156638527771,0.0282200743566,0.193272319256,0.00732162096959,0.0375877680703,0.0416844503742,0.079499358324,0.092476158488,0.105721552254,0.012110260287,0.22690524233,1,0.1,30,15,3,4,20,2.39267764657e-05,1.56983580392e-05,2.39267764657e-05,0.0096019150096,0.000239877121391,0.00509624011076,2.39267764657e-05,1.56983580392e-05,2.39267764657e-05,0.305150989232,0.374638486202,0.305145388502
1,0.0170699648743,0.0225348598033,0.0208272758292,0.146175836539,0.0225640072737,0.00458060833326,0.058246605427,0.0243931038447,0.201642607449,0.26785704295,0.0524170849578,0.161691002718,1,0.1,30,15,3,4,20,0.000128375442289,8.42271276858e-05,0.000128375442289,0.0200186031972,0.000267247322197,0.000283656935901,0.000128375442289,8.42271276858e-05,0.000128375442289,0.303234350884,0.372285400305,0.303228785332
2,0.0411746919337,0.0848162411141,0.213117071653,0.0805686798595,0.0334166586874,0.250912717412,0.0104096000562,0.00126379795362,0.0215648227131,0.012301240617,0.212309105551,0.0381453724495,1,0.1,30,15,3,4,20,6.58998116953e-05,4.32368664533e-05,6.58998116953e-05,0.00036982280025,0.000286421857508,0.00131853980447,6.58998116953e-05,4.32368664533e-05,6.58998116953e-05,0.30909816256,0.379484490615,0.309092489384
3,0.0111632349956,0.0422232861809,0.162930101405,0.0265305628039,0.0188639266785,0.0961966143231,0.137208330748,0.0515644713201,0.164617010548,0.112434180749,0.150256548068,0.0260117321805,1,0.1,30,15,3,4,20,0.000205522513915,0.00013484332138,0.000205522513915,0.0132578779148,0.00420090396132,0.000214745685326,0.000205522513915,0.00013484332138,0.000205522513915,0.30400460887,0.373231057688,0.303999029181
4,0.0673886774462,0.0570584141063,0.00839741967635,0.0073158956825,0.0187214451936,0.00663191809878,0.064825678973,0.104889151546,0.147774994782,0.0485259147646,0.380426781718,0.0880437080122,1,0.1,30,15,3,4,20,4.64520437017e-05,3.04771858727e-05,4.64520437017e-05,0.00529947663358,0.000806452389973,0.000132646763046,4.64520437017e-05,3.04771858727e-05,4.64520437017e-05,0.307809168834,0.377901973516,0.307803519316
5,0.123907221874,0.00159344723479,0.193013524228,0.0331555508863,0.031587870394,0.0768401911218,0.106759439835,0.0551932696193,0.0177589346273,0.313261655891,0.00303238344713,0.0438965108412,1,0.1,30,15,3,4,20,8.58234157216e-05,5.63087430549e-05,8.58234157216e-05,0.0151429202094,0.000987921816074,0.000683564465283,8.58234157216e-05,5.63087430549e-05,8.58234157216e-05,0.304467783302,0.373799703946,0.304462195112
6,0.0468247433621,0.0785175733425,0.140843594835,0.183143584904,0.0277228577367,0.00635511836147,0.071295880444,0.33054588124,1.024307066e-05,0.0903699268249,0.00667788600646,0.0176927098719,1,0.1,30,15,3,4,20,0.000340338986661,0.000223296409149,0.000340338986661,0.000558702394328,0.00136300748769,0.00653176794374,0.000340338986661,0.000223296409149,0.000340338986661,0.306639267037,0.37646566738,0.306633638992
7,0.0729974650031,0.0405890040767,0.11041498318,0.133282046286,0.114156891592,0.177830810032,0.180577138227,0.0171439479278,0.0659822123726,0.0522166349931,0.0192247308863,0.0155841354231,1,0.1,30,15,3,4,20,8.79930653666e-09,5.7732250187e-09,8.79930653666e-09,5.99369487934e-08,1.29693877097e-08,6.77757125891e-09,8.79930653666e-09,5.7732250187e-09,8.79930653666e-09,0.309818407111,0.380368745747,0.309812720715
8,0.0362812772811,0.0886395637928,0.0625134174805,0.025484884747,0.0106726731155,0.0536408100909,0.0939409679396,0.105746129197,0.354754869855,0.11839383542,0.0349488472277,0.0149827238533,1,0.1,30,15,3,4,20,2.32274596929e-05,1.52395363045e-05,2.32274596929e-05,0.00747978081739,0.0146108524343,0.000254950852041,2.32274596929e-05,1.52395363045e-05,2.32274596929e-05,0.302857143971,0.371822297671,0.302851585343
9,0.260863588644,0.00458980602594,0.0382841815701,0.0392073941456,0.116313561492,0.156588571252,0.0412123014765,0.0274063057914,0.0616179565024,0.0109436638532,0.167370575738,0.0756020935088,1,0.1,30,15,3,4,20,0.000153961363114,0.000101014050339,0.000153961363114,0.0397439708814,0.00264845722823,0.00017333442844,0.000153961363114,0.000101014050339,0.000153961363114,0.296377395552,0.363867012503,0.296371955853
10,0.182830704756,0.0102087545327,0.0611444928686,0.0735670353232,0.0456415452939,0.231831182944,0.0503195045583,0.00258033022293,0.115593297015,0.0202278897168,0.0654909101961,0.140564352573,1,0.1,30,15,3,4,20,8.87852855728e-05,5.82520258643e-05,8.87852855728e-05,0.00119386926713,0.00367984934881,0.00104787072279,8.87852855728e-05,5.82520258643e-05,8.87852855728e-05,0.307837704291,0.377937006928,0.307832054249
11,0.0676453538081,0.107984356457,0.102291924237,0.085701989885,0.262813934455,0.0388566392763,0.0177415494687,0.0414755238503,0.0106120131449,0.0255821845689,0.134282732261,0.105011798588,1,0.1,30,15,3,4,20,0.000429906434065,0.00028206161139,0.000429906434065,0.0111422454196,0.00098475451051,0.00339611445264,0.000429906434065,0.00028206161139,0.000429906434065,0.304301551547,0.373595618704,0.304295966407
12,0.235056777592,0.00752390584966,0.0151949858983,0.192788874901,0.000502363833179,0.0551804751307,0.0608214776716,0.0629301165879,0.134875308736,0.212692326796,0.00440349813396,0.018029888869,1,0.1,30,15,3,4,20,6.36342752756e-05,4.17504480083e-05,6.36342752756e-05,0.000857568545356,0.000372366099266,0.00376252158219,6.36342752756e-05,4.17504480083e-05,6.36342752756e-05,0.308166960842,0.378341240177,0.308161304757
13,0.341366971974,0.0170623640728,0.0453967053697,0.122065339583,0.0104637650391,0.0241879725285,0.154593612179,0.0651110035662,0.0073785343015,0.0654209165536,0.0795803578971,0.0673724569347,1,0.1,30,15,3,4,20,7.14334791677e-05,4.68675056819e-05,7.14334791677e-05,0.00526864695878,0.00576654518995,0.00256565947909,7.14334791677e-05,4.68675056819e-05,7.14334791677e-05,0.305487085087,0.375051116168,0.305481478189
14,0.0451783280497,0.146825625362,0.160830777904,0.0519098636961,0.0120925949294,0.035057595862,0.107515372445,0.204433115446,0.00787462139845,0.121930493633,0.0380929059505,0.0682587053231,1,0.1,30,15,3,4,20,4.91508715854e-05,3.22478868472e-05,4.91508715854e-05,0.00321271906481,0.00495444351228,0.000327552503754,4.91508715854e-05,3.22478868472e-05,4.91508715854e-05,0.307105733485,0.377038355296,0.307100096878
15,0.166529667378,0.182432075066,0.0614254157026,0.0165993593729,0.0634653467762,0.0706942893099,0.128354107018,0.0342701870257,0.0398882394247,0.143626702613,0.0503065606113,0.0424080497013,1,0.1,30,15,3,4,20,9.90305689567e-05,6.49739562925e-05,9.90305689567e-05,0.0150910524211,0.00472045354093,0.00405208782405,9.90305689567e-05,6.49739562925e-05,9.90305689567e-05,0.302262078482,0.371091726768,0.302256530776
16,0.0570059833799,0.165276936119,0.262875099779,0.0443048177323,0.125169674255,0.0898019454429,0.0767882803866,0.00430045845285,0.0835842231795,0.0139923026373,0.0329853230265,0.0439149556093,1,0.1,30,15,3,4,20,0.00157703136643,0.00103469027951,0.00157703136643,0.0495132748475,0.00915825869637,0.0103981839934,0.00157703136643,0.00103469027951,0.00157703136643,0.285823867807,0.350910286823,0.285818621807
17,0.0362577554165,0.228801233341,0.169351597497,0.102269098432,0.101379004932,0.0551680650788,0.0294900507184,0.0677822724059,0.0540968051497,0.069191526426,0.00887304923449,0.0773395413681,1,0.1,30,15,3,4,20,6.10576927987e-05,4.00599522452e-05,6.10576927987e-05,0.101081777085,0.000198794994391,0.00164627721071,6.10576927987e-05,4.00599522452e-05,6.10576927987e-05,0.27782931993,0.341095259443,0.277824220662
18,0.0263569205686,0.0161098782191,0.0827130551654,0.0876135150243,0.291479798024,0.140955314117,0.0233870012783,0.0468116819027,0.084897580527,0.0396483569695,0.0119165480879,0.148110350116,1,0.1,30,15,3,4,20,9.61337298615e-05,6.30733401621e-05,9.61337298615e-05,0.0376213051702,0.00929767848262,0.000377540521129,9.61337298615e-05,6.30733401621e-05,9.61337298615e-05,0.295006892066,0.362184424639,0.295001477521
19,0.163007678382,0.0626959507596,0.177496333393,0.0717560755696,0.0334448350549,0.00772505969635,0.219385944739,0.0672525901502,0.0116313732081,0.1310725697,0.0371552152935,0.017376374054,1,0.1,30,15,3,4,20,7.31727075527e-05,4.80086134253e-05,7.31727075527e-05,0.0097702115285,0.00128867896448,0.00990432662003,7.31727075527e-05,4.80086134253e-05,7.31727075527e-05,0.303203225999,0.372247187813,0.303197661018
20,0.260078991028,0.120939649989,0.0248279662402,0.0621099471932,0.0152128905828,0.0269647884601,0.0222197656317,0.151774533409,0.156384675174,0.121657469148,0.0275864972667,0.0102428258764,1,0.1,30,15,3,4,20,0.000335792293073,0.000220313323486,0.000335792293073,0.00815818128625,0.0081978567561,0.00335913420116,0.000335792293073,0.000220313323486,0.000335792293073,0.303157669398,0.372191257285,0.303152105254
21,0.0581307364054,0.00428202485256,0.0519626528867,0.028901344315,0.0112320036906,0.106094350557,0.142016118612,0.0415300450539,0.0809104819268,0.35204912233,0.0170093127316,0.105881806638,1,0.1,30,15,3,4,20,1.24323808746e-05,8.15688509184e-06,1.24323808746e-05,0.0103294179077,0.00106903557131,0.000114677683436,1.24323808746e-05,8.15688509184e-06,1.24323808746e-05,0.306231004441,0.375964437214,0.306225383889
22,0.126241468277,0.0450602255182,0.0636899791323,0.0149543734074,0.222662220053,0.0349506025371,0.0359321974972,0.0436717729255,0.265183320658,0.122407470696,0.0065987899355,0.0186475793623,1,0.1,30,15,3,4,20,0.000183208693821,0.000120203224016,0.000183208693821,0.0439608897833,0.00622392696081,0.00186326260281,0.000183208693821,0.000120203224016,0.000183208693821,0.293391463121,0.360201138083,0.293386078226
23,0.151899931514,0.116641493875,0.0714122596087,0.127641696126,0.12709239585,0.00967944383894,0.22719098942,0.0286501731743,0.006749604471,0.122916508429,0.00945243092338,0.000673072770064,1,0.1,30,15,3,4,20,0.000204340922591,0.000134068079312,0.000204340922591,0.0282156062535,0.0184177967043,0.00295870097707,0.000204340922591,0.000134068079312,0.000204340922591,0.294117589815,0.36109261481,0.294112191592
24,0.0737195164225,0.0797984642998,0.0505752432893,0.0664833715908,0.0351783544315,0.14716580387,0.0434000560951,0.0406063078095,0.0813773382795,0.165539846207,0.00495433413316,0.211201363572,1,0.1,30,15,3,4,20,1.81801690209e-06,1.19280088946e-06,1.81801690209e-06,2.7204090417e-06,1.30880803938e-06,0.000256212745022,1.81801690209e-06,1.19280088946e-06,1.81801690209e-06,0.309734826396,0.380266132438,0.309729141534
25,0.154875546076,0.185172013236,0.127882916405,0.08090162617,0.17448297038,0.041036946404,0.000294187371156,0.0972641612495,0.0680018299439,0.0271887289081,0.00670846400743,0.0361906098495,1,0.1,30,15,3,4,20,0.000106046607445,6.9577179145e-05,0.000106046607445,0.282566107164,0.00140210355853,0.00439480375102,0.000106046607445,6.9577179145e-05,0.000106046607445,0.220303731804,0.270470224577,0.220299688357
26,0.0359776478774,0.0942899847376,0.138568307396,0.0561692733113,0.0863167236266,0.0447646789286,0.0757872261485,0.168028363801,0.0462165541901,0.0514870314718,0.14672307378,0.0556711347305,1,0.1,30,15,3,4,20,0.00010424976637,6.83982717156e-05,0.00010424976637,0.0572062127485,9.63760000489e-05,0.00380448182539,0.00010424976637,6.83982717156e-05,0.00010424976637,0.290714772523,0.356914924539,0.290709436755
27,0.0827031115815,0.0389790511231,0.108767058862,0.115666396375,0.0293141639416,0.0953123219241,0.119916210894,0.0700999332515,0.0300748240635,0.0910420744926,0.0888269668536,0.129297886637,1,0.1,30,15,3,4,20,9.01657411063e-05,5.91577427399e-05,9.01657411063e-05,0.0059368757164,0.0042007025389,0.000286829368122,9.01657411063e-05,5.91577427399e-05,9.01657411063e-05,0.306440376148,0.376221486026,0.306434751753
28,0.198152894515,0.0235961628459,0.105761113843,0.220538091481,0.00246912625206,0.056072135546,0.0512446220867,0.0386494781551,0.0218869739554,0.0897289993108,0.106684047604,0.0852163544062,1,0.1,30,15,3,4,20,0.000210779037323,0.000138292126388,0.000210779037323,0.0635369453232,0.000387178474124,0.000766528904114,0.000210779037323,0.000138292126388,0.000210779037323,0.289429184933,0.355336589204,0.28942387276
29,0.155211844469,0.10016678081,0.0270029586278,0.0975419324517,0.0245001672845,0.056205209927,0.062166259025,0.11021439659,0.0415132260246,0.143949354991,0.120376085355,0.0611517844442,1,0.1,30,15,3,4,20,0.000151072892075,9.91189244903e-05,0.000151072892075,0.0054566097473,0.00260434900523,0.000646167368353,0.000151072892075,9.91189244903e-05,0.000151072892075,0.306872179577,0.376751617629,0.306866547256
30,0.215551261,0.0170097380781,0.0105670791531,0.0809537508532,0.0734513130811,0.0909676449917,0.00673624396786,0.0127770304924,0.00860826320604,0.236922716588,0.041079666147,0.205375292442,1,0.1,30,15,3,4,20,1.24020090628e-05,8.13695814609e-06,1.24020090628e-05,3.24264406143e-05,8.51767079612e-05,0.000205430453491,1.24020090628e-05,8.13695814609e-06,1.24020090628e-05,0.309697953067,0.380220862495,0.309692268883
31,0.135085823234,0.0481779105363,0.0582660628777,0.154759617112,0.0651582316607,0.0102859886667,0.251711275615,0.0103224504748,0.139717993239,0.119117941157,0.00499316353082,0.00240354189472,1,0.1,30,15,3,4,20,4.08518636844e-05,2.68029077634e-05,4.08518636844e-05,0.161522619333,0.000187378011701,0.00572728370204,4.08518636844e-05,2.68029077634e-05,4.08518636844e-05,0.257876053303,0.316598332125,0.257871320255
32,0.202448554592,0.0262710659228,0.00236105002396,0.0756854844022,0.121432652033,0.105623261825,0.169160274613,0.00834944328192,0.0374022567533,0.0442742412539,0.0980678819506,0.108923833348,1,0.1,30,15,3,4,20,0.000113625979743,7.45500053095e-05,0.000113625979743,0.0454844206209,0.000202994949766,0.00551567525257,0.000113625979743,7.45500053095e-05,0.000113625979743,0.293767776605,0.36066314384,0.293762384802
33,0.0953829158127,0.0160233052232,0.00996821364758,0.0253935890211,0.064343387383,0.039697583013,0.0318532744608,0.347762169565,0.0989586768679,0.198773438653,0.035618768138,0.0362246782149,1,0.1,30,15,3,4,20,1.96670264378e-05,1.29035360458e-05,1.96670264378e-05,0.000284211169466,0.000742228591193,0.00195172554416,1.96670264378e-05,1.29035360458e-05,1.96670264378e-05,0.308863387395,0.379196253593,0.308857718528
34,0.0925534407226,0.0157320646359,0.140854405561,0.0421228917406,0.182104773611,0.00138386959645,0.041698278948,0.186555642643,0.173971836055,0.0090738668446,0.0959677467039,0.0179811829382,1,0.1,30,15,3,4,20,0.000594640953377,0.000390143929511,0.000594640953377,0.00977678776508,0.0052670774804,0.00713551670482,0.000594640953377,0.000390143929511,0.000594640953377,0.301968194108,0.370730920475,0.301962651795
35,0.0240814804165,0.0145890149955,0.00143062048548,0.193019561685,0.0434370331832,0.18906336838,0.0638590333753,0.0576006193912,0.0481679340203,0.096176223135,0.187040812238,0.0815342986939,1,0.1,30,15,3,4,20,3.85204876114e-05,2.52732919218e-05,3.85204876114e-05,8.27168689674e-05,0.000349181766804,9.34861958421e-05,3.85204876114e-05,2.52732919218e-05,3.85204876114e-05,0.309592274673,0.380091119532,0.309586592428
36,0.0281760567745,0.111231811319,0.0601322370744,0.248920924498,0.041909538706,0.016608104225,0.126976848615,0.0611636264505,0.0732352251639,0.00890195223391,0.0891089809757,0.133634693964,1,0.1,30,15,3,4,20,0.000159195853596,0.000104448399544,0.000159195853596,0.00183532003388,0.0024547263247,0.00103382543996,0.000159195853596,0.000104448399544,0.000159195853596,0.307907005262,0.378022088778,0.307901353948
37,0.0695426991652,0.03530938777,0.0120435514497,0.164635143677,0.0145635919873,0.141334029412,0.252544601908,0.0547378121719,0.0537394703451,0.0311884302686,0.110191134631,0.0601701472138,1,0.1,30,15,3,4,20,0.000164072783533,0.000107648153276,0.000164072783533,0.00514929762585,0.00634966721521,0.00215439131511,0.000164072783533,0.000107648153276,0.000164072783533,0.305318350823,0.374843958559,0.305312747021
38,0.0264595832925,0.0894178807552,0.00904603703486,0.127668699723,0.186767358181,0.0396761926383,0.17948494721,0.0910754946535,0.0347967841511,0.010965401477,0.0963513692442,0.108290251639,1,0.1,30,15,3,4,20,0.000153459851392,0.000100685008498,0.000153459851392,0.0831223094397,0.000426196372935,0.000164586763998,0.000153459851392,0.000100685008498,0.000153459851392,0.283630019088,0.348216865559,0.283624813353
39,0.000551929685617,0.00379199390381,0.280768788659,0.0147108241539,0.127127270308,0.176148656209,0.00161004876483,0.109504640627,0.0996880511003,0.0614574077376,0.0614605852008,0.0631798036499,1,0.1,30,15,3,4,20,5.21697463122e-05,3.42285705554e-05,5.21697463122e-05,0.00840859700431,0.00822658169464,0.00311941821986,5.21697463122e-05,3.42285705554e-05,5.21697463122e-05,0.303612245872,0.372749347699,0.303606673384
40,0.0563708298522,0.108509315671,0.00398443807453,0.0644310245346,0.111990939511,0.274675946919,0.0272579611941,0.0144679018801,0.145213274422,0.0926201046943,0.070913157935,0.0295651053125,1,0.1,30,15,3,4,20,0.000296987993891,0.000194853822792,0.000296987993891,0.0673296144396,0.00120125571595,0.00196948710579,0.000296987993891,0.000194853822792,0.000296987993891,0.287487347079,0.352952565492,0.287482070547
41,0.0533580231944,0.0260423121572,0.033433833673,0.114488345271,0.0821127864813,0.134400779125,0.259417019016,0.00160820362731,0.10416947971,0.0141985788546,0.0571438498001,0.11962678909,1,0.1,30,15,3,4,20,0.000338904406028,0.000222355180795,0.000338904406028,0.0404979805445,0.00599667041337,0.00364166723918,0.000338904406028,0.000222355180795,0.000338904406028,0.293727515255,0.360613714371,0.293722124191
42,0.0245951306235,0.100950639598,0.00164746141163,0.0401801728788,0.00484482896742,0.00679852818466,0.165624214815,0.153135429767,0.191647830816,0.180555285732,0.109794786949,0.0202256902568,1,0.1,30,15,3,4,20,5.08369506938e-05,3.33541233502e-05,5.08369506938e-05,0.00293440735236,0.00287316002706,0.000304560632095,5.08369506938e-05,3.33541233502e-05,5.08369506938e-05,0.307841127931,0.377941210182,0.307835477826
43,0.183709692838,0.0684277443291,0.00262768037839,0.0167335375337,0.0429709313625,0.0907973481351,0.0469134220212,0.17406408347,0.0309866475896,0.103746201523,0.000458545203345,0.238564165616,1,0.1,30,15,3,4,20,4.15458549423e-07,2.72582354277e-07,4.15458549423e-07,6.74390916172e-06,6.86801847202e-05,1.08886846784e-06,4.15458549423e-07,2.72582354277e-07,4.15458549423e-07,0.309794057384,0.380338851219,0.309788371436
44,0.00572111313785,0.0122858507395,0.204310221598,0.041124557119,0.000600057900238,0.013774090839,0.153026607714,0.0439328615965,0.0654860722877,0.0265357881214,0.424912873022,0.00828990592483,1,0.1,30,15,3,4,20,6.70141864519e-05,4.39680077311e-05,6.70141864519e-05,0.00108559199124,0.000375668599887,0.000487013895086,6.70141864519e-05,4.39680077311e-05,6.70141864519e-05,0.309104541782,0.379492322482,0.309098868489
45,0.111399060864,0.0339281009253,0.0825296819253,0.0607469437288,0.0842639616545,0.00373744684712,0.070900520527,0.00801748941371,0.145931132105,0.279855977224,0.0599920454486,0.0586976393366,1,0.1,30,15,3,4,20,4.06045155535e-05,2.66406226547e-05,4.06045155535e-05,0.0206264896629,0.00127156779193,0.000121613424675,4.06045155535e-05,2.66406226547e-05,4.06045155535e-05,0.302929518436,0.371911152897,0.302923958479
46,0.0344473446376,0.217355645579,0.0177493350923,0.160931878488,0.0740928232358,0.0203522850852,0.0103530178397,0.0362687070932,0.100544226102,0.0350036810223,0.117987511632,0.174913544192,1,0.1,30,15,3,4,20,0.00024305826885,0.000159470530192,0.00024305826885,0.0328689798739,0.00289451986916,0.000994666557663,0.00024305826885,0.000159470530192,0.00024305826885,0.298030058744,0.365896012108,0.298024588712
47,0.0485497213985,0.242718346314,0.0316095520229,0.0839795144487,0.107964312732,0.0338253187945,0.165768116658,0.0480979996619,0.0467012545923,0.126843648298,0.0186206903076,0.0453215247705,1,0.1,30,15,3,4,20,0.000137063487045,8.99273538503e-05,0.000137063487045,0.000367799297823,0.00121260432255,0.000851506256891,0.000137063487045,8.99273538503e-05,0.000137063487045,0.308839414248,0.379166821398,0.308833745821
48,0.278417333559,0.0302286994476,0.0212506108972,0.0983332425808,0.0989476961089,0.0799964757939,0.0871739186841,0.00928136315253,0.11445650517,0.108437830915,0.0704421334932,0.00303419019808,1,0.1,30,15,3,4,20,0.000216897134671,0.000142306210057,0.000216897134671,0.038123390358,0.00303052079074,0.00231664031106,0.000216897134671,0.000142306210057,0.000216897134671,0.295993494457,0.363395691321,0.295988061804
49,0.00455951894501,0.136431574439,0.0143403294635,0.118264537218,0.0136334288265,0.0246458433869,0.0168774973691,0.0282036720744,0.131628157235,0.192965743791,0.0681054394936,0.250344257757,1,0.1,30,15,3,4,20,1.74833193543e-05,1.14708058284e-05,1.74833193543e-05,0.0243992789223,5.9352843329e-05,2.20695328793e-05,1.74833193543e-05,1.14708058284e-05,1.74833193543e-05,0.302205099086,0.371021772301,0.302199552425
50,0.00764290022829,0.00266570477028,0.149450071021,0.120047862634,0.120621186727,0.00977590648487,0.174760773928,0.054951013711,0.131436832828,0.0836936411151,0.0818935326077,0.0630605739445,1,0.1,30,15,3,4,20,6.91846478627e-05,4.53920474627e-05,6.91846478627e-05,0.0243916728216,0.00109073801387,0.00656655126923,6.91846478627e-05,4.53920474627e-05,6.91846478627e-05,0.299775221328,0.368038574615,0.299769719265
51,0.0650110033552,0.0928729924084,0.113949744434,0.0230665050625,0.0441970690059,0.0441796977414,0.00736241683843,0.168748511282,0.0662449853432,0.0973714774575,0.202015704315,0.0749798927565,1,0.1,30,15,3,4,20,4.20891526199e-05,2.76146930339e-05,4.20891526199e-05,0.00040865747388,0.000734320484164,0.000184869754868,4.20891526199e-05,2.76146930339e-05,4.20891526199e-05,0.309337783499,0.379778676867,0.309332105925
52,0.177442902318,0.172540703568,0.0158056925639,0.0064047836529,0.0308973246462,0.104566448504,0.0657285414918,0.0141081406537,0.195706728979,0.128096162615,0.07445107617,0.0142514948377,1,0.1,30,15,3,4,20,0.000178435095741,0.000117071266316,0.000178435095741,0.00511292887419,0.000900894058416,0.00560695695449,0.000178435095741,0.000117071266316,0.000178435095741,0.305924442699,0.375588066725,0.305918827773
53,0.0601164677936,0.0383716204757,0.0386213213017,0.021524262334,0.129706283693,0.0280835711954,0.448493109384,0.025023915277,0.098440720256,0.0789733452709,0.00244888822538,0.0301964947935,1,0.1,30,15,3,4,20,0.000472659141459,0.000310111662711,0.000472659141459,0.015617170613,0.00144752671048,0.0156925215618,0.000472659141459,0.000310111662711,0.000472659141459,0.29889174491,0.366953917251,0.298886259063
54,0.129919133749,0.0636903358897,0.0603919269519,0.146157804186,0.0175620601967,0.176857982386,0.0156931261016,0.157459440772,0.0423247473552,0.0879592815909,0.101258806074,0.00072535474725,1,0.1,30,15,3,4,20,7.89882831034e-05,5.18242125441e-05,7.89882831034e-05,0.104004335461,0.000321068844093,0.00244686303411,7.89882831034e-05,5.18242125441e-05,7.89882831034e-05,0.276608428005,0.339596351955,0.276603351144
55,0.0908725449041,0.320162108387,0.00385146098338,0.0708548194882,0.0675860313841,0.0187060079536,0.0489094615224,0.00140121715166,0.0341701702475,0.248569572938,0.00643636169276,0.0884802433483,1,0.1,30,15,3,4,20,6.13130746719e-05,4.02275082922e-05,6.13130746719e-05,0.000495026811032,8.47388496965e-05,0.000753130678967,6.13130746719e-05,4.02275082922e-05,6.13130746719e-05,0.309304580273,0.379737912764,0.309298903308
56,0.146731147203,0.0167998792376,0.0726975528333,0.182235510273,0.0452639220321,0.0713972811775,0.177663628257,0.0215371452876,0.0813393733998,0.0884464415149,0.040750027047,0.0551380917361,1,0.1,30,15,3,4,20,0.000204939693335,0.000134460932797,0.000204939693335,0.0628633238719,0.00604440257361,0.000755880447598,0.000204939693335,0.000134460932797,0.000204939693335,0.287898082486,0.353456831566,0.287892798416
57,0.0561351794016,0.104291299967,0.0611653475917,0.0842875008758,0.0162986751436,0.0233415542983,0.0509038356716,0.00348678377431,0.329453221509,0.105580164129,0.12288941,0.0421670276378,1,0.1,30,15,3,4,20,4.58446767043e-05,3.00786923857e-05,4.58446767043e-05,0.0115207939302,0.00591014647021,0.000554683987252,4.58446767043e-05,3.00786923857e-05,4.58446767043e-05,0.304170716104,0.373434990052,0.304165133366
58,0.28084224402,0.0515328276703,0.270975366107,0.198255005205,0.0204191656665,0.0360151640628,0.000474303848393,0.0113188097179,0.0236629463946,0.0771700488953,0.0275618273795,0.00177229103275,1,0.1,30,15,3,4,20,0.000508997821649,0.000333953470784,0.000508997821649,0.000704065970895,0.00352317134762,0.000387506474483,0.000508997821649,0.000333953470784,0.000508997821649,0.30755099598,0.377585010798,0.307545351201
59,0.0244011546616,0.0253746496572,0.173235490461,0.00641930066935,0.0412945820823,0.105464158008,0.0795099456337,0.109815022197,0.165619760163,0.0151380116769,0.232178451912,0.021549472877,1,0.1,30,15,3,4,20,3.01337637367e-05,1.97707623877e-05,3.01337637367e-05,1.82233422114e-05,0.00133125780092,7.6370179357e-05,3.01337637367e-05,1.97707623877e-05,3.01337637367e-05,0.309327096562,0.379765556352,0.309321419184
60,0.0767542879705,0.000851415441456,0.111836371408,0.0489784284716,0.255271766898,0.00838530976257,0.0788585559194,0.0778340200042,0.00340533634943,0.153515957592,0.0390389774757,0.145269572707,1,0.1,30,15,3,4,20,0.000225248734776,0.000147785694886,0.000225248734776,0.00596566348006,0.00194688413649,0.00092782886304,0.000225248734776,0.000147785694886,0.000225248734776,0.306708816254,0.376551054006,0.306703186932
61,0.183434566128,0.0846409209579,0.0264441729943,0.0517605548217,0.0705782012914,0.0538014227146,0.0991019018095,0.0798958210667,0.0769985568699,0.168138985735,0.0818887370706,0.0233161585402,1,0.1,30,15,3,4,20,8.94234058844e-05,5.86706966008e-05,8.94234058844e-05,0.0230816502641,0.000200717444361,8.43900121279e-05,8.94234058844e-05,5.86706966008e-05,8.94234058844e-05,0.302431819098,0.371300119889,0.302426268276
62,0.0028016797286,0.0558404132007,0.00225628525241,0.0352582735539,0.213304739853,0.0204283445224,0.0787568205503,0.0160005750943,0.00715235629794,0.117656924737,0.0743226993703,0.376220887839,1,0.1,30,15,3,4,20,4.14659690175e-05,2.72058222724e-05,4.14659690175e-05,0.00113110089883,0.000718850037118,4.6239850324e-05,4.14659690175e-05,2.72058222724e-05,4.14659690175e-05,0.309162725977,0.379563756099,0.309157051616
63,0.0749552519532,0.0167711778991,0.0253857043931,0.00384932860852,0.0196791217534,0.193051671242,0.106052354621,0.0589538245057,0.102588238394,0.0648971842296,0.320320339558,0.0134958028417,1,0.1,30,15,3,4,20,4.51037930818e-05,2.95925986409e-05,4.51037930818e-05,0.000651734870729,0.000182809237122,0.00102606308843,4.51037930818e-05,2.95925986409e-05,4.51037930818e-05,0.309167763235,0.379569940417,0.309162088782
64,0.114227966874,0.124244403941,0.0118354942111,0.0944095104915,0.0494896156387,0.0435843203282,0.0284041673748,0.0217148662292,0.108336572484,0.146858646235,0.13066643567,0.126228000523,1,0.1,30,15,3,4,20,0.000119232749481,7.82286069347e-05,0.000119232749481,0.0205863757485,0.00266298901898,6.22808503125e-05,0.000119232749481,7.82286069347e-05,0.000119232749481,0.302399833103,0.3712608502,0.302394282868
65,0.017457577295,0.099606407122,0.00967780259826,0.021006376181,0.125555885333,0.149314027108,0.038993609402,0.184724302573,0.124585555398,0.0729808500828,0.0795635060453,0.0765341008611,1,0.1,30,15,3,4,20,0.000141049990173,9.25428985527e-05,0.000141049990173,0.00217553909253,0.00357863123702,0.000715067912551,0.000141049990173,9.25428985527e-05,0.000141049990173,0.30758201439,0.377623092569,0.307576369041
66,0.0466834146449,0.064545427974,0.20254883452,0.00113884161792,0.0156594713721,0.156446754008,0.262242816204,0.149558476958,0.0188439053742,0.037702777114,0.0367356244712,0.00789365574241,1,0.1,30,15,3,4,20,0.000608681476113,0.000399355916477,0.000608681476113,0.00208027226962,0.00250760771136,0.0214301509259,0.000608681476113,0.000399355916477,0.000608681476113,0.300755801713,0.36924244799,0.300750281653
67,0.185930202983,0.250017531544,0.0608541619635,0.119142599279,0.0510620120793,0.0138264041451,0.036965990231,0.0672464303823,0.121241932823,0.0665853397416,0.0151500862211,0.0119773086072,1,0.1,30,15,3,4,20,0.00109194478201,0.00071642497148,0.00109194478201,0.0148219758831,0.00664209430616,0.0131441757881,0.00109194478201,0.00071642497148,0.00109194478201,0.297299031397,0.364998518773,0.297293574782
68,0.00328613950298,0.134399661751,0.0609911492387,0.0662591554148,0.134811504803,0.0860897547555,0.0857286452515,0.214164379209,0.0714773220691,0.083290222556,0.002141283474,0.0573607819748,1,0.1,30,15,3,4,20,0.000241280484494,0.000158304125876,0.000241280484494,0.0617394021684,0.0129461376048,0.00145796356696,0.000241280484494,0.000158304125876,0.000241280484494,0.285830680725,0.350918651145,0.2858254346
69,0.111403418154,0.107856776105,0.0159453518056,0.210286907213,0.162208486211,0.185264528183,0.0367565350389,0.00206780432366,0.0266767156741,0.00844898621266,0.0908157087288,0.0422687823506,1,0.1,30,15,3,4,20,0.000283008075467,0.000185681598314,0.000283008075467,0.0010682683584,0.00134943366228,0.00197125439622,0.000283008075467,0.000185681598314,0.000283008075467,0.307992886965,0.378127527045,0.307987234075
70,0.144762965236,0.0112075034661,0.162810953192,0.0833420569574,0.056504077422,0.114883828521,0.0130314702209,0.0236242330862,0.262655980404,0.0463419379909,0.00609805710725,0.0747369363954,1,0.1,30,15,3,4,20,0.000244999886043,0.000160744425233,0.000244999886043,0.105319479598,0.00925216239315,0.000458778897073,0.000244999886043,0.000160744425233,0.000244999886043,0.273776674893,0.336119765817,0.273771650007
71,0.00439344932301,0.0629792461319,0.0270300695,0.0704715071833,0.345563759728,0.224470693367,0.00637445919918,0.0690510656157,0.0665632207184,0.0062178008582,0.074162339604,0.0427223887721,1,0.1,30,15,3,4,20,0.000166125786923,0.0001089951288,0.000166125786923,0.0966994951236,0.000456050351145,0.00545311054619,0.000166125786923,0.0001089951288,0.000166125786923,0.277754979161,0.341003990156,0.277749881257
72,0.0816404905703,0.134516404832,0.186036503627,0.203631236581,0.0685500041597,0.0228115925078,0.0415780849703,0.0820385269035,0.0479016706277,0.0686081729335,0.0270945731588,0.0355927391285,1,0.1,30,15,3,4,20,0.000494313693848,0.000324319214534,0.000494313693848,0.0574185438385,0.008333862133,0.00994484108897,0.000494313693848,0.000324319214534,0.000494313693848,0.285552492656,0.350577115444,0.285547251636
73,0.0125366124732,0.131571080185,0.180542495355,0.0324591836798,0.0837717726773,0.129431504519,0.0690446866315,0.0720534889568,0.00438264452122,0.0870993046877,0.158149371071,0.0389578552426,1,0.1,30,15,3,4,20,0.000112408938577,7.37515046006e-05,0.000112408938577,0.0296708034757,0.00147934147643,0.00147981629424,0.000112408938577,7.37515046006e-05,0.000112408938577,0.299524077781,0.367730241882,0.299518580327
74,0.0892015579164,0.0140952246539,0.185605910975,0.019001501394,0.00814441912215,0.109922421648,0.138493134938,0.0538750954358,0.131953456899,0.0410584782534,0.0655119368315,0.143136861934,1,0.1,30,15,3,4,20,0.000121099653483,7.94534826499e-05,0.000121099653483,0.00041143382815,0.000354065969814,0.000301071122911,0.000121099653483,7.94534826499e-05,0.000121099653483,0.309288695,0.379718410174,0.309283018327
75,0.0452658197852,0.0367828932778,0.0444819789483,0.018396762909,0.0126254616485,0.311630271946,0.0588894291142,0.157749139115,0.098784262338,0.103981463724,0.0156850358409,0.0957274813526,1,0.1,30,15,3,4,20,5.70101495589e-05,3.74043591256e-05,5.70101495589e-05,9.66855609965e-05,0.000913446776461,0.00173442740156,5.70101495589e-05,3.74043591256e-05,5.70101495589e-05,0.308874302741,0.379209654529,0.308868633674
76,0.114877502476,0.0474795830734,0.0428790379856,0.0733183846416,0.106365019932,0.0200097222736,0.174933624512,0.119465322988,0.028504339492,0.210597539154,0.0380930154186,0.0234769080541,1,0.1,30,15,3,4,20,0.000181280136433,0.000118937897514,0.000181280136433,0.0352162730413,0.00177769670805,0.00242791924845,0.000181280136433,0.000118937897514,0.000181280136433,0.297306463851,0.36500764371,0.2973010071
77,0.0322888537474,0.22186233354,0.0826059269268,0.176177064701,0.0287196305418,0.0877252027303,0.00318296322265,0.133307190723,0.00545955719862,0.178995914174,0.0335435285832,0.0161318339098,1,0.1,30,15,3,4,20,0.000138590262001,9.09290708988e-05,0.000138590262001,0.0401921739238,0.000473507891906,0.0091227443464,0.000138590262001,9.09290708988e-05,0.000138590262001,0.294164979158,0.361150795424,0.294159580065
78,0.0125558350772,0.000422308159438,0.0132980946735,0.192825585487,0.0191181022121,0.186873933021,0.1008567463,0.375453305318,0.0179627167365,0.0162763727554,0.0223418816093,0.0420151186509,1,0.1,30,15,3,4,20,0.00119043699558,0.000781045712798,0.00119043699558,0.00580727403294,0.00654568522845,0.00646833176921,0.00119043699558,0.000781045712798,0.00119043699558,0.302028021036,0.3708043709,0.302022477625
79,0.00506353437316,0.0169429895344,0.414900256034,0.0715442014983,0.129856890451,0.0739964208338,0.0209247632084,0.00814853396398,0.127037914439,0.0474297122608,0.0725939323716,0.011560851032,1,0.1,30,15,3,4,20,4.33740888059e-05,2.84577396656e-05,4.33740888059e-05,6.61005155811e-05,0.00771567605317,0.00274837244991,4.33740888059e-05,2.84577396656e-05,4.33740888059e-05,0.306484626036,0.376275812283,0.306479000828
80,0.105518825719,0.0160904111315,0.0263184112472,0.0854514069446,0.338396341987,0.119116415396,0.0136775810876,0.0635751223904,0.0300172964634,0.000438077516603,0.0127371591113,0.188662951005,1,0.1,30,15,3,4,20,0.000115140903268,7.55439466344e-05,0.000115140903268,0.105623212607,0.000776553577867,0.00188666215359,0.000115140903268,7.55439466344e-05,0.000115140903268,0.27607981238,0.338947362554,0.276074745221
81,0.139210210916,0.0404775824599,0.0093094053318,0.102005733505,0.0508442566501,0.153971268754,0.167972511846,0.150075884425,0.0673861364265,0.0534483479501,0.0236093833568,0.0416892783795,1,0.1,30,15,3,4,20,0.00018681903838,0.000122571971081,0.00018681903838,0.131926390718,0.00541906906479,0.00274305750305,0.00018681903838,0.000122571971081,0.00018681903838,0.266108969461,0.326706007851,0.266104085307
82,0.00987251972993,0.182322352327,0.268950431724,0.0421064075044,0.0291710536646,0.183800015885,0.030747888267,0.0605908551219,0.0833181550957,0.0227415699206,0.0293073249311,0.0570714258286,1,0.1,30,15,3,4,20,0.00069774586533,0.000457791062243,0.00069774586533,0.0419023955009,0.00718016603756,0.0140658520882,0.00069774586533,0.000457791062243,0.00069774586533,0.289105540495,0.354939246031,0.289100234262
83,0.0054204288653,0.0739936640494,0.0100839579271,0.103476941157,0.164013743864,0.148541477785,0.0680965383253,0.0309189513297,0.131711591345,0.00206415356427,0.0300436326083,0.231634919179,1,0.1,30,15,3,4,20,0.000180767223894,0.000118601375597,0.000180767223894,0.00541202410691,0.00458037270844,0.000479432124967,0.000180767223894,0.000118601375597,0.000180767223894,0.306276570639,0.376020379524,0.30627094925
84,0.0851480172573,0.174281053279,0.146230477395,0.139471388564,0.015846039899,0.110850371582,0.00740068340201,0.102314052954,0.00565930011378,0.0386714982546,0.149818764857,0.0243083524425,1,0.1,30,15,3,4,20,1.95940800003e-05,1.28556758882e-05,1.95940800003e-05,0.0607608176046,0.00693432544468,0.000340769760919,1.95940800003e-05,1.28556758882e-05,1.95940800003e-05,0.288707417201,0.35445046404,0.288702118276
85,0.0519500895838,0.0281640737848,0.190805947281,0.0565917985063,0.210920914463,0.0497255944466,0.139471071487,0.0606544018881,0.106204213391,0.00325336297247,0.00984588717058,0.0924126450246,1,0.1,30,15,3,4,20,0.00164752663069,0.0010809422224,0.00164752663069,0.0425615446591,0.00699454628311,0.00649893512757,0.00164752663069,0.0010809422224,0.00164752663069,0.289740036954,0.355718226933,0.289734719076
86,0.044790271032,0.290959222399,0.187397864043,0.0725570352049,0.0262459303417,0.0627033311317,0.107292804829,0.0580421685546,0.00997527869997,0.0332878888911,0.0592208444238,0.0475273604496,1,0.1,30,15,3,4,20,0.000464712868534,0.000304898113045,0.000464712868534,0.00147730137959,0.00107031439306,0.00106181535514,0.000464712868534,0.000304898113045,0.000464712868534,0.307935345341,0.378056882323,0.307929693508
87,0.148218151236,0.186095350279,0.116608993461,0.177542135517,0.105835872989,0.0181315473215,0.0300588901333,0.0826665197821,0.0513923664763,0.0242923730536,0.0225689766375,0.0365888231129,1,0.1,30,15,3,4,20,0.000121566084732,7.97595081923e-05,0.000121566084732,0.0287465025233,0.0410553168041,0.00093026497533,0.000121566084732,7.97595081923e-05,0.000121566084732,0.287704266224,0.353218880408,0.28769898571
88,0.0117369926985,0.0168784557328,0.0857451323574,0.0297137201099,0.116393834251,0.00633282169863,0.0466849167527,0.0769308249335,0.141140342857,0.19784786171,0.263695584273,0.0068995126257,1,0.1,30,15,3,4,20,3.04628615391e-05,1.99866834558e-05,3.04628615391e-05,0.0129271294681,0.0002834200718,0.00196595113232,3.04628615391e-05,1.99866834558e-05,3.04628615391e-05,0.30506635011,0.374534573471,0.305060750934
89,0.33180927663,0.00460038338338,1.66784738951e-05,0.142611514612,0.0923055393587,0.0965052868055,0.0251922044124,0.0974783357934,0.0916125803926,0.0219059683179,0.0123360362898,0.0836261955308,1,0.1,30,15,3,4,20,0.000342801291229,0.000224911927175,0.000342801291229,0.0928388467087,0.00260788937724,0.00388350985598,0.000342801291229,0.000224911927175,0.000342801291229,0.278479915432,0.341894005384,0.278474804223
90,0.0160192524932,0.242882567159,0.165591699337,0.0567185960669,0.0688869033851,0.00833965370531,0.00382327314851,0.0795655693725,0.0238288935689,0.0964944548244,0.150650523418,0.0871986135217,1,0.1,30,15,3,4,20,3.17554769507e-05,2.08347684274e-05,3.17554769507e-05,0.000603743670945,0.00119176603842,8.11406735912e-06,3.17554769507e-05,2.08347684274e-05,3.17554769507e-05,0.309207386643,0.379618586674,0.309201711462
91,0.0390804056148,0.0710070417373,0.0645553810738,0.0642600259988,0.28377353887,0.0264361247052,0.171368839148,0.0714856691084,0.0611098660606,0.00769106164737,0.0457867078765,0.0934453381592,1,0.1,30,15,3,4,20,0.000684753531451,0.000449266791985,0.000684753531451,0.0364665229395,0.0126599875347,0.00107082652428,0.000684753531451,0.000449266791985,0.000684753531451,0.293139405944,0.359891683673,0.293134025675
92,0.00303242461372,0.131293014855,0.0466997970617,0.133422256537,0.0238486113717,0.0845035964818,0.0390095700906,0.25207496338,0.117127110835,0.0802286993149,0.0439478677687,0.0448120876898,1,0.1,30,15,3,4,20,1.2734209819e-05,8.35491506224e-06,1.2734209819e-05,0.105358632637,0.00017460185139,0.000923684756276,1.2734209819e-05,8.35491506224e-06,1.2734209819e-05,0.276815170778,0.339850173185,0.276810090123
93,0.0403678011373,0.0523979175454,0.299233795374,0.100415460831,0.0654611443171,0.0257430446646,0.0828160820029,0.0500576088373,0.0275027705465,0.0914587857024,0.0771653067184,0.0873802823237,1,0.1,30,15,3,4,20,0.000116933938047,7.67203567529e-05,0.000116933938047,0.00142677476183,0.00219035866706,0.000950384546773,0.000116933938047,7.67203567529e-05,0.000116933938047,0.30821089303,0.378395176389,0.308205236139
94,0.10581812744,0.340692265632,0.110176259666,0.00306450370018,0.07265534322,0.0773884072414,0.00968751785689,0.120692913935,0.0461142958111,0.0174537086276,0.0125909299809,0.0836657268893,1,0.1,30,15,3,4,20,0.000647657264775,0.000424927931419,0.000647657264775,0.00361358284106,0.00387876933848,0.000412892089908,0.000647657264775,0.000424927931419,0.000647657264775,0.30630333009,0.376053232508,0.30629770821
95,0.145937869788,0.0758501184902,0.0310050428382,0.0167328866492,0.000966667871904,0.16942273184,0.0115277490174,0.127156916847,0.124721787274,0.128514579736,0.166690629913,0.00147301973479,1,0.1,30,15,3,4,20,0.000107979065094,7.08450646079e-05,0.000107979065094,0.0294911489466,0.00463770205686,0.000881696734148,0.000107979065094,7.08450646079e-05,0.000107979065094,0.298793818936,0.366833692051,0.298788334886
96,0.00795520739696,0.0536459555993,0.0402587816564,0.031139697092,0.0173292389078,0.106210618662,0.218153739649,0.193139258118,0.0689699729565,0.121414187923,0.0123349609648,0.129448381073,1,0.1,30,15,3,4,20,5.07223820876e-05,3.32789548877e-05,5.07223820876e-05,0.0143127100137,0.00509173780642,0.000486003285832,5.07223820876e-05,3.32789548877e-05,5.07223820876e-05,0.303572537836,0.372700597543,0.303566966077
97,0.00603296471957,0.0235685610033,0.279530485115,0.084640978461,0.00518599358481,0.127100991462,0.031977342594,0.00688230482209,0.00282007542354,0.0188448653716,0.264150187041,0.149265250402,1,0.1,30,15,3,4,20,0.000127320272885,8.35348310401e-05,0.000127320272885,0.00748819337089,0.00232032385515,0.000247940346745,0.000127320272885,8.35348310401e-05,0.000127320272885,0.30649322428,0.376286368478,0.306487598915
98,0.00960887739172,0.118429862268,0.0616146934032,0.0133424784818,0.0186641891317,0.056435985798,0.0410227722978,0.0255100171615,0.106930653749,0.201966402272,0.254883221216,0.0915908468281,1,0.1,30,15,3,4,20,9.55172582041e-06,6.26688731077e-06,9.55172582041e-06,7.682068605e-05,0.000238509972695,2.91973968357e-05,9.55172582041e-06,6.26688731077e-06,9.55172582041e-06,0.309695984735,0.380218445944,0.309690300587
99,0.0535054143454,0.0099848093096,0.245673835525,0.00163312579047,0.373426475422,0.129932627035,0.0229725182327,0.0110019818841,0.0198684155207,0.0511524200721,0.0505313916118,0.0303169852517,1,0.1,30,15,3,4,20,0.000433219114568,0.000284235061068,0.000433219114568,0.00707665981785,0.00429114250237,0.00773803137356,0.000433219114568,0.000284235061068,0.000433219114568,0.303186106948,0.372226170495,0.303180542282
100,0.0962027998219,0.00115786997586,0.219199368418,0.0792279596219,0.00691510148149,0.0942862589059,0.208893624214,0.0900384252484,0.000860392379853,0.0533633513855,0.069420342883,0.0804345056642,1,0.1,30,15,3,4,20,6.73288349155e-05,4.41744485881e-05,6.73288349155e-05,0.00211831346633,0.005921869723,0.000710630376643,6.73288349155e-05,4.41744485881e-05,6.73288349155e-05,0.306996471839,0.37690421312,0.306990837238
101,0.0041456179751,0.0475378297532,0.0815325126343,0.0747945204247,0.0397201795022,0.184338682005,0.0124836601941,0.0760163954627,0.305885649681,0.0899311750337,0.0255475408459,0.0580662364873,1,0.1,30,15,3,4,20,0.000249513879537,0.000163706056364,0.000249513879537,0.00503654801332,0.00238185383757,0.00403545239992,0.000249513879537,0.000163706056364,0.000249513879537,0.30585917663,0.375507938585,0.305853562903
102,0.127721110311,0.0204669599915,0.03080765096,0.11173401542,0.0228757876562,0.0917506213555,0.0194023841835,0.0150193244228,0.0764843890514,0.260111172919,0.157354794434,0.0662717892958,1,0.1,30,15,3,4,20,8.81205599649e-05,5.7815899393e-05,8.81205599649e-05,0.00129786810584,0.000734181053898,0.000109976625508,8.81205599649e-05,5.7815899393e-05,8.81205599649e-05,0.309009776815,0.379375978099,0.309004105262
103,0.0209780122238,0.00262081371446,0.0116301403122,0.141891610608,0.0429588896998,0.177030771521,0.130169142034,0.0702399245378,0.0911679561178,0.0546773256768,0.0470856861244,0.20954972743,1,0.1,30,15,3,4,20,3.00589102246e-06,1.97216509983e-06,3.00589102246e-06,1.38022127141e-05,1.65503060949e-06,0.000353865582632,3.00589102246e-06,1.97216509983e-06,3.00589102246e-06,0.309699076108,0.380222241269,0.309693391903
104,0.0246105354048,0.00604966232899,0.0254968645887,0.151040377747,0.102624526182,0.0560107584324,0.0179635893341,0.0804229532743,0.0261768491414,0.425607400851,0.0651609718475,0.0188355108675,1,0.1,30,15,3,4,20,1.41198255086e-05,9.26401751621e-06,1.41198255086e-05,2.98768450643e-05,0.000125835835696,8.23058150736e-05,1.41198255086e-05,9.26401751621e-06,1.41198255086e-05,0.309721465103,0.380249728577,0.309715780487
105,0.182015822274,0.00239936337264,0.141498003935,0.00926348079566,0.0719735098905,0.0864331074774,0.0277735049581,0.0827131174965,0.0581386021007,0.0580092497813,0.267746121319,0.0120361166,1,0.1,30,15,3,4,20,2.43088608011e-06,1.59490435716e-06,2.43088608011e-06,0.0089431873797,0.000184033361161,0.000922861642974,2.43088608011e-06,1.59490435716e-06,2.43088608011e-06,0.306700744576,0.376541144285,0.306695115402
106,0.0311973858982,0.00127899129791,0.12164484004,0.0836476670814,0.0754747134432,0.290977436842,0.00348121773617,0.0319354946375,0.205186558963,0.0113522115625,0.0827638831334,0.061059599364,1,0.1,30,15,3,4,20,6.54300848276e-05,4.29286786554e-05,6.54300848276e-05,0.0554813124518,0.00218504461071,0.000911310088103,6.54300848276e-05,4.29286786554e-05,6.54300848276e-05,0.291562318475,0.357955469527,0.291556967151
107,0.150404033789,0.180395330959,0.059570181648,0.0856466970228,0.00168767360105,0.00407698703947,0.115214057899,0.0219793399694,0.0473115044011,0.0744168349395,0.155349928211,0.10394743052,1,0.1,30,15,3,4,20,2.63866836556e-05,1.73123031464e-05,2.63866836556e-05,0.000923160430002,0.00157626928677,0.000659520637134,2.63866836556e-05,1.73123031464e-05,2.63866836556e-05,0.308796317523,0.379113910896,0.308790649887
108,0.0888201849428,0.159269638913,0.138688494529,0.0370393844958,0.0670734169109,0.0679774546455,0.0102051065098,0.180458157536,0.0650712892635,0.112135705668,0.0555841602202,0.0176770063659,1,0.1,30,15,3,4,20,0.000263291126741,0.000172745308255,0.000263291126741,0.038122713072,0.000883605054864,0.00130917324036,0.000263291126741,0.000172745308255,0.000263291126741,0.296894634227,0.364502034249,0.296889185034
109,0.0746523550832,0.0151681653434,0.104084834941,0.0228340661534,0.0998847301912,0.0981687691615,0.0940033745344,0.118397569953,0.15110742335,0.0609031395386,0.0454417218449,0.115353849906,1,0.1,30,15,3,4,20,0.000247925902378,0.00016266418455,0.000247925902378,0.0418130931845,0.0061939806472,0.00231211086781,0.000247925902378,0.00016266418455,0.000247925902378,0.293820593857,0.36072798838,0.293815201085
110,0.0700787905089,0.063150082803,0.0597953917924,0.00631098143922,0.0122675523259,0.0880655368253,0.0438049736285,0.0779611781643,0.447999902056,0.00729779452282,0.0680144241577,0.0552533917759,1,0.1,30,15,3,4,20,0.000606891023606,0.000398181200588,0.000606891023606,0.0234287953501,0.00148428148805,0.00731348130272,0.000606891023606,0.000398181200588,0.000606891023606,0.29883523221,0.366884535754,0.2988297474
111,0.00681472871744,0.0178986551009,0.160749550188,0.0252458778264,0.150907884567,0.114357200984,0.0762869902024,0.0162539910909,0.0799766966553,0.0628046554452,0.122909218664,0.165794550558,1,0.1,30,15,3,4,20,4.71927798663e-05,3.09631828703e-05,4.71927798663e-05,0.0194808905221,0.000926930124651,0.000999530863958,4.71927798663e-05,3.09631828703e-05,4.71927798663e-05,0.303108383191,0.372130747862,0.303102819951
112,0.075675897545,0.0483659082415,0.0248147360643,0.027918313176,0.0792161690243,0.146261957939,0.0650997554024,0.215834532904,0.175957060546,0.0635884670468,0.0631230608186,0.0141441412923,1,0.1,30,15,3,4,20,0.00016229045633,0.000106478768398,0.00016229045633,0.00443795318085,0.00977986084253,0.00245770260077,0.00016229045633,0.000106478768398,0.00016229045633,0.304384963148,0.373698024389,0.304379376477
113,0.0126747474215,0.0856743873151,0.0146497572919,0.0450499981965,0.198897780189,0.078422954872,0.0223310718711,0.0213500401165,0.106169054433,0.102916835637,0.0761454326595,0.235717939997,1,0.1,30,15,3,4,20,2.61340066192e-05,1.71465217429e-05,2.61340066192e-05,0.0287246161741,0.00246619311526,4.05199453152e-05,2.61340066192e-05,1.71465217429e-05,2.61340066192e-05,0.300099392575,0.368436564559,0.300093884562
114,0.0131434471856,0.126344739868,0.00276651545724,0.229437480656,0.00770530648665,0.342417211868,0.00919530324783,0.0196371079136,0.118565600971,0.0475638238467,0.0789743511938,0.0042491113051,1,0.1,30,15,3,4,20,0.000352779468626,0.000231458609366,0.000352779468626,0.0636779840823,0.0063878143079,0.0111670534037,0.000352779468626,0.000231458609366,0.000352779468626,0.28407039971,0.348757527511,0.284065185892
115,0.00877029246239,0.126196090842,0.0127120914437,0.216749031018,0.0483501279415,0.119013976912,0.0169547756035,0.0446570652882,0.0182951922685,0.0256929107606,0.173450567096,0.189157878364,1,0.1,30,15,3,4,20,1.09573290011e-05,7.18910355765e-06,1.09573290011e-05,1.01340111873e-05,0.000854447211322,3.84285196226e-06,1.09573290011e-05,7.18910355765e-06,1.09573290011e-05,0.309531358718,0.380016332093,0.309525677591
116,0.194632171684,0.00552360260743,0.419053108596,0.138867317379,0.0198812268002,0.040058653426,0.0207725059345,0.000723558734794,0.0329791005512,0.0228093132432,0.0089422824272,0.0957571586167,1,0.1,30,15,3,4,20,0.000396538251692,0.000260168746935,0.000396538251692,0.0596161186646,0.0191490581108,0.000569720892931,0.000396538251692,0.000260168746935,0.000396538251692,0.284586401935,0.34939103125,0.284581178647
117,0.0958312583251,0.129639358308,0.248242651261,0.0161925522427,0.00584853952704,0.116509464037,0.0253419864352,0.051931140358,0.151055600483,0.00592392379974,0.0481729167455,0.105310608478,1,0.1,30,15,3,4,20,0.000426647252931,0.000279923262648,0.000426647252931,0.0709137228268,0.00113648504935,0.00752127036383,0.000426647252931,0.000279923262648,0.000426647252931,0.284463550987,0.349240205282,0.284458329954
118,0.178660205332,0.179235756853,0.00131983028898,0.0568773463142,0.00446231736436,0.0689517126641,0.0262596874502,0.136187986176,0.132475927265,0.202557311558,0.00316495116238,0.00984696757165,1,0.1,30,15,3,4,20,0.000170574721029,0.000111914074467,0.000170574721029,0.0263777867378,0.00145344628749,0.0027558285474,0.000170574721029,0.000111914074467,0.000170574721029,0.300061275518,0.368389767672,0.300055768205
119,0.256281449694,0.0798698209901,0.00524235388859,0.218918805223,0.0100143245327,0.151687557609,0.0213009653214,0.0706521955477,0.0250009701387,0.036041142952,0.0767611608133,0.0482292532891,1,0.1,30,15,3,4,20,0.000209444179228,0.000137416325991,0.000209444179228,0.0334140042934,0.00567729265961,0.0100592268596,0.000209444179228,0.000137416325991,0.000209444179228,0.294246000453,0.361250266493,0.294240599873
120,0.0494597163327,0.0391429359674,0.37810082983,0.0507017029587,0.0123977797059,0.0156967504643,0.148821847687,0.0558161665855,0.0274584739892,0.00352928829158,0.0130739345471,0.205800573641,1,0.1,30,15,3,4,20,6.37776946838e-05,4.18445454821e-05,6.37776946838e-05,0.000317434003326,0.00249447001444,0.000590666449183,6.37776946838e-05,4.18445454821e-05,6.37776946838e-05,0.308659300736,0.378945693313,0.308653635614
121,0.00854028700409,0.0387231109169,0.0140574948901,0.100980887879,0.240506335835,0.00955476370124,0.0195081709675,0.123663215429,0.0589006313216,0.0701667929119,0.167769718655,0.147628590488,1,0.1,30,15,3,4,20,4.45586194862e-05,2.92349102449e-05,4.45586194862e-05,0.0381975122145,0.00054847271159,0.0013006639968,4.45586194862e-05,2.92349102449e-05,4.45586194862e-05,0.297337920374,0.365046263359,0.297332463045
122,0.0827379177565,0.041066256896,0.0105563635429,0.118514359739,0.238130018951,0.0246237017362,0.130303736829,0.0293390816445,0.0718911441871,0.22766009662,0.0215106167875,0.00366670531016,1,0.1,30,15,3,4,20,3.83299731709e-05,2.51482953974e-05,3.83299731709e-05,0.0176161481489,0.00604411688842,0.00113679495972,3.83299731709e-05,2.51482953974e-05,3.83299731709e-05,0.302072775537,0.370859316678,0.302067231305
123,0.10305846432,0.045107318001,0.108795634313,0.0419232667661,0.00310523095578,0.279766778273,0.081412025069,0.0706146151047,0.012747546818,0.0578022028688,0.000214269977611,0.195452647533,1,0.1,30,15,3,4,20,0.000104831883523,6.87801987795e-05,0.000104831883523,0.000557785166119,0.000147781814175,0.000417508763496,0.000104831883523,6.87801987795e-05,0.000104831883523,0.309297962544,0.379729788079,0.309292285701
124,0.106089049558,0.101993027478,0.0727490332546,0.228456092552,0.0646457379019,0.0443045176388,0.0490377033884,0.0735147410966,0.123391546446,0.0125948305574,0.0491123100224,0.0741114101058,1,0.1,30,15,3,4,20,0.000260013811882,0.000170595061976,0.000260013811882,0.00103504612892,0.00483953808121,0.000582404338822,0.000260013811882,0.000170595061976,0.000260013811882,0.307390016825,0.377387374254,0.307384375001
125,0.242381209634,0.0805707147318,0.00656267634948,0.104208679035,0.176206110576,0.108786475242,9.63739901898e-05,0.0914915867832,0.0355214774382,0.0557519017085,0.0135961689605,0.084826625551,1,0.1,30,15,3,4,20,0.000476924038546,0.00031290986169,0.000476924038546,0.00996878074816,0.00795006802233,0.00214015350465,0.000476924038546,0.00031290986169,0.000476924038546,0.302818867409,0.371775304956,0.302813309482
126,0.032653682753,0.0295738758082,0.194593806275,0.000920094304172,0.187553169143,0.035397839141,0.167160678418,0.108816629327,0.0968839185715,0.0498247625484,0.00335816864123,0.0932633750684,1,0.1,30,15,3,4,20,0.000100319275892,6.5819476913e-05,0.000100319275892,0.0113203561031,0.013541198129,0.0043856188739,0.000100319275892,6.5819476913e-05,0.000100319275892,0.300592025326,0.36904137724,0.300586508271
127,0.0159987773683,0.00925698932908,0.149744858628,0.0042969699328,0.198773801818,0.0908097010649,0.0395124831528,0.0300587834949,0.137322141228,0.0341032873119,0.170047708492,0.120074498179,1,0.1,30,15,3,4,20,4.39237914876e-05,2.8818399595e-05,4.39237914876e-05,0.0186123171277,0.000253976305944,0.000552674561608,4.39237914876e-05,2.8818399595e-05,4.39237914876e-05,0.303729801241,0.372893672204,0.303724226595
128,0.0548881216195,0.133390978786,0.0412020503759,0.0128414175995,0.00329852121437,0.0619292511826,0.221141111615,0.197118425984,0.178777419535,0.0435647728955,0.0170839751604,0.0347639540327,1,0.1,30,15,3,4,20,0.000801507947721,0.0005258693645,0.000801507947721,0.136709608323,0.00478103191542,0.0115237256446,0.000801507947721,0.0005258693645,0.000801507947721,0.261092637337,0.320547381008,0.261087845252
129,0.0802838970259,0.0661932819511,0.19688348583,0.00879467463817,0.0144158197472,0.0293216131069,0.139146519023,0.113488834228,0.135527150826,0.0308498599394,0.0635920575909,0.121502806093,1,0.1,30,15,3,4,20,0.000347003994292,0.000227669320655,0.000347003994292,0.0342681917819,0.00342471326888,0.000289611986854,0.000347003994292,0.000227669320655,0.000347003994292,0.297479656602,0.36522027507,0.297474196672
130,0.103342084463,0.0882514508473,0.0458214355166,0.0366418011474,0.217801179548,0.0103742873685,0.263463758556,0.137522309024,0.0229027151182,0.00877554151298,0.0219589187494,0.0431445181483,1,0.1,30,15,3,4,20,0.00148788089347,0.000976198654203,0.00148788089347,0.0966681036502,0.0104638174324,0.0154852972024,0.00148788089347,0.000976198654203,0.00148788089347,0.269380589737,0.330722625561,0.269375645535
131,0.0350881648037,0.0618076402465,0.0145971365832,0.0122789930518,0.0552676058477,0.151083754526,0.173706998093,0.18088732873,0.0287768024079,0.0425017140585,0.0649700722893,0.179033789362,1,0.1,30,15,3,4,20,9.31961239557e-05,6.11459769273e-05,9.31961239557e-05,0.0397988549391,0.000121942511074,0.00190587024204,9.31961239557e-05,6.11459769273e-05,9.31961239557e-05,0.296706389266,0.364270923063,0.296700943528
132,0.131831966044,0.0927530806934,0.0692771519395,0.0337519230016,0.00158544275064,0.0307755996408,0.0029629263949,0.142218433638,0.198620381092,0.160533163461,0.0718637828503,0.0638261484936,1,0.1,30,15,3,4,20,7.22251201078e-05,4.73869013028e-05,7.22251201078e-05,0.000757644392311,0.00101924043477,0.000686670045108,7.22251201078e-05,4.73869013028e-05,7.22251201078e-05,0.308936322167,0.379285796716,0.308930651962
133,0.0925871473855,0.0340033252272,0.067730792933,0.0783120753164,0.243515312115,0.0536990828557,0.120142209578,0.0907163816293,0.028857248296,0.073930936948,0.0481617922058,0.0683436955109,1,0.1,30,15,3,4,20,3.10929642538e-05,2.04000938469e-05,3.10929642538e-05,0.000111591706045,0.00479097525996,5.7892288416e-05,3.10929642538e-05,2.04000938469e-05,3.10929642538e-05,0.308230431155,0.378419163641,0.308224773905
134,0.145442109095,0.0616347339057,0.00359639046104,0.00051256898088,0.422984578773,0.0242170302953,0.018398164885,0.0462889428416,0.0485021938788,0.0386570142844,1.3558220465e-05,0.189752714379,1,0.1,30,15,3,4,20,2.08991486731e-05,1.37119314444e-05,2.08991486731e-05,0.0436775718315,0.00202993640159,0.000898879945436,2.08991486731e-05,1.37119314444e-05,2.08991486731e-05,0.295344531322,0.362598949462,0.29533911058
135,0.17919832451,0.0448420446014,0.098049933808,0.0125527964582,0.0481893076564,0.0604632182248,0.0881595871482,0.0656161667546,0.0370821625399,0.0898059953347,0.214985599783,0.0610548631802,1,0.1,30,15,3,4,20,5.36309000728e-05,3.51872335378e-05,5.36309000728e-05,0.000240255799201,0.00012793836003,0.000154237110013,5.36309000728e-05,3.51872335378e-05,5.36309000728e-05,0.30956832076,0.38006171095,0.309562638954
136,0.0166980051184,0.0200327663142,0.029487298975,0.0287365654663,0.047752649375,0.0129835087799,0.0173711120789,0.0728529926869,0.143794255285,0.117274522788,0.0225005067087,0.470515816424,1,0.1,30,15,3,4,20,6.57311892996e-06,4.31262332994e-06,6.57311892996e-06,0.000112617473025,0.000248688023123,9.47777086474e-05,6.57311892996e-06,4.31262332994e-06,6.57311892996e-06,0.309666325136,0.380182032405,0.309660641532
137,0.0621853122986,0.0599050756758,0.0710509530613,0.0311342791654,0.0125202482568,0.0434065448645,0.321191075459,0.0565935256097,0.0725252482977,0.019874363462,0.225048637099,0.0245647367507,1,0.1,30,15,3,4,20,0.000116262240593,7.6279656053e-05,0.000116262240593,0.00191281162229,0.00115203470511,0.00122516337035,0.000116262240593,7.6279656053e-05,0.000116262240593,0.308297975705,0.378502089107,0.308292317216
138,0.0586659234009,0.00177400173518,0.103234773007,0.0290182953148,0.302114485964,0.020162539411,0.043671796105,0.0313970613243,0.0823505201545,0.152442923505,0.0389058815503,0.136261798528,1,0.1,30,15,3,4,20,8.48580132965e-05,5.56753425239e-05,8.48580132965e-05,0.0170583966968,0.00517084257919,0.00017624258855,8.48580132965e-05,5.56753425239e-05,8.48580132965e-05,0.302737153893,0.371674984037,0.302731597467
139,0.0530148891846,0.0587465366021,0.241355741018,0.153227485836,0.00681671416978,0.0128430074877,0.0187500666442,0.0277414056075,0.0133235898744,0.0611655340448,0.294924804226,0.0580902253051,1,0.1,30,15,3,4,20,5.43976202435e-05,3.56902786418e-05,5.43976202435e-05,0.0117650703618,0.000561555068919,0.00163116161986,5.43976202435e-05,3.56902786418e-05,5.43976202435e-05,0.305404537825,0.374949771645,0.305398932441
140,0.0690559351294,0.0469512882476,0.0232362600141,0.00416641553833,0.0591577191578,0.0686487550184,0.230186173459,0.107096299489,0.0618607268512,0.0312244293755,0.162584784601,0.135831213119,1,0.1,30,15,3,4,20,5.75920102632e-05,3.77861179337e-05,5.75920102632e-05,0.0107669114483,0.00123948616747,0.000124774294791,5.75920102632e-05,3.77861179337e-05,5.75920102632e-05,0.305965199506,0.375638104474,0.305959583832
141,0.0154562753233,0.0144135711525,0.291735216521,0.132826328077,0.0129009033841,0.01539178729,0.033322050468,0.0330292174502,0.0597157802539,0.0432731972827,0.255810122145,0.0921255506512,1,0.1,30,15,3,4,20,6.23875779297e-05,4.09324898797e-05,6.23875779297e-05,0.023212515098,0.000273239126583,0.00275466961553,6.23875779297e-05,4.09324898797e-05,6.23875779297e-05,0.301586000366,0.370261695435,0.301580465068
142,0.142149489708,0.0429354813263,0.123554386199,0.00419007266271,0.0281217815887,0.285183388672,0.0718108841778,0.000267746730226,0.0693731941875,0.045592038455,0.0476265412982,0.139194994995,1,0.1,30,15,3,4,20,4.10486405441e-05,2.6932013061e-05,4.10486405441e-05,0.0842303806404,0.00089942261052,0.000116027801979,4.10486405441e-05,2.6932013061e-05,4.10486405441e-05,0.283340156779,0.347860997216,0.283334956364
143,0.000632678170446,0.140654219265,0.12950274008,0.0356978155228,0.0432464644042,0.00826778905329,0.13953562287,0.0390001331905,0.0166830268283,0.101733880889,0.110644707332,0.234400922395,1,0.1,30,15,3,4,20,5.33392193477e-05,3.4995861814e-05,5.33392193477e-05,0.00146104500815,0.000930946439176,0.00029879021135,5.33392193477e-05,3.4995861814e-05,5.33392193477e-05,0.308897005864,0.379237527496,0.30889133638
144,0.133111717233,0.0527764080627,0.00663791170428,0.113298557569,0.0224705999533,0.200371365866,0.0975280717706,0.110666187595,0.12332463923,0.0612345295358,0.070894379268,0.00768563221339,1,0.1,30,15,3,4,20,0.000513669870287,0.000337018801896,0.000513669870287,0.00594707506272,0.0077108740391,0.000683217156215,0.000513669870287,0.000337018801896,0.000513669870287,0.304529881545,0.373875942898,0.304524292215
145,0.034449857564,0.141454403506,0.0884517682709,0.165346777907,0.00277202221647,0.0989801450517,0.0197611424799,0.0457071308485,0.0699348043479,0.0610728500674,0.042599955282,0.229469142458,1,0.1,30,15,3,4,20,0.000103168959508,6.7689154333e-05,0.000103168959508,0.0252712208035,0.00363527562359,0.00161200778035,0.000103168959508,6.7689154333e-05,0.000103168959508,0.30019345344,0.368552044506,0.3001879437
146,0.00319283280438,0.0137923162558,0.0403847369062,0.0107407474951,0.106745841769,0.108148009685,0.0819981940169,0.226009407876,0.00213674037764,0.076202139172,0.299591234471,0.0310577991707,1,0.1,30,15,3,4,20,5.8587330526e-07,3.84391475581e-07,5.8587330526e-07,6.8497121878e-07,4.09973738414e-07,2.13911690885e-06,5.8587330526e-07,3.84391475581e-07,5.8587330526e-07,0.309816480068,0.380366379887,0.309810793708
147,0.0157232445713,0.0337994231004,0.00597394421829,0.0576442209035,0.0666693678137,0.109742950182,0.048398286941,0.0820525816955,0.022341712544,0.0743024940376,0.350575115378,0.132776658615,1,0.1,30,15,3,4,20,1.02092344924e-05,6.69827875045e-06,1.02092344924e-05,0.00111151871454,5.1647499183e-05,0.000863947895938,1.02092344924e-05,6.69827875045e-06,1.02092344924e-05,0.309173606399,0.379577114158,0.309167931838
148,0.0937140900859,0.0178156497436,0.0145262129932,0.0430064414612,0.0541152097525,0.229992900347,0.00241358777059,0.138673231798,0.0849819113006,0.0666285795575,0.00522989827251,0.248902286918,1,0.1,30,15,3,4,20,0.000277935255459,0.000182353321107,0.000277935255459,0.0265511497459,0.00255181023135,0.000917793842763,0.000277935255459,0.000182353321107,0.000277935255459,0.300060032254,0.368388241298,0.300054524964
149,0.00117785976427,0.0372199841809,0.21985643633,0.0732400370274,0.122074738851,0.0833949487773,0.00920896920257,0.263515842466,0.0717655265372,0.0453581705352,0.0284767776225,0.0447107087055,1,0.1,30,15,3,4,20,0.00039396244046,0.000258478757186,0.00039396244046,0.0359364928411,0.0114494435299,0.011813872343,0.00039396244046,0.000258478757186,0.00039396244046,0.290828863226,0.35705499542,0.290823525364
150,0.0789095566057,0.0775856566195,0.212640513818,0.00466610050929,0.00733198261368,0.0371818196856,0.150054073837,0.0963473562369,0.148098976434,0.0235152080772,0.00720241918771,0.156466336376,1,0.1,30,15,3,4,20,0.000117594405376,7.71536893673e-05,0.000117594405376,0.000113089654062,0.000398210775066,0.000223125335591,0.000117594405376,7.71536893673e-05,0.000117594405376,0.309397368695,0.379851830513,0.309391690027
151,0.0428223336213,0.0621133908275,0.0592907560972,0.0174260589458,0.0781444820553,0.0528986662914,0.0526377431748,0.0406974360811,0.19675819157,0.0100800281876,0.245987815067,0.14114309808,1,0.1,30,15,3,4,20,8.0139668811e-05,5.25796367069e-05,8.0139668811e-05,0.0236273986023,9.96442274477e-05,0.000398777816551,8.0139668811e-05,5.25796367069e-05,8.0139668811e-05,0.302211926739,0.371030154713,0.302206379953
152,0.154831286727,0.0527548284644,0.039350391858,0.00961011297575,0.0310480778541,0.192495431476,0.0200275147581,0.0734968255004,0.0774848833632,0.187319608513,0.0460481995513,0.115532838959,1,0.1,30,15,3,4,20,9.75946953687e-06,6.40318796314e-06,9.75946953687e-06,0.0169243280378,0.00337709627032,0.000407711305565,9.75946953687e-06,6.40318796314e-06,9.75946953687e-06,0.303386311754,0.372471964965,0.303380743413
153,0.151361699826,0.0722289157187,0.0334681575221,0.091879629615,0.0463154119599,0.147622308691,0.00865707672213,0.00594156073359,0.0308291720848,0.0405242477604,0.171992381931,0.199179437435,1,0.1,30,15,3,4,20,0.000216378408993,0.00014196587414,0.000216378408993,0.00633068146675,0.00142034271093,9.96946206266e-05,0.000216378408993,0.00014196587414,0.000216378408993,0.307030029397,0.376945412241,0.307024394179
154,0.0187826626539,0.0684799573864,0.103944499273,0.170029827316,0.186801825957,0.0311687520592,0.0400029882819,0.0714194774423,0.0467864254893,0.022692152471,0.0694539098409,0.170437521829,1,0.1,30,15,3,4,20,0.000132141770976,8.66982159373e-05,0.000132141770976,0.0340086356799,0.0028301739594,0.00226393744365,0.000132141770976,8.66982159373e-05,0.000132141770976,0.297486212688,0.365228324076,0.297480752637
155,0.140600034243,0.0174028801432,0.0827933072254,0.140975991734,0.25247286432,0.0697308167435,0.0243139609175,0.104675761533,0.0963690634641,0.0550773486404,0.00230981637447,0.0132781546613,1,0.1,30,15,3,4,20,0.00125738910118,0.000824972989283,0.00125738910118,0.0423713477209,0.0214199794158,0.0191773331197,0.00125738910118,0.000824972989283,0.00125738910118,0.282043791819,0.346269430343,0.282038615198
156,0.0991967129962,0.038213143626,0.108668423124,0.0272916106971,0.00543705730338,0.113971100104,0.0838590237374,0.0628386127743,0.173893035851,0.04288598614,0.0789711433889,0.164774150259,1,0.1,30,15,3,4,20,0.000155407028506,0.000101962551403,0.000155407028506,0.00503807484828,0.00306608841966,0.000414832981898,0.000155407028506,0.000101962551403,0.000155407028506,0.306923332483,0.376814418826,0.306917699224
157,0.101558378906,0.00704675065096,0.0239991716575,0.110639961618,0.0223766042988,0.0410636794356,0.00765557348824,0.0391675778068,0.0592798721831,0.423195662916,0.0436748628028,0.120341904236,1,0.1,30,15,3,4,20,2.11583414674e-05,1.38819878368e-05,2.11583414674e-05,0.00183506565442,0.000319536044476,0.001039129548,2.11583414674e-05,1.38819878368e-05,2.11583414674e-05,0.308794146658,0.379111245692,0.308788479062
158,0.143305465033,0.301851114619,0.0499855877026,0.00808105474643,0.0171005464463,0.078394808903,0.102437889902,0.0770255435708,0.0470774813999,0.0242013220228,0.0787060007375,0.0718331849172,1,0.1,30,15,3,4,20,0.000484524611926,0.000317896597885,0.000484524611926,0.00532085246419,0.00348481800858,0.000955860406788,0.000484524611926,0.000317896597885,0.000484524611926,0.30599670484,0.375676784049,0.305991088588
159,0.193938683875,0.0124948646538,0.284079835455,0.0207666132132,0.020485044702,0.172082766805,0.00866932280545,0.000695417074798,0.096956569585,0.0275167421326,0.0994804415785,0.0628336981187,1,0.1,30,15,3,4,20,0.00040474566394,0.000265553630111,0.00040474566394,0.00384118520209,0.000651759493311,0.00221014023687,0.00040474566394,0.000265553630111,0.00040474566394,0.307075569404,0.377001322397,0.307069933351
160,0.0445031660269,0.122023041081,0.227931788068,0.0412075672242,0.13730317382,0.0148995734986,0.0518187865289,0.158090672869,0.0831824303428,0.0344459895776,0.0674990493059,0.0170947616568,1,0.1,30,15,3,4,20,0.00075991972116,0.000498583329053,0.00075991972116,0.0598771398397,0.0024679743547,0.0207840849814,0.00075991972116,0.000498583329053,0.00075991972116,0.282812797737,0.347213550543,0.282807607002
161,0.0617664465512,0.0874383855952,0.00770370709219,0.103526805217,0.0193212919023,0.327492525968,0.136848570679,0.0408185574458,0.0740267254475,0.115781198002,0.0211752872321,0.00410049886699,1,0.1,30,15,3,4,20,0.00032236996859,0.000211506936392,0.00032236996859,0.0246708444093,0.00555745825354,0.00238477634076,0.00032236996859,0.000211506936392,0.00032236996859,0.299183750663,0.367312417131,0.299178259456
162,0.0774209859667,0.0163990133141,0.0135475417254,0.117601551778,0.0290498909705,0.118320238158,0.100012741613,0.0674235928418,0.053745820801,0.159273690461,0.172273379384,0.0749315529865,1,0.1,30,15,3,4,20,5.85921863663e-05,3.8442333475e-05,5.85921863663e-05,0.00277112339837,0.00265488851429,9.37634228062e-05,5.85921863663e-05,3.8442333475e-05,5.85921863663e-05,0.308011886013,0.378150852464,0.308006232775
163,0.157715528604,0.0241272586073,0.115785719636,0.0380248094266,0.0255373384787,0.00672868131909,0.111245300189,0.0139326883894,0.182176861256,0.0099936651847,0.218888524327,0.0958436245819,1,0.1,30,15,3,4,20,0.000108138018078,7.09493536611e-05,0.000108138018078,0.0107498639111,0.00048541290751,0.00311299086289,0.000108138018078,7.09493536611e-05,0.000108138018078,0.305195112832,0.374692657414,0.305189511293
164,0.191160687598,0.10735474408,0.147924106347,0.0589375066761,0.0337658283218,0.0964334306495,0.023193575087,0.0628621348079,0.0811946025193,0.0234330597503,0.0639944000885,0.109745924075,1,0.1,30,15,3,4,20,2.59164591179e-05,1.70037888272e-05,2.59164591179e-05,7.92743624881e-05,0.00480458412084,3.11307261551e-05,2.59164591179e-05,1.70037888272e-05,2.59164591179e-05,0.308253038197,0.378446918648,0.308247380532
165,0.221084829479,0.0412772587451,0.0875613918471,0.0688550974899,0.0356296091162,0.0761076512981,0.0142525466715,0.0710187570926,0.0699438227177,0.0195488879453,0.273640933554,0.0210792140435,1,0.1,30,15,3,4,20,5.28426603451e-05,3.46700694524e-05,5.28426603451e-05,0.00201823157925,0.00314015446898,0.000184861425387,5.28426603451e-05,3.46700694524e-05,5.28426603451e-05,0.308076040272,0.378229615618,0.308070385856
166,0.178599022689,0.0363193603736,0.0206175435363,0.201474391553,0.22042046365,0.0171198941084,0.116114173483,0.0548242363553,0.0314607539395,0.0314509956962,0.0102273020635,0.0813718625523,1,0.1,30,15,3,4,20,0.000785565523276,0.000515409539821,0.000785565523276,0.0403785313142,0.00634321787559,0.0124625019211,0.000785565523276,0.000515409539821,0.000785565523276,0.290189176032,0.356269641774,0.29018384991
167,0.138362249301,0.039422120225,0.046490757755,0.0399342705997,0.0664948237625,0.107677256285,0.158870446807,0.138074438785,0.061362294771,0.0628687981602,0.0652545997131,0.0751879438355,1,0.1,30,15,3,4,20,0.000249099410297,0.000163434123096,0.000249099410297,0.0475892719319,0.00209022160571,0.00400729777534,0.000249099410297,0.000163434123096,0.000249099410297,0.292775315829,0.35944468473,0.292769942241
168,0.0554344593907,0.155468605806,0.0855035002439,0.118448664298,0.0214927253741,0.0134863148203,0.0378903557781,0.0108800296998,0.15866925873,0.09172117372,0.120261052928,0.130743859211,1,0.1,30,15,3,4,20,0.000144916234511,9.50795414626e-05,0.000144916234511,0.0206885800296,0.00209071023362,0.00194367481557,0.000144916234511,9.50795414626e-05,0.000144916234511,0.30192030997,0.370672132394,0.301914768536
169,0.0132182220401,0.0610704459972,0.294901149971,0.0851576083719,0.0806352634613,0.120585456381,0.0575571661976,0.00295637826749,0.0419465910861,0.115883756517,0.089564086949,0.0365238747597,1,0.1,30,15,3,4,20,0.000104403216531,6.84989503659e-05,0.000104403216531,0.000426841019856,0.000642214278705,0.000145038874983,0.000104403216531,6.84989503659e-05,0.000104403216531,0.309270468864,0.379696033671,0.309264792525
170,0.0923709129603,0.031650342978,0.252188823334,0.186602596538,0.047133972025,0.0203470204496,0.0954693993215,0.00381153685012,0.0908628361029,0.0511396152657,0.0469774193477,0.0814455248266,1,0.1,30,15,3,4,20,0.000283536117087,0.000186028046421,0.000283536117087,0.0683766791235,0.000574811396265,0.00687915621605,0.000283536117087,0.000186028046421,0.000283536117087,0.28585806441,0.35095227051,0.285852817782
171,0.0183719101771,0.0603441427476,0.047117726107,0.159536634051,0.0339760314718,0.250095583198,0.0200173145337,0.000829351059381,0.0111288246315,0.170684565874,0.0218562957142,0.206041620435,1,0.1,30,15,3,4,20,0.000105319281694,6.90999807194e-05,0.000105319281694,0.00944256470878,0.000261925105735,0.00416023929623,0.000105319281694,6.90999807194e-05,0.000105319281694,0.305349561127,0.374882275922,0.305343956752
172,0.0909050585951,0.0525115080206,0.128426368991,0.031502473762,0.0777929060081,0.049224698022,0.0565626758909,0.190652074119,0.0229207242734,0.177863857161,0.112105131982,0.0095325231744,1,0.1,30,15,3,4,20,2.55656708388e-05,1.67736366373e-05,2.55656708388e-05,0.0399623668148,0.000236662352457,0.0019786826294,2.55656708388e-05,1.67736366373e-05,2.55656708388e-05,0.296708936714,0.364274050603,0.296703490929
173,0.0561212950071,0.0685350757956,0.0584310960836,0.197438399387,0.153048852002,0.117867680959,0.00581549161092,0.0385292694375,0.00143132891503,0.114504114975,0.0439443037379,0.14433309209,1,0.1,30,15,3,4,20,1.71762876833e-05,1.1269362349e-05,1.71762876833e-05,0.00424047277275,0.00580948490796,2.15488386358e-05,1.71762876833e-05,1.1269362349e-05,1.71762876833e-05,0.306669838743,0.376503200726,0.306664210136
174,0.0110281755241,0.0860128523931,0.0470070813868,0.323682665554,0.0132813486489,0.0967535573856,0.0757159526645,0.0362628843884,0.211576544993,0.0450019511148,0.0296001914541,0.0240767944935,1,0.1,30,15,3,4,20,0.00117939539639,0.000773801319569,0.00117939539639,0.0603877831784,0.01977197629,0.00152870254264,0.00117939539639,0.000773801319569,0.00117939539639,0.282568784259,0.346913971504,0.282563598002
175,0.00902300439425,0.19964540263,0.16713899968,0.104915343309,0.0110745731311,0.152267594299,0.0311188698529,0.00190767388364,0.0100537755394,0.00358114630701,0.207253835822,0.102019781151,1,0.1,30,15,3,4,20,7.74621909145e-05,5.0822943459e-05,7.74621909145e-05,0.0433843062691,0.00020699664273,0.00238469526984,7.74621909145e-05,5.0822943459e-05,7.74621909145e-05,0.295446745324,0.362724439138,0.295441322706
176,0.0331070498258,0.113778518157,0.185271277999,0.000948470507298,0.197692682626,0.0896402601211,0.0754901212984,0.108089389671,0.0891621514842,0.0877851794065,0.00163382193792,0.0174010769657,1,0.1,30,15,3,4,20,2.60152427737e-06,1.70686007838e-06,2.60152427737e-06,1.31757589952e-05,4.94668998076e-06,9.46629964552e-05,2.60152427737e-06,1.70686007838e-06,2.60152427737e-06,0.309779221634,0.380320637145,0.309773535958
177,0.0215994821538,0.052697794888,0.0828951052474,0.0571728528413,0.182421068743,0.05416121677,0.0182742874478,0.2851926362,0.188071950361,0.000964481060679,0.00992257554055,0.0466265487465,1,0.1,30,15,3,4,20,0.000581177804507,0.000381310757537,0.000581177804507,0.10245951667,0.0479410285046,0.0115324107483,0.000581177804507,0.000381310757537,0.000581177804507,0.258692116844,0.317600225681,0.258687368819
178,0.249306663098,0.0402150459284,0.0111771333833,0.204994995498,0.0870041714146,0.0178920910229,0.0755776383525,0.00827791609102,0.119576216592,0.00957832349557,0.0533355303971,0.123064274728,1,0.1,30,15,3,4,20,3.03174462797e-05,1.98912765041e-05,3.03174462797e-05,0.000760116822056,3.52200266677e-05,0.00649150191163,3.03174462797e-05,1.98912765041e-05,3.03174462797e-05,0.307510952232,0.377535848482,0.307505308188
179,0.116424098116,0.0185383266326,0.0562077193657,0.13242297002,0.11683432618,0.0193375439643,0.0475328798943,0.110720724268,0.107627039851,0.0984219970112,0.0380847025035,0.137847672192,1,0.1,30,15,3,4,20,0.00033259841394,0.000218217819386,0.00033259841394,0.0142059486958,0.00155225870281,0.00121339157183,0.00033259841394,0.000218217819386,0.00033259841394,0.304012935549,0.373241280478,0.304007355707
180,0.000764249208739,0.305584764551,0.121183849346,0.24663758351,0.00576440075849,0.0569432478779,0.0777339484601,0.055418275258,0.0216667512078,0.0177411219727,0.0787910671809,0.0117707406689,1,0.1,30,15,3,4,20,0.000913508558957,0.000599352965532,0.000913508558957,0.0438039469213,0.000416940297104,0.0194051090488,0.000913508558957,0.000599352965532,0.000913508558957,0.288602470555,0.354321619455,0.288597173556
181,0.0113692467856,0.00478745266692,0.233938252319,0.125682751617,0.0842482358001,0.103649652826,0.0910357886286,0.076860135743,0.0268315399968,0.119875472692,0.0584986529533,0.063222817971,1,0.1,30,15,3,4,20,0.000122286341537,8.02320686821e-05,0.000122286341537,0.0373128974923,0.00112812461215,0.00214143820158,0.000122286341537,8.02320686821e-05,0.000122286341537,0.297043990475,0.364685401175,0.297038538541
182,0.0267051019895,0.0128088500228,0.0814600210402,0.0263185526175,0.151607549439,0.03699264133,0.0777824798492,0.116955045127,0.0972428856683,0.15264653342,0.0828267523711,0.136653587125,1,0.1,30,15,3,4,20,3.4236595898e-05,2.24626305687e-05,3.4236595898e-05,0.000114075402362,3.3170830347e-05,0.000381832606705,3.4236595898e-05,2.24626305687e-05,3.4236595898e-05,0.309598180706,0.380098370458,0.309592498352
183,0.0618258700151,0.0565236099602,0.02419030769,0.15970649628,0.0836109131095,0.254703810633,0.02992403223,0.166185684226,0.101461356203,0.0171875749822,0.00585637234486,0.0388239723253,1,0.1,30,15,3,4,20,0.000856985723233,0.000562268333013,0.000856985723233,0.0232713744998,0.0183675165657,0.0308640730118,0.000856985723233,0.000562268333013,0.000856985723233,0.285945248455,0.351059307681,0.285940000227
184,0.145603705743,0.0847283786107,0.0560643572048,0.00271210683044,0.0506635033892,0.225856070992,0.0078065027626,0.0205555802566,0.01375026651,0.203973068814,0.116549176138,0.0717372827491,1,0.1,30,15,3,4,20,5.88109442352e-05,3.85858605127e-05,5.88109442352e-05,0.0313077437872,0.000210715232536,0.00016188826061,5.88109442352e-05,3.85858605127e-05,5.88109442352e-05,0.299906498224,0.368199745246,0.299900993751
185,0.208987596036,0.169501714168,0.151005581906,0.0478316385707,0.0107145035962,0.00368037172124,0.0421114016382,0.0488444163156,0.144426932673,0.0243588199661,0.0513236028942,0.0972134205151,1,0.1,30,15,3,4,20,0.000142475067043,9.34778914867e-05,0.000142475067043,0.00228891380869,0.00566825349955,0.00131719514703,0.000142475067043,9.34778914867e-05,0.000142475067043,0.306710589748,0.376553231352,0.306704960394
186,0.0115397103671,0.0109361441061,0.188812299444,0.00736429704382,0.0219729172707,0.0274204959188,0.0882139327231,0.0334271642728,0.314455548544,0.041051632796,0.0841795277186,0.170626329795,1,0.1,30,15,3,4,20,0.000203444992469,0.000133480259559,0.000203444992469,0.0241626027693,0.00173235974416,0.00117115892769,0.000203444992469,0.000133480259559,0.000203444992469,0.301098029249,0.369662605913,0.301092502907
187,0.243864221655,0.025252396181,0.0401974506942,0.138199329919,0.0107209357389,0.0151040360739,0.103809443398,0.114163445809,0.168995004063,0.0451059946044,0.0503257072576,0.0442620346062,1,0.1,30,15,3,4,20,0.000106035867135,6.95701324273e-05,0.000106035867135,0.00147283625712,0.00773568928888,0.00256588836737,0.000106035867135,6.95701324273e-05,0.000106035867135,0.305995999965,0.375675918663,0.305990383726
188,0.00587102502097,0.00493577374075,0.0494707584822,0.0257744835554,0.256158411571,0.100604966816,0.0281967717562,0.0103470348651,0.13131683642,0.224828299856,0.158152926693,0.00434271122331,1,0.1,30,15,3,4,20,6.76876954034e-05,4.44098969542e-05,6.76876954034e-05,0.0203937754795,0.00286640736937,0.000487179650414,6.76876954034e-05,4.44098969542e-05,6.76876954034e-05,0.30234967373,0.371199268779,0.302344124416
189,0.0838678387723,0.0709890924074,0.00328285370471,0.167342257494,0.210845285526,0.0206061075664,0.0363085247734,0.0635327281216,0.0605804679113,0.037815804106,0.040592530886,0.204236508731,1,0.1,30,15,3,4,20,0.000363063671677,0.000238206074987,0.000363063671677,0.0281122122324,0.00201546289172,0.00281376177199,0.000363063671677,0.000238206074987,0.000363063671677,0.29901504492,0.367105294538,0.299009556809
190,0.131680478413,0.00383723397295,0.064638095196,0.0616800611452,0.0161511874474,0.0381611851276,0.190436081525,0.0523720863732,0.0804880686158,0.00555635265807,0.330818686889,0.0241804826372,1,0.1,30,15,3,4,20,3.14958623459e-06,2.06644352851e-06,3.14958623459e-06,9.03061461758e-06,0.000287142064376,5.76503189582e-05,3.14958623459e-06,2.06644352851e-06,3.14958623459e-06,0.309703641744,0.38022784657,0.309697957455
191,0.259615473369,0.0970343624164,0.00560230399072,0.10839331179,0.0328854579122,0.0872613271217,0.027863875893,0.140885308267,0.0302992039759,0.193750327956,0.0114385448511,0.00497050245819,1,0.1,30,15,3,4,20,7.4625446866e-05,4.89617556888e-05,7.4625446866e-05,0.00307223828604,0.00722229196414,0.000480070680742,7.4625446866e-05,4.89617556888e-05,7.4625446866e-05,0.30635745629,0.376119684063,0.306351833417
192,0.165052614037,0.027443683595,0.153058973545,0.202891706002,0.0951474567599,0.0610029812936,0.0730642644526,0.00697429614817,0.138063224523,0.00321797567882,0.0122077192471,0.0618751047186,1,0.1,30,15,3,4,20,0.0001462765568,9.59720489165e-05,0.0001462765568,0.061236417023,0.0399202190459,0.00323093779003,0.0001462765568,9.59720489165e-05,0.0001462765568,0.277236505812,0.340367452581,0.277231417424
193,0.0424106081827,0.16773084078,0.166155217891,0.152203010641,0.0403457590089,0.102270656312,0.00699766307646,0.00611089332711,0.0612288340181,0.0996623591035,0.0065579945641,0.148326163096,1,0.1,30,15,3,4,20,0.000134621288498,8.83250273838e-05,0.000134621288498,0.0180725575208,0.00113981232413,0.00594378734211,0.000134621288498,8.83250273838e-05,0.000134621288498,0.301803042667,0.370528161552,0.301797503385
194,0.0482014558859,0.116847433856,0.0669754983006,0.183641233889,0.309667743005,0.0112663789107,0.0209513188821,0.0252630027925,0.127991653501,0.00873024465055,0.0419993436023,0.0384646927244,1,0.1,30,15,3,4,20,0.00134126286827,0.000880002567875,0.00134126286827,0.0755738855314,0.00305150305724,0.0214398170065,0.00134126286827,0.000880002567875,0.00134126286827,0.276608925788,0.33959696309,0.276603848918
195,0.133234150292,0.0761425388335,0.0428408046899,0.0126433783685,0.251117621237,0.0752841627229,0.0101377006178,0.134260877218,0.111312214191,0.132500942554,0.0151134787997,0.00541213047665,1,0.1,30,15,3,4,20,0.000506389424076,0.000332242101136,0.000506389424076,0.00770330989859,0.00243342532854,0.00413882635151,0.000506389424076,0.000332242101136,0.000506389424076,0.304562189371,0.373915607704,0.304556599448
196,0.116225002923,0.100475032067,0.0134344353725,0.16113499462,0.0143480210916,0.0707179901996,0.0808399779643,0.0756112329953,0.177513335128,0.0033861073271,0.0627857530256,0.123528117287,1,0.1,30,15,3,4,20,9.79065719818e-05,6.42365018773e-05,9.79065719818e-05,3.53815587662e-05,0.0013006979853,0.000410425584372,9.79065719818e-05,6.42365018773e-05,9.79065719818e-05,0.30911621042,0.379506648246,0.309110536913
197,0.354202087763,0.0640788002557,0.0166295409413,0.00730508917073,0.0728195129372,0.027890906203,0.0306463857407,0.0352849490068,0.109896511175,0.209895065703,0.0263677160638,0.0449834350392,1,0.1,30,15,3,4,20,0.00012956120622,8.5005107401e-05,0.00012956120622,0.00516961447772,0.000962066998761,0.00179569707673,0.00012956120622,8.5005107401e-05,0.00012956120622,0.307149164067,0.377091675678,0.307143526663
198,0.021797572035,0.00612217852568,0.117827731237,0.0934857624504,0.00532440979119,0.126842551524,0.097365627321,0.0128856317246,0.125449757116,0.247670618006,0.129267014746,0.0159611455224,1,0.1,30,15,3,4,20,1.54350622395e-06,1.01269443353e-06,1.54350622395e-06,3.4663910895e-06,7.52180757247e-05,1.21589545663e-05,1.54350622395e-06,1.01269443353e-06,1.54350622395e-06,0.309787760983,0.380331121032,0.30978207515
199,0.138018339755,0.0427576126443,0.112893409775,0.0938623588261,0.156507224234,0.0184215443581,0.0268870517483,0.0165590576595,0.115296625387,0.146681387534,0.128688492772,0.00342689530715,1,0.1,30,15,3,4,20,3.4488480726e-05,2.26278922043e-05,3.4488480726e-05,6.79242650084e-05,0.00134983351348,0.000268407921366,3.4488480726e-05,2.26278922043e-05,3.4488480726e-05,0.309239279296,0.379657741767,0.30923360353
200,0.327621060942,0.205890320296,0.0161261294296,0.0167210562841,0.0329266921714,0.0477344471673,0.000782547199187,0.124520904571,0.0105993220936,0.0325295305493,0.145727953219,0.0388200360775,1,0.1,30,15,3,4,20,6.08379082534e-05,3.9915751605e-05,6.08379082534e-05,0.000273484631727,0.00206933131242,0.00125448663321,6.08379082534e-05,3.9915751605e-05,6.08379082534e-05,0.308603807488,0.378877563414,0.308598143385
201,0.00508483027469,0.000279864888678,0.0280214005053,0.0748258827393,0.176003683274,0.0092909111743,0.137316757099,0.0100869501411,0.151941695409,0.10874197112,0.0665250024566,0.231881050917,1,0.1,30,15,3,4,20,1.13633765781e-05,7.45551137288e-06,1.13633765781e-05,0.000174786849853,0.000983980504474,0.000172564559392,1.13633765781e-05,7.45551137288e-06,1.13633765781e-05,0.309387273051,0.379839435938,0.309381594568
202,0.025398960928,0.0153277426787,0.244537974688,0.149085153527,0.0088515793561,0.0107498598203,0.119642576845,0.0227531331779,0.22467623314,0.0813380261248,0.0916366506791,0.00600210903531,1,0.1,30,15,3,4,20,0.000617350418639,0.000405043609669,0.000617350418639,0.0219501094987,0.00257745927014,0.00563356261837,0.000617350418639,0.000405043609669,0.000617350418639,0.299457925262,0.367649025434,0.299452429023
203,0.0175608612443,0.0554471556138,0.156011594433,0.129895170419,0.020982905008,0.0726869065836,0.0398865224969,0.0558978210196,0.0231518435194,0.222480452721,0.0971770051444,0.108821761798,1,0.1,30,15,3,4,20,3.92726607126e-05,2.57667926935e-05,3.92726607126e-05,0.00431310478024,0.000548173097512,0.00253493142888,3.92726607126e-05,2.57667926935e-05,3.92726607126e-05,0.30746232857,0.377476152477,0.307456685418
204,0.0610115139123,0.00378525765431,0.0188072389045,0.1107035968,0.0419013453808,0.0582939572776,0.29567964677,0.00362342432824,0.0317584575833,0.0722835241126,0.184234380603,0.117917656674,1,0.1,30,15,3,4,20,7.09434663613e-05,4.65460082797e-05,7.09434663613e-05,0.0214005079716,0.00142134837727,0.002257795143,7.09434663613e-05,4.65460082797e-05,7.09434663613e-05,0.30193154762,0.370685929027,0.301926005979
205,0.138680983464,0.0501013692384,0.0245602139273,0.0279397441712,0.0296166819234,0.241056725547,0.00407904438304,0.0274848783693,0.182153943127,0.157262548075,0.0914160133553,0.0256478544194,1,0.1,30,15,3,4,20,5.0761253002e-05,3.33044580946e-05,5.0761253002e-05,0.0152137475521,0.00542913527777,0.00106145231632,5.0761253002e-05,3.33044580946e-05,5.0761253002e-05,0.303010499127,0.372010574116,0.303004937683
206,0.0894934987828,0.0517641091779,0.0513153218702,0.122427245564,0.0681038666573,0.0380026427224,0.13196804224,0.108133047989,0.0404038567664,0.112105111878,0.0453302670198,0.140952989332,1,0.1,30,15,3,4,20,4.57236696873e-05,2.99992996818e-05,4.57236696873e-05,0.037269052719,0.000243569580869,0.00160572901064,4.57236696873e-05,2.99992996818e-05,4.57236696873e-05,0.297623606638,0.365397004708,0.297618144066
207,0.0998951493139,0.0316352774331,0.0512961900923,0.170748992555,0.00211781292269,0.171191288355,0.00310797626598,0.154019743284,0.0644709950345,0.0600977339123,0.07305741925,0.118361421581,1,0.1,30,15,3,4,20,9.54577523154e-05,6.26298312941e-05,9.54577523154e-05,0.0712296064634,0.00385374678707,9.95099064418e-05,9.54577523154e-05,6.26298312941e-05,9.54577523154e-05,0.286368302386,0.351578697392,0.286363046393
208,0.0207834643899,0.116647115463,0.0144301541195,0.0320112697092,0.100484436636,0.0205214229944,0.156014504354,0.274152428058,0.0202140517735,0.172913514252,0.0413694222397,0.0304582160098,1,0.1,30,15,3,4,20,6.26612920417e-05,4.11120737086e-05,6.26612920417e-05,5.90602912829e-05,3.71049020796e-05,0.000859130566777,6.26612920417e-05,4.11120737086e-05,6.26612920417e-05,0.309419348978,0.37987881604,0.309413669907
209,0.0244665127106,0.0552903744089,0.212550457144,0.062212510698,0.0870316915288,0.0727582284321,0.171259513133,0.0559819617311,0.122643602942,0.0234925395737,0.0938950370464,0.0184175706508,1,0.1,30,15,3,4,20,0.000449286908219,0.000294777140483,0.000449286908219,0.00226872766294,0.00290189251541,0.00181787220885,0.000449286908219,0.000294777140483,0.000449286908219,0.306913838148,0.376802762487,0.306908205063
210,0.197222700597,0.149998654007,0.0799326515646,0.0174854285021,0.0228502529163,0.0569681505247,0.0825018521783,0.0816698649966,0.0217612405091,0.00408677943456,0.0978488871418,0.187673537628,1,0.1,30,15,3,4,20,5.23657819004e-05,3.43571895048e-05,5.23657819004e-05,0.0208414272771,0.00277121020192,0.000352286083704,5.23657819004e-05,3.43571895048e-05,5.23657819004e-05,0.302307486374,0.371147474723,0.302301937834
211,0.199051591164,0.0466832940808,0.12379705088,0.00170073776643,0.178264347049,0.230195197473,0.084050610072,0.00716756638391,0.0192263600762,0.069739289595,0.0174064118882,0.0227175435712,1,0.1,30,15,3,4,20,0.000141394232107,9.27687556855e-05,0.000141394232107,0.159936028621,0.00399623424209,0.00255331415592,0.000141394232107,9.27687556855e-05,0.000141394232107,0.258005434371,0.31675717522,0.258000698949
212,0.0208549124086,0.196018803912,0.0247143961483,0.215441508479,0.0163952732747,0.0139044744253,0.0320626868802,0.343820110237,0.0183535075875,0.0118474153407,0.0918759345938,0.0147109767132,1,0.1,30,15,3,4,20,0.00128403672807,0.000842456497288,0.00128403672807,0.0784165634683,0.00601542242616,0.00349623824307,0.00128403672807,0.000842456497288,0.00128403672807,0.280463370311,0.344329122947,0.280458222697
213,0.0776426532306,0.0194901187095,0.0505479607162,0.145392145494,0.0248400042207,0.0534723546158,0.284470862922,0.0961422667441,0.0887418239105,0.102273765587,0.0219651784236,0.0350208654266,1,0.1,30,15,3,4,20,0.000318641122901,0.000209060440735,0.000318641122901,0.00185835584016,0.00215724154855,0.00242462067182,0.000318641122901,0.000209060440735,0.000318641122901,0.307298722775,0.377275291166,0.307293082625
214,0.145016207807,0.0214974768303,0.00251929691009,0.118196590292,0.291869168008,0.0368453509017,0.168241248277,0.081767562069,0.0308783577912,0.0585237867053,0.0249640061401,0.0196809482682,1,0.1,30,15,3,4,20,0.000352308401359,0.000231149542131,0.000352308401359,0.0022695733648,0.000331692413127,0.0155831010466,0.000352308401359,0.000231149542131,0.000352308401359,0.303604758654,0.372740155528,0.303599186304
215,0.0954159061766,0.0315292870859,0.0898954783924,0.0500899770061,0.306613074978,0.00391171808098,0.104319550312,0.017606382228,0.0311967208911,0.0525279899155,0.0732136556177,0.143680259315,1,0.1,30,15,3,4,20,7.00840868086e-05,4.59821693551e-05,7.00840868086e-05,0.000817395017035,0.00165454709799,0.00120992792919,7.00840868086e-05,4.59821693551e-05,7.00840868086e-05,0.308562389404,0.378826713805,0.308556726061
216,0.109280622817,0.0291576142682,0.0970389210756,0.0468936107361,0.0388379909131,0.0173216720857,0.131915423733,0.086079269914,0.0969542686265,0.0511490829628,0.136865712851,0.158505810017,1,0.1,30,15,3,4,20,4.68654025472e-05,3.07483906112e-05,4.68654025472e-05,0.000576021279031,0.00142077433856,7.15580839863e-05,4.68654025472e-05,3.07483906112e-05,4.68654025472e-05,0.309100500248,0.37948736063,0.309094827029
217,0.165082788417,0.285405597025,0.128667886624,0.0277855059043,0.0558995446088,0.0253071786715,0.00709769565947,0.03531439005,0.0328409598369,0.0960474062,0.0282788063997,0.112272240603,1,0.1,30,15,3,4,20,0.000112991982157,7.4134039493e-05,0.000112991982157,0.046051193582,0.00242731745854,0.000296392221359,0.000112991982157,7.4134039493e-05,0.000112991982157,0.294521117347,0.361588031666,0.294515711717
218,0.0411415055517,0.0785280128781,0.353383589474,0.0678248683931,0.10260519823,0.0887824464132,0.0996604474338,0.037912477886,0.0373925779969,0.0839842911177,0.00517637833055,0.00360820629484,1,0.1,30,15,3,4,20,0.000497054159649,0.000326117234146,0.000497054159649,0.0768139119316,0.0127485364471,0.0046574757367,0.000497054159649,0.000326117234146,0.000497054159649,0.279809315323,0.343526129742,0.279804179713
219,0.0163142625152,0.00838802485174,0.166449540927,0.136521712648,0.0170514130075,0.216010399355,0.033383037848,0.281372953773,0.0120151166317,0.0640751291481,0.0372934820095,0.0111249272848,1,0.1,30,15,3,4,20,0.000416498724509,0.00027326481315,0.000416498724509,0.0044489844421,0.00675173317667,0.0070113218457,0.000416498724509,0.00027326481315,0.000416498724509,0.303490539599,0.372599927067,0.303484969345
220,0.0263130069873,0.0134228144294,0.0181852180248,0.0379977345009,0.140860710708,0.0356095407089,0.0803343777049,0.0356700798311,0.201324084137,0.291308091986,0.0295958167798,0.0893785242018,1,0.1,30,15,3,4,20,0.000109955312046,7.21416802336e-05,0.000109955312046,0.00392504097735,0.000841696464442,0.000357403628977,0.000109955312046,7.21416802336e-05,0.000109955312046,0.308049926473,0.378197555312,0.308044272536
221,0.14074959805,0.249917948176,0.051649996597,0.0371185672413,0.0800233270344,0.117603063489,0.0472725461449,0.0468781172503,0.0176058573998,0.0345274377864,0.0930941944131,0.0835593464181,1,0.1,30,15,3,4,20,0.000110855979891,7.27326084062e-05,0.000110855979891,0.060574911413,0.000638852145186,0.000910931011045,0.000110855979891,7.27326084062e-05,0.000110855979891,0.290388621216,0.356514503644,0.290383291434
222,0.0504508891107,0.00919661163129,0.150530022564,0.029390477115,0.00973116738895,0.0531733944094,0.0683980821865,0.194154247786,0.00284110585489,0.0509004162517,0.140783382492,0.240450203209,1,0.1,30,15,3,4,20,8.73468481352e-05,5.73082670615e-05,8.73468481352e-05,0.0159248264785,0.000596009486316,0.00184075034221,8.73468481352e-05,5.73082670615e-05,8.73468481352e-05,0.303985931164,0.373208126785,0.303980351817
223,0.20923083238,0.00599581690127,0.0339215404219,0.118285331385,0.0298323884425,0.239614723538,0.0561726256532,0.00892711512189,0.0710846870968,0.175553027163,0.0190530028212,0.0323289090756,1,0.1,30,15,3,4,20,0.000229185849023,0.000150368835544,0.000229185849023,0.0356254204304,0.00130027951639,0.00622979857093,0.000229185849023,0.000150368835544,0.000229185849023,0.296070878688,0.363490697112,0.296065444615
224,0.0812284104136,0.279813113399,0.0216332895434,0.150485300828,0.0567804122852,0.0684328576265,0.0466595061964,0.104954135208,0.12575368493,0.0109181214313,0.0422503620687,0.0110908060692,1,0.1,30,15,3,4,20,0.00190081646845,0.00124712568495,0.00190081646845,0.0165767584434,0.0220956869591,0.00904489273292,0.00190081646845,0.00124712568495,0.00190081646845,0.291906337615,0.358377827029,0.291900979977
225,0.00926129861273,0.0378757380918,0.0436712533691,0.201367496116,0.0327358422428,0.111539231856,0.191790917333,0.049081042326,0.0947087992658,0.0654384135692,0.0327434515853,0.129786515632,1,0.1,30,15,3,4,20,2.47688323332e-05,1.62508308938e-05,2.47688323332e-05,0.0704824593378,0.00456085364599,7.56340662879e-05,2.47688323332e-05,1.62508308938e-05,2.47688323332e-05,0.28650444584,0.351745842771,0.286499187348
226,0.00188506740478,0.0942811117294,0.0321022735798,0.0382809634801,0.0975140121296,0.0172489692651,0.102461684097,0.115851864308,0.0810292564414,0.0469322713874,0.148520976825,0.223891549351,1,0.1,30,15,3,4,20,2.42202116939e-05,1.58908808923e-05,2.42202116939e-05,0.000164908593336,0.000295340052648,0.000421177798901,2.42202116939e-05,1.58908808923e-05,2.42202116939e-05,0.309505502059,0.379984587481,0.309499821407
227,0.16459130514,0.136014686036,0.101186095493,0.118586252083,0.00380091178192,0.122075603715,0.0244964397255,0.0402492335209,0.00942553101647,0.00704116273729,0.271726130349,0.000806648402433,1,0.1,30,15,3,4,20,0.000178705635238,0.00011724876728,0.000178705635238,0.00795517889735,0.00196151024403,0.00249652939967,0.000178705635238,0.00011724876728,0.000178705635238,0.305678485328,0.37528610114,0.305672874916
228,0.0262880293229,0.138482178869,0.0165502172702,0.190136226618,0.0262734664147,0.0579187975839,0.242137754213,0.0819526892572,0.108347620411,0.0108470272457,0.0688824825922,0.0321835102022,1,0.1,30,15,3,4,20,0.000756029487921,0.000496030947025,0.000756029487921,0.0403053395363,0.00961070166859,0.0148739044672,0.000756029487921,0.000496030947025,0.000756029487921,0.288501039378,0.354197090864,0.288495744241
229,0.00431101397536,0.00278604262421,0.0487101369199,0.0714605353427,0.281114197898,0.0747974447853,0.0180600490726,0.204726052538,0.0785265511064,0.0945331755328,0.0279982354961,0.0929765647081,1,0.1,30,15,3,4,20,3.2942411101e-05,2.16135159234e-05,3.2942411101e-05,0.015482611499,0.000847377940582,0.00650635318806,3.2942411101e-05,2.16135159234e-05,3.2942411101e-05,0.30268910889,0.37161599846,0.302683553346
230,0.0370785386442,0.0458237573093,0.0678355561258,0.0614600876807,0.0168519471627,0.010822567001,0.219420446876,0.0462053864042,0.0138603407988,0.172267300431,0.286355713429,0.0220183581373,1,0.1,30,15,3,4,20,7.18873311104e-06,4.71652779415e-06,7.18873311104e-06,0.000216637801793,0.000858301209662,2.44569187758e-05,7.18873311104e-06,4.71652779415e-06,7.18873311104e-06,0.309466001798,0.379936092413,0.309460321871
231,0.128215648766,0.0263847045298,0.102311744451,0.0049014601295,0.221388211449,0.250883069912,0.1234627127,0.0181459100745,0.0154173633413,0.0684550274806,0.0129989042373,0.0274352429296,1,0.1,30,15,3,4,20,0.00056977902193,0.000373832016288,0.00056977902193,0.0490133378746,0.0105389476368,0.0111312777535,0.00056977902193,0.000373832016288,0.00056977902193,0.286981622218,0.352331679429,0.286976354968
232,0.0766221499522,0.0318035116363,0.0760205340254,0.0451306773337,0.0466193159162,0.0119298394533,0.176346540458,0.0243028156639,0.00110489913932,0.146104037564,0.316003391571,0.0480122872866,1,0.1,30,15,3,4,20,6.20472220984e-06,4.07091824188e-06,6.20472220984e-06,0.00973167012289,0.000624723093579,4.19526372623e-05,6.20472220984e-06,4.07091824188e-06,6.20472220984e-06,0.306586635083,0.376401050334,0.306581008004
233,0.0185232920422,0.00758065880311,0.0575524196031,0.0466673554062,0.0319494121478,0.268398326657,0.134896775038,0.082441965418,0.0366425268271,0.180458045361,0.0356903894687,0.0991988332277,1,0.1,30,15,3,4,20,0.000346045604944,0.000227040521404,0.000346045604944,0.0254546402588,0.00346240371888,0.000379905797996,0.000346045604944,0.000227040521404,0.000346045604944,0.30017218289,0.36852593033,0.300166673541
234,0.124161444431,0.00886048041187,0.0124943712912,0.0968475734296,0.111435671086,0.111582735142,0.0290889453376,0.00362101058645,0.0592045610124,0.0215470830651,0.219166479546,0.20198964466,1,0.1,30,15,3,4,20,2.74858299747e-05,1.80334530464e-05,2.74858299747e-05,0.000214088086423,0.000648118422522,2.13167275642e-05,2.74858299747e-05,1.80334530464e-05,2.74858299747e-05,0.309499477822,0.379977191434,0.309493797281
235,0.205339942058,0.0180013342535,0.0164191855187,0.0448663982014,0.103181717315,0.0572706989112,0.0811864779103,0.15863169155,0.100972064748,0.0783655071752,0.0994690977605,0.0362958845981,1,0.1,30,15,3,4,20,6.32536059863e-05,4.15006908876e-05,6.32536059863e-05,0.000174442869386,0.00281343638667,0.000353862503606,6.32536059863e-05,4.15006908876e-05,6.32536059863e-05,0.308679009146,0.378969889627,0.308673343663
236,0.00719066309175,0.0189925093193,0.0225494350045,0.183870540473,0.0399900371372,0.216951214254,0.0120189636419,0.360036330517,0.0209894674148,0.0529459522134,0.0342673868287,0.0301975001032,1,0.1,30,15,3,4,20,0.000492973832898,0.000323440131764,0.000492973832898,0.10305735334,0.00889626374804,0.0115440726145,0.000492973832898,0.000323440131764,0.000492973832898,0.270745238951,0.332398026047,0.270740269703
237,0.164860742899,0.10337275889,0.0441391766573,0.0692281200524,0.0507940779341,0.0588275558798,0.0390410462801,0.0870334434338,0.16287950675,0.0914114040388,0.0690711564157,0.0593410107701,1,0.1,30,15,3,4,20,8.65805940876e-05,5.68055277809e-05,8.65805940876e-05,0.0187915533034,0.00614053580527,0.000734100542063,8.65805940876e-05,5.68055277809e-05,8.65805940876e-05,0.301724091419,0.370431231911,0.301718553587
238,0.0203782931439,0.102270467719,0.0673524204234,0.0641411991332,0.0558304108383,0.0528278754273,0.106381129088,0.0454230327123,0.214214452548,0.0487287980345,0.19746775264,0.0249841682924,1,0.1,30,15,3,4,20,1.66144656602e-05,1.09007509196e-05,1.66144656602e-05,0.000234502372368,0.00012186215677,0.00254452902444,1.66144656602e-05,1.09007509196e-05,1.66144656602e-05,0.308892351567,0.379231813346,0.308886682169
239,0.0317318824014,0.0819489306274,0.0779959940539,0.0834743165874,0.0638150752003,0.00691797208965,0.157229649702,0.107733395055,0.0449429270458,0.0400278487664,0.206090263373,0.0980917450982,1,0.1,30,15,3,4,20,0.000129472979446,8.49472218148e-05,0.000129472979446,0.00539993566013,0.000585674690701,0.00236318878703,0.000129472979446,8.49472218148e-05,0.000129472979446,0.307018745401,0.376931558709,0.307013110391
240,0.0231849383317,0.0277270182465,0.0545897583023,0.283116362099,0.0909588191826,0.0259536650122,0.220447260403,0.0358326962005,0.0289328314672,0.0118269173102,0.0461389871624,0.151290746282,1,0.1,30,15,3,4,20,0.000167642043539,0.000109989944766,0.000167642043539,0.0810899143308,0.00296220449694,0.00144768142416,0.000167642043539,0.000109989944766,0.000167642043539,0.283053122791,0.347508601248,0.283047927645
241,0.016166362123,0.068865087524,0.029609284081,0.0891246385084,0.111651770085,0.0428852236872,0.103248465353,0.164203940871,0.0242224578633,0.0732367132961,0.0702418454258,0.206544211183,1,0.1,30,15,3,4,20,3.39519059285e-05,2.22758454797e-05,3.39519059285e-05,0.000735900179758,0.00037841835954,0.00140915744425,3.39519059285e-05,2.22758454797e-05,3.39519059285e-05,0.308980748229,0.379340339265,0.308975077208
242,0.103015656151,0.027069062833,0.152385777484,0.00297351056231,0.045266833653,0.195617822997,0.18476636339,0.120151657711,0.0990966577352,0.0152995955188,0.0467954494685,0.00756161249664,1,0.1,30,15,3,4,20,0.00131352942512,0.000861806655824,0.00131352942512,0.00330360313023,0.00915055667673,0.0128481648034,0.00131352942512,0.000861806655824,0.00131352942512,0.299817489601,0.368090468014,0.299811986762
243,0.249594807106,0.107784792763,0.0851852351225,0.0790997546546,0.104565731337,0.041329284293,0.00860260261518,0.022586693414,0.0339603434895,0.194685759474,0.0351275081932,0.0374774875377,1,0.1,30,15,3,4,20,0.000125617276828,8.24174953267e-05,0.000125617276828,0.0346544325481,0.00250196521363,0.000884332685133,0.000125617276828,8.24174953267e-05,0.000125617276828,0.297825983159,0.365645465424,0.297820516872
244,0.138506223009,0.0264868549816,0.0233512325761,0.0487536413662,0.0103644530882,0.0107803899051,0.0785750434785,0.385178331201,0.0844100685694,0.00523267203171,0.136726929901,0.051634159892,1,0.1,30,15,3,4,20,7.571525737e-05,4.96767803605e-05,7.571525737e-05,0.000304647739931,0.00336137885935,0.000763022648712,7.571525737e-05,4.96767803605e-05,7.571525737e-05,0.308321631624,0.378531131837,0.308315972701
245,0.207077200531,0.0402990376846,0.00866405925368,0.0169901464886,0.0593413381602,0.0420982267106,0.0980858826993,0.133569932211,0.132424840347,0.00252604117996,0.0801623232531,0.178760971481,1,0.1,30,15,3,4,20,5.70719353682e-05,3.74448967951e-05,5.70719353682e-05,0.0614517100022,0.00439520115801,9.37884592081e-05,5.70719353682e-05,3.74448967951e-05,5.70719353682e-05,0.289294871185,0.355171690183,0.289289561477
246,0.0468173131804,0.0299604272932,0.0367142813755,0.0194033101227,0.0268827808719,0.0222079283571,0.0230440189126,0.366917399615,0.0605419908292,0.0320054022486,0.132702860978,0.202802286215,1,0.1,30,15,3,4,20,7.57338193842e-05,4.9688958898e-05,7.57338193842e-05,0.0233083436752,0.00158020506879,0.00050831927667,7.57338193842e-05,4.9688958898e-05,7.57338193842e-05,0.301825384041,0.370555590395,0.301819844349
247,0.0124767837854,0.11211421775,0.0353286331597,0.0765284110311,0.0478020760287,0.0947427077064,0.0266536310693,0.221628188425,0.017081391293,0.132888754499,0.127463855441,0.0952913498112,1,0.1,30,15,3,4,20,0.000189826949911,0.000124545461836,0.000189826949911,0.022512359859,0.00156860967246,0.000334067531763,0.000189826949911,0.000124545461836,0.000189826949911,0.301941796906,0.37069851223,0.301936255077
248,0.00550307407134,0.151929653654,0.0426751644033,0.0616331893488,0.0170677666624,0.122928628125,0.296586802294,0.0722035793432,0.000895476439721,0.0118909657402,0.0144106445948,0.202275055324,1,0.1,30,15,3,4,20,0.000220133582689,0.000144429643602,0.000220133582689,0.014887326182,0.00179402868017,0.00161051420678,0.000220133582689,0.000144429643602,0.000220133582689,0.303788988112,0.372966336821,0.30378341238
249,0.0472450968266,0.198575136967,0.0617301061708,0.0628676571711,0.0889786924093,0.116504644768,0.0514080525019,0.0437679524437,0.0879542421197,0.0583573611591,0.0741043464079,0.108506711055,1,0.1,30,15,3,4,20,1.952876356e-06,1.28128217717e-06,1.952876356e-06,3.16069969074e-06,2.50358375434e-05,6.65668904217e-06,1.952876356e-06,1.28128217717e-06,1.952876356e-06,0.30980443403,0.380351590784,0.309798747891
250,0.0892147218304,0.0242597919882,0.235874697235,0.0305169234299,0.121988637719,0.00648941467694,0.0108027751836,0.00789398182722,0.141179302301,0.0245490748127,0.0298758720454,0.27735480695,1,0.1,30,15,3,4,20,0.000122061446761,8.00845152196e-05,0.000122061446761,0.015534323133,0.00439924815997,0.00105828153135,0.000122061446761,8.00845152196e-05,0.000122061446761,0.303113892182,0.372137511334,0.303108328841
251,0.0652421216575,0.0724090280284,0.198169255836,0.0476657385976,0.124044818077,0.0134504716775,0.080942939208,0.163160721947,0.004040302793,0.109516072685,0.114477080922,0.00688144857055,1,0.1,30,15,3,4,20,0.000246072729015,0.000161448317507,0.000246072729015,0.00593652654862,0.000279108031176,0.00591683476272,0.000246072729015,0.000161448317507,0.000246072729015,0.305654592663,0.375256767753,0.30564898269
252,0.00427888943613,0.254969662198,0.0887559537606,0.014400233435,0.000178071650422,0.0711627397742,0.0306343857659,0.0369295444827,0.262748754528,0.141481444674,0.0442277721794,0.050232548116,1,0.1,30,15,3,4,20,0.000122200042696,8.01754480131e-05,0.000122200042696,0.00715339248277,0.000838835807483,0.0041738626713,0.000122200042696,8.01754480131e-05,0.000122200042696,0.305848047906,0.375494275683,0.305842434383
253,0.462890090369,0.0134357896623,0.0465498626138,0.0496637527752,0.0408225582876,0.0193187286827,0.0393440055799,0.054795552786,0.0502882703519,0.023121530575,0.0998856750077,0.0998841833089,1,0.1,30,15,3,4,20,0.000151622804271,9.94797218822e-05,0.000151622804271,0.00824446167736,0.000477345379194,0.00755097143454,0.000151622804271,9.94797218822e-05,0.000151622804271,0.304527295859,0.373872768412,0.304521706577
254,0.00200385406459,0.0809879067153,0.0560972869736,0.161023047788,0.0420104831757,0.082415958531,0.108792525379,0.221296382263,0.0283369724684,0.0945897304537,0.0422749822383,0.0801708699498,1,0.1,30,15,3,4,20,8.43896579834e-05,5.53680546029e-05,8.43896579834e-05,0.00026684363716,0.000174704009249,0.00186595598638,8.43896579834e-05,5.53680546029e-05,8.43896579834e-05,0.30896464911,0.379320574132,0.308958978384
255,0.120158056659,0.129247212844,0.0698036872341,0.165641854394,0.0141227023382,0.0375700725753,0.00125178590737,0.0643082639726,0.111646263405,0.11763016241,0.129591453847,0.0390284844129,1,0.1,30,15,3,4,20,2.04408672749e-05,1.34112530191e-05,2.04408672749e-05,0.057566879004,0.000371705784054,0.000457721409178,2.04408672749e-05,1.34112530191e-05,2.04408672749e-05,0.291692551488,0.358115358567,0.291687197773
256,0.0241837292347,0.0306996373012,0.0110985526012,0.139254295704,0.0708715618328,0.0737256190449,0.0486360711159,0.0442057163375,0.267742601996,0.00175519387067,0.262643532971,0.0251834879896,1,0.1,30,15,3,4,20,0.000298525443737,0.000195862543636,0.000298525443737,0.0103134582219,0.00143779309719,0.00317702938075,0.000298525443737,0.000195862543636,0.000298525443737,0.304702071134,0.374087342661,0.304696478643
257,0.0585523681118,0.177427514034,0.00210777401314,0.0817693402479,0.00587966579888,0.0103020747555,0.207007190185,0.0276721298318,0.171439165256,0.000722987615066,0.0528648303732,0.204254959778,1,0.1,30,15,3,4,20,7.91613740692e-05,5.19377775268e-05,7.91613740692e-05,0.000400958348011,5.29888018016e-05,0.00162848721735,7.91613740692e-05,5.19377775268e-05,7.91613740692e-05,0.309042984521,0.379416747702,0.309037312358
258,0.0238145238311,0.0100367767142,0.0935058961231,0.0713510435592,0.050404682744,0.223516692038,0.177762214366,0.164882257776,0.0682623362259,0.106767014705,0.00497630770753,0.00472025421003,1,0.1,30,15,3,4,20,0.000434717443025,0.000285218114369,0.000434717443025,0.023823728435,0.00275553848938,0.0122971027206,0.000434717443025,0.000285218114369,0.000434717443025,0.297058364243,0.364703048067,0.297052912045
259,0.228046790618,0.0584514694177,0.0560976506652,0.116363313599,0.128873666064,0.00334143192397,0.0927039773928,0.0307037916759,0.0324179108043,0.129268122934,0.116097893464,0.00763398144162,1,0.1,30,15,3,4,20,7.06206619008e-05,4.63342162731e-05,7.06206619008e-05,0.0513878236817,0.00118247948327,0.000510579765089,7.06206619008e-05,4.63342162731e-05,7.06206619008e-05,0.293256780879,0.360035786656,0.293251398455
260,0.154190526137,0.0428623441986,0.00106251706196,0.00658273554695,0.17775431428,0.101876854531,0.0960931086228,0.0746523295474,0.0412491326339,0.258764463928,0.018865358445,0.0260463150676,1,0.1,30,15,3,4,20,9.5279179565e-05,6.25126697126e-05,9.5279179565e-05,0.00200346201917,0.00266004007414,0.000433999387681,9.5279179565e-05,6.25126697126e-05,9.5279179565e-05,0.308082334146,0.378237342702,0.308076679614
261,0.0471640675478,0.0553374676406,0.130315154419,0.172792105237,0.0716703583822,0.0257708500121,0.00341147255259,0.00300129033581,0.177276838783,0.0195320471631,0.211475478852,0.0822528690742,1,0.1,30,15,3,4,20,2.5496539993e-05,1.67282798894e-05,2.5496539993e-05,0.0220805700498,0.000348018844217,0.00270669200587,2.5496539993e-05,1.67282798894e-05,2.5496539993e-05,0.301989109952,0.370756599173,0.301983567255
262,0.20824718812,0.180097711699,0.0921664378694,0.0187470502479,0.0299900590926,3.19812624606e-05,0.0497592027969,0.0301432169296,0.139243894799,0.0592163564174,0.0244471520682,0.167909748697,1,0.1,30,15,3,4,20,0.000112520778097,7.38248825095e-05,0.000112520778097,0.00348220309448,0.00394898801529,0.000319681997022,0.000112520778097,7.38248825095e-05,0.000112520778097,0.307231894146,0.377193244647,0.307226255223
263,0.00811662509938,0.0925503273699,0.269456510189,0.00794904967722,0.0819033417938,0.173865836185,0.118190815282,0.0530758350269,0.0461685099394,0.0318839218316,0.0469362167467,0.0699030108588,1,0.1,30,15,3,4,20,0.000719574078488,0.000472112552896,0.000719574078488,0.0439196721618,0.000606078573884,0.00753317415876,0.000719574078488,0.000472112552896,0.000719574078488,0.292505343407,0.359113235503,0.292499974775
264,0.140529328463,0.0435924529489,0.0198443645076,0.0805752550702,0.108870250316,0.00428885068297,0.0205445475581,0.00618556240999,0.226841618444,0.0612000710353,0.0206056966304,0.266922001933,1,0.1,30,15,3,4,20,3.07961494505e-05,2.02053536545e-05,3.07961494505e-05,0.000438548201464,0.00115545597639,0.000580323514615,3.07961494505e-05,2.02053536545e-05,3.07961494505e-05,0.30909411461,0.379479520885,0.309088441508
265,0.0560831158839,0.0491404518654,0.0119866212514,0.0366175362351,0.0185885979186,0.0396975388315,0.103932092198,0.00784238025765,0.302137098065,0.0697267183949,0.0891382754093,0.215109573689,1,0.1,30,15,3,4,20,9.06008643924e-05,5.94432271278e-05,9.06008643924e-05,0.0156393277096,0.00219737929426,5.91952325433e-05,9.06008643924e-05,5.94432271278e-05,9.06008643924e-05,0.304124853162,0.373378683424,0.304119271266
266,4.09609605051e-05,0.0207490341864,0.308765297564,0.105455613326,0.126208173392,0.0830266407803,0.0556264042931,0.074098591968,0.109103920134,0.0445996600872,0.0193747820925,0.0529509212175,1,0.1,30,15,3,4,20,0.000807965297043,0.00053010603139,0.000807965297043,0.114693997827,0.00261903310274,0.000649351700461,0.000807965297043,0.00053010603139,0.000807965297043,0.271941760708,0.333867013911,0.271936769499
267,0.044233527796,0.0539313068599,0.0257033770872,0.0591872862348,0.00814517462836,0.0964815581601,0.109050837204,0.384260700675,0.0852373257329,0.0330139033164,0.0454199009538,0.0553351013521,1,0.1,30,15,3,4,20,0.000331624236357,0.000217578661474,0.000331624236357,0.00445961779683,0.0101709723687,0.00113085498428,0.000331624236357,0.000217578661474,0.000331624236357,0.304389466844,0.373703553646,0.304383880092
268,0.0274157034797,0.0484619071393,0.00359951307028,0.029688022946,0.115761946842,0.118119606481,0.295619491283,0.0774257973771,0.00955696474201,0.189053976665,0.00828368111609,0.0770133888589,1,0.1,30,15,3,4,20,1.92893772141e-06,1.26557603902e-06,1.92893772141e-06,2.22555787928e-06,9.09685519947e-06,4.33805682589e-06,1.92893772141e-06,1.26557603902e-06,1.92893772141e-06,0.309810419698,0.380358939479,0.309804733449
269,0.070763831309,0.0714039542162,0.130422467196,0.00337620068888,0.032588417504,0.0346678630629,0.0104156288292,0.176144975453,0.00123598217218,0.17555868316,0.0844188213119,0.209003175097,1,0.1,30,15,3,4,20,1.06994576978e-05,7.01991419553e-06,1.06994576978e-05,0.011732611713,0.000238787886862,0.000251647977725,1.06994576978e-05,7.01991419553e-06,1.06994576978e-05,0.306013911316,0.3756979087,0.306008294748
270,0.0276574660578,0.0206704634971,0.101452049441,0.0534190671427,0.428863266604,0.0889453369641,0.0108471902311,0.0169878165443,0.0180203173659,0.162476742776,0.0205585455095,0.0501017378664,1,0.1,30,15,3,4,20,0.00011515094666,7.55505361034e-05,0.00011515094666,0.00148083631451,0.00163406812104,0.00154062898288,0.00011515094666,7.55505361034e-05,0.00011515094666,0.308186558701,0.378365300765,0.308180902256
271,0.0297087002075,0.0417609304304,0.0135617867596,0.210648018946,0.0213800936524,0.133010780191,0.00925732075542,0.0704553786524,0.122615491155,0.314704849806,0.0268189366704,0.00607771277307,1,0.1,30,15,3,4,20,2.69634854565e-05,1.7690742808e-05,2.69634854565e-05,0.000233497372762,0.00113670280352,0.000531113225518,2.69634854565e-05,1.7690742808e-05,2.69634854565e-05,0.309185007339,0.379591111264,0.309179332569
272,0.108428997302,0.128006412724,0.140813414309,0.0650543088045,0.126005674601,0.0147240784147,0.00133677432411,0.0521299442983,0.170918061607,0.0238579734329,0.0731209451179,0.0956034150644,1,0.1,30,15,3,4,20,0.000112178093112,7.36000468907e-05,0.000112178093112,0.0234164437414,0.000163520010813,0.0111687950111,0.000112178093112,7.36000468907e-05,0.000112178093112,0.298868015156,0.366924783872,0.298862529743
273,0.341232559765,0.00590339418416,0.0755064689212,0.0535692230356,0.0389582198062,0.0294354577658,0.0441907733255,0.160444862037,0.0288707511808,0.0725701304141,0.117361081651,0.0319570779136,1,0.1,30,15,3,4,20,0.000169445026518,0.000111172881899,0.000169445026518,0.0162690546767,0.000964427783654,0.00206410265415,0.000169445026518,0.000111172881899,0.000169445026518,0.303560822845,0.37268621487,0.303555251301
274,0.0825422356971,0.0445702438029,0.184216311634,0.0140350855248,0.107895317084,0.133807110941,0.180669937268,0.0292632843853,0.0942685861486,0.029898293657,0.0590943469253,0.039739246932,1,0.1,30,15,3,4,20,0.000543987412435,0.000356910141298,0.000543987412435,0.0258112216902,0.0165331612056,0.000300883449859,0.000543987412435,0.000356910141298,0.000543987412435,0.295710852089,0.363048687009,0.295705424623
275,0.0618526823439,0.0305181519833,0.146964396176,0.113091078709,0.0749551008393,0.0219577100644,0.249549729537,0.0841968425323,0.0178401185542,0.139040263569,0.026333827271,0.033700098421,1,0.1,30,15,3,4,20,0.00012673243054,8.31491476773e-05,0.00012673243054,0.00851196054311,0.00047214756347,0.00928984292105,0.00012673243054,8.31491476773e-05,0.00012673243054,0.303948260707,0.373161878196,0.303942682052
276,0.016512881684,0.0479363601922,0.047181932374,0.0865942530199,0.159153735705,0.051342528251,0.18992104257,0.0303372676521,0.0117397187281,0.116984890708,0.0679046966191,0.174390692497,1,0.1,30,15,3,4,20,6.62501824521e-05,4.34667447068e-05,6.62501824521e-05,0.0383028214235,0.00278917022544,8.17041396311e-05,6.62501824521e-05,4.34667447068e-05,6.62501824521e-05,0.29695304011,0.364573740036,0.296947589845
277,0.0845868354394,0.00769744544896,0.0629437990989,0.00941046053813,0.0197239902377,0.110115337447,0.183802641985,0.0319595778498,0.0349971846529,0.0399723754851,0.112187291214,0.302603060603,1,0.1,30,15,3,4,20,1.12035809651e-05,7.3506694712e-06,1.12035809651e-05,0.0136070965876,0.00187627654705,2.46865704416e-05,1.12035809651e-05,7.3506694712e-06,1.12035809651e-05,0.304995324267,0.37444737397,0.304989726395
278,0.102063286635,0.000359026576909,0.298638929184,0.208948334172,0.0140375780095,0.116596770246,0.00291639300924,0.012022201504,0.0160027117551,0.114225621155,0.0656225720259,0.0485665757283,1,0.1,30,15,3,4,20,0.000115849376975,7.60087762332e-05,0.000115849376975,0.00120405670599,0.00247041029389,0.00102009367162,0.000115849376975,7.60087762332e-05,0.000115849376975,0.308173317849,0.378349044771,0.308167661648
279,0.0503976842559,0.148204010403,0.169945126032,0.141173466036,0.000997995901304,0.117953821425,0.0221199131559,0.115676461301,0.0730668350579,0.0170559444252,0.0581734021123,0.0852353398961,1,0.1,30,15,3,4,20,0.000575417853107,0.000377531653423,0.000575417853107,0.059532657764,0.00681291481113,0.00240392176341,0.000575417853107,0.000377531653423,0.000575417853107,0.28757155196,0.353055945099,0.287566273883
280,0.166700897926,0.0882300126116,0.0157304293297,0.0498605587236,0.061057411575,0.0676154464363,0.0426013494275,0.0676456898997,0.0079854975692,0.132164725462,0.0310639378453,0.269344043194,1,0.1,30,15,3,4,20,8.95729293278e-05,5.8768798932e-05,8.95729293278e-05,0.00213946492804,0.000814717183863,0.000151816979822,8.95729293278e-05,5.8768798932e-05,8.95729293278e-05,0.308708729768,0.379006378085,0.30870306374
281,0.00856834267607,0.150024727096,9.65316801818e-05,0.03190799472,0.082623755542,0.18743666528,0.113048065191,0.051376894623,0.296391547806,0.0117443552351,0.0322751538175,0.0345059663331,1,0.1,30,15,3,4,20,0.000220306217021,0.000144542908987,0.000220306217021,0.15553596804,0.012217439146,0.000398891969617,0.000220306217021,0.000144542908987,0.000220306217021,0.257359178379,0.315963756961,0.257354454818
282,0.409261694758,0.105277183408,0.0350391788909,0.0065151567586,0.0550035310104,0.0837916607469,0.00361617514531,0.0671018976624,0.103803654201,0.0219863713871,0.0917625013311,0.0168409947002,1,0.1,30,15,3,4,20,0.000401952182435,0.000263720826896,0.000401952182435,0.0359040563086,0.00131197367614,0.0208098631805,0.000401952182435,0.000263720826896,0.000401952182435,0.29117941426,0.357485372228,0.291174069964
283,0.105550634237,0.0339514423485,0.0967592836275,0.147475162036,0.000304385447408,0.0111110721631,0.223014366463,0.046678951217,0.107512899575,0.122268175326,0.0915370604061,0.0138365671524,1,0.1,30,15,3,4,20,0.000221014676484,0.000145007729241,0.000221014676484,0.044673735931,0.00653529771365,0.000324827951541,0.000221014676484,0.000145007729241,0.000221014676484,0.293488555516,0.360320339885,0.293483168838
284,0.0544621852927,0.00193651385469,0.00409811496204,0.134643180977,0.0511777651476,0.257487164547,0.244543754851,0.0128786175363,0.0598168182539,0.0437280369497,0.0691605870527,0.0660672605743,1,0.1,30,15,3,4,20,0.000221378132101,0.000145246192471,0.000221378132101,0.103530357455,0.00310370100761,0.00147302434938,0.000221378132101,0.000145246192471,0.000221378132101,0.275960529836,0.338800917571,0.275955464867
285,0.0901436161672,0.0243512526414,0.0912203160547,0.0635974461181,0.0253418273838,0.0437123867821,0.0525229146996,0.124327494195,0.0375961178684,0.132458267677,0.286776097406,0.027952263007,1,0.1,30,15,3,4,20,0.000115456972418,7.57513196033e-05,0.000115456972418,0.00362741046437,0.000844390908049,0.000307278639403,0.000115456972418,7.57513196033e-05,0.000115456972418,0.308147778025,0.378317689142,0.308142122292
286,0.0657601119001,0.0826411944014,0.182038643504,0.0175045626892,0.0260123994026,0.0796070411634,0.0120687459127,0.0655822267069,0.272530848079,0.0759168261705,0.0131227999176,0.107214600153,1,0.1,30,15,3,4,20,6.05161166054e-05,3.97046241048e-05,6.05161166054e-05,0.000264791733627,0.00299141424827,0.00129859344692,6.05161166054e-05,3.97046241048e-05,6.05161166054e-05,0.308307686911,0.378514011702,0.308302028244
287,0.0420920953333,0.0486443843466,0.0771664620526,0.0622618201093,0.018782787002,0.104603699978,0.0285011285952,0.00180775108524,0.0760715154311,0.271325062418,0.181671447244,0.0870718464048,1,0.1,30,15,3,4,20,7.03489500436e-06,4.61559461236e-06,7.03489500436e-06,9.27451184905e-06,6.82834052849e-05,0.000221460873311,7.03489500436e-06,4.61559461236e-06,7.03489500436e-06,0.309714226589,0.380240841745,0.309708542106
288,0.044715969383,0.00116336882583,0.226552267109,0.00328364821036,0.194375812761,0.0141563259635,0.101036265971,0.0344178967147,0.134035733583,0.00213750164837,0.0955787582786,0.148546451552,1,0.1,30,15,3,4,20,0.000154944881598,0.000101659336816,0.000154944881598,0.0031360157209,0.000725171523008,0.00173025005516,0.000154944881598,0.000101659336816,0.000154944881598,0.307831104858,0.377928904705,0.307825454938
289,0.0233848182268,0.171650430877,0.130041220128,0.014299001153,0.0834655312894,0.0432473938237,0.051741022089,0.0502865795609,0.0549784746305,0.0622792484377,0.177504391021,0.137121888762,1,0.1,30,15,3,4,20,5.22645870356e-05,3.4290795554e-05,5.22645870356e-05,0.0169072492578,0.000373393120674,0.00034400739177,5.22645870356e-05,3.4290795554e-05,5.22645870356e-05,0.304271986698,0.373559321492,0.304266402101
290,0.00330924061177,0.0873209913899,0.0888514063629,0.0128415948174,0.179199141481,0.0433736532735,0.145828588191,0.0154206364924,0.0825301726027,0.218808938763,0.043927376534,0.0785882594798,1,0.1,30,15,3,4,20,0.000229558711677,0.000150613470731,0.000229558711677,0.00497462954205,0.00136979260608,0.000996684111293,0.000229558711677,0.000150613470731,0.000229558711677,0.307166224388,0.377112620893,0.307160586671
291,0.0272714016412,0.518530665523,0.027524531566,0.0152161345908,0.149813147729,0.0677735116875,0.0436631136533,0.00870853740586,0.0257487466725,0.0398056271695,0.011826325916,0.0641182564451,1,0.1,30,15,3,4,20,0.000255835260163,0.000167853514193,0.000255835260163,0.000815020877923,0.00482159582057,0.00609771416158,0.000255835260163,0.000167853514193,0.000255835260163,0.305761875964,0.375388481085,0.305756264022
292,0.0184692873658,0.0125621439529,0.0296044903718,0.00107883575857,0.258521204402,0.0632552539233,0.242772354155,0.00536788528003,0.220074171979,0.00527939368589,0.108784471049,0.0342305080763,1,0.1,30,15,3,4,20,0.000432447604749,0.000283728873476,0.000432447604749,0.0396595456641,0.00834757057534,0.0044402254351,0.000432447604749,0.000283728873476,0.000432447604749,0.292857562514,0.359545660229,0.292852187417
293,0.0443898253084,0.0329023749939,0.11678731761,0.141357214099,0.0470810045396,0.0526668096166,0.00485259433068,0.00028028521161,0.257007502835,0.116159126888,0.0140078095358,0.172508135032,1,0.1,30,15,3,4,20,0.000118731696177,7.78998658618e-05,0.000118731696177,0.0312085001238,0.000859054292591,0.00108538047402,0.000118731696177,7.78998658618e-05,0.000118731696177,0.299351644794,0.367518543295,0.299346150505
294,0.06970889368,0.0793900292882,0.0777403369687,0.176905608453,0.00820573768605,0.149667841421,0.0771509135267,0.0624861996932,0.124593803598,0.116033834155,0.0288712131879,0.0292455883428,1,0.1,30,15,3,4,20,8.99445707196e-05,5.90126328491e-05,8.99445707196e-05,0.0449166718295,0.00675712993048,0.00642271268568,8.99445707196e-05,5.90126328491e-05,8.99445707196e-05,0.291671042087,0.35808895115,0.291665688768
295,0.0488394743303,0.0201199290934,0.314363770892,0.00896344180894,0.0553989532247,0.0812270904984,0.0548638525866,0.0881848222446,0.00127617683169,0.104621859975,0.0752963460361,0.146844282478,1,0.1,30,15,3,4,20,2.32947556406e-06,1.52836891758e-06,2.32947556406e-06,6.96422237738e-06,4.14237854352e-05,0.00045552077036,2.32947556406e-06,1.52836891758e-06,2.32947556406e-06,0.309658492154,0.380172415735,0.309652808693
296,0.0524897706791,0.01933201296,0.0899671522361,0.180723579861,0.0356961663621,0.0479474241112,0.0691281497718,0.0023367018057,0.167419484421,0.0889906967659,0.00256418639282,0.243404674634,1,0.1,30,15,3,4,20,0.000104656901758,6.86653932437e-05,0.000104656901758,0.0104764875185,0.00198162017682,0.00317441560042,0.000104656901758,6.86653932437e-05,0.000104656901758,0.304802956036,0.374211200581,0.304797361694
297,0.104963410425,0.0229399036763,0.0834134805587,0.159744780877,0.269745632451,0.0381684414752,0.0667946985904,0.114848216575,0.0969170115235,0.0182233453634,0.015184327553,0.0090567509323,1,0.1,30,15,3,4,20,0.00308741802224,0.00202565496439,0.00308741802224,0.251984357662,0.0115160748152,0.0227055701645,0.00308741802224,0.00202565496439,0.00308741802224,0.216065220459,0.265266540075,0.216061254807
298,0.0828856862483,0.031993691703,0.0196035701531,0.202289869691,0.00982117491491,0.142166412581,0.21788718078,0.0519038217428,0.0279584355696,0.0975931154514,0.0167993769142,0.0990976642502,1,0.1,30,15,3,4,20,0.000104591568092,6.86225278253e-05,0.000104591568092,0.02087523853,0.000441630635789,0.0118875394322,0.000104591568092,6.86225278253e-05,0.000104591568092,0.29935896936,0.367527535777,0.299353474937
299,0.0820549097158,0.558863970933,0.123513469038,0.0246737118332,0.0141939992085,0.00647822411212,0.0482530085127,0.0400125179576,0.0800546217976,0.00223405412132,0.00483320198605,0.014834310784,1,0.1,30,15,3,4,20,0.0201949739524,0.0132499224102,0.0201949739524,0.163106672273,0.0797834870858,0.0777286290112,0.0201949739524,0.0132499224102,0.0201949739524,0.17724758886,0.217609546476,0.177244335664
300,0.00918812520063,0.0784101847352,0.267672848432,0.0476305318947,0.00151737323233,0.185611662421,0.0547489529127,0.0290513336831,0.193209556494,0.066960091491,0.0240847129242,0.0419146265785,1,0.1,30,15,3,4,20,0.000275968018297,0.000181062616805,0.000275968018297,0.136766866451,0.000499055553768,0.00173728671087,0.000275968018297,0.000181062616805,0.000275968018297,0.26629849512,0.32693869137,0.266293607488
301,0.205074527106,0.00813952175135,0.0385949909898,0.0671345122346,0.216285709904,0.0260815345757,0.0106186079366,0.00446651849627,0.11110115757,0.224035735329,0.0881996225381,0.000267561569366,1,0.1,30,15,3,4,20,5.56508945326e-05,3.65125519029e-05,5.56508945326e-05,0.0421717816203,0.00327424244559,0.000259879895427,5.56508945326e-05,3.65125519029e-05,5.56508945326e-05,0.29556632291,0.36287124635,0.295560898097
302,0.125241721221,0.0362421948134,0.0564303791482,0.177345926601,0.0477086854467,0.184792485997,0.0148581399421,0.0196213143123,0.0303695115016,0.0412397535917,0.138721091423,0.127428796001,1,0.1,30,15,3,4,20,2.84599658087e-06,1.86725835671e-06,2.84599658087e-06,0.0661019399233,0.000508569347463,2.55255384642e-05,2.84599658087e-06,1.86725835671e-06,2.84599658087e-06,0.289168689518,0.355016775043,0.289163382127
303,0.0573354618227,0.0194847198706,0.0741000946695,0.0792476851951,0.117551881093,0.0326920340836,0.221694680964,0.244907578734,0.0647876941667,0.0321007550325,0.0484508765695,0.00764653779882,1,0.1,30,15,3,4,20,0.00120406565329,0.000789987475123,0.00120406565329,0.00762890562604,0.00775931945394,0.00737002859568,0.00120406565329,0.000789987475123,0.00120406565329,0.300785847102,0.369279335168,0.30078032649
304,0.197791042328,0.1321252525,0.0135659419541,0.099276781176,0.133298410461,0.0743369175288,0.0351279619942,0.0205840905922,0.0222211502204,0.0559552060053,0.0425489173267,0.173168327914,1,0.1,30,15,3,4,20,1.71690395661e-05,1.12646068593e-05,1.71690395661e-05,0.00547704397339,8.72206217576e-05,0.00446409641867,1.71690395661e-05,1.12646068593e-05,1.71690395661e-05,0.306683217946,0.376519626575,0.306677589093
305,0.0836258709115,0.00640214403891,0.12634758217,0.0849944859429,0.0539444625823,0.177145633703,0.0968534316577,0.0990094891792,0.00468088095512,0.119906345938,0.0345932036181,0.112496469303,1,0.1,30,15,3,4,20,2.31572628493e-05,1.51934801554e-05,2.31572628493e-05,0.0564880040788,0.00164826440223,5.96796005323e-05,2.31572628493e-05,1.51934801554e-05,2.31572628493e-05,0.291750155436,0.358186079806,0.291744800665
306,0.041172365153,0.183132682424,0.0989986131194,0.00491663412866,0.147674003164,0.00163794532952,0.059649361105,0.160064444965,0.17413572908,0.0662569729391,0.0145891507823,0.0477720978098,1,0.1,30,15,3,4,20,0.000989135884709,0.000648972053958,0.000989135884709,0.0814493629236,0.00589112052134,0.00124444831936,0.000989135884709,0.000648972053958,0.000989135884709,0.280745263158,0.34467520706,0.28074011037
307,0.142108375483,0.13696122606,0.0320194833277,0.140558663817,0.0270957279932,0.162731760846,0.0544645634335,0.071948894112,0.0668838511299,0.00588539963732,0.0184731642674,0.140868889893,1,0.1,30,15,3,4,20,0.000167488740257,0.000109889362482,0.000167488740257,0.000483327776046,0.00273171897389,0.00022622034386,0.000167488740257,0.000109889362482,0.000167488740257,0.308476622348,0.378721416293,0.308470960579
308,0.0364664489974,0.0548245279458,0.212551219239,0.385434488705,0.010968581874,0.0122238921779,0.0758590274817,0.0202364204899,0.125057546254,0.00261401052308,0.0428132607035,0.0209505756081,1,0.1,30,15,3,4,20,0.000944659245808,0.000619790931175,0.000944659245808,0.0488307328516,0.00941329771752,0.0347009639869,0.000944659245808,0.000619790931175,0.000944659245808,0.279467635712,0.343106644514,0.279462506373
309,0.213925390568,0.0472055050314,0.0157061441541,0.00166852466596,0.00489990061612,0.0228108426532,0.0539882333958,0.046052000805,0.0703307216291,0.346008960717,0.0271663834575,0.150237392306,1,0.1,30,15,3,4,20,7.42759856709e-05,4.87324741986e-05,7.42759856709e-05,0.0038350107671,0.000724136381385,0.000371184700106,7.42759856709e-05,4.87324741986e-05,7.42759856709e-05,0.308168693806,0.378343367764,0.30816303769
310,0.247111278692,0.0394337639828,0.00705651673843,0.238250802077,0.00685783851659,0.118247156372,0.128578698721,0.00950418501825,0.0373598788835,0.096975158638,0.0207861497225,0.0498385726374,1,0.1,30,15,3,4,20,6.22141326444e-05,4.0818692428e-05,6.22141326444e-05,0.000116540029165,0.00137803898458,0.00385857624093,6.22141326444e-05,4.0818692428e-05,6.22141326444e-05,0.308057546925,0.378206911056,0.308051892849
311,0.00218300961829,0.288378876273,0.00296509200435,0.0208171471779,0.00398450415904,0.0560369708572,0.0188963130852,0.0606741065946,0.0882111665519,0.179279456769,0.0725995027231,0.205973854187,1,0.1,30,15,3,4,20,3.15550459821e-05,2.07032656689e-05,3.15550459821e-05,0.00706329793229,0.000807213999346,0.000443557156754,3.15550459821e-05,2.07032656689e-05,3.15550459821e-05,0.307190660465,0.377142621433,0.307185022299
312,0.00780603133591,0.233717037629,0.102349831002,0.058800031574,0.0655294443214,0.0532303748448,0.0306743519317,0.0343629943926,0.0105917392488,0.083823991298,0.0718603213835,0.247253851039,1,0.1,30,15,3,4,20,3.07148586128e-05,2.01520187359e-05,3.07148586128e-05,0.000249072684608,0.000213869444482,0.000395213148436,3.07148586128e-05,2.01520187359e-05,3.07148586128e-05,0.309502022892,0.379980316055,0.309496342304
313,0.110240383286,0.111646623124,0.122218628202,0.0313031766619,0.0566439119868,0.211368091193,0.0199608124822,0.0773024160211,0.184663253987,0.0248722501944,0.0488101436076,0.000970309253963,1,0.1,30,15,3,4,20,0.000327170069496,0.000214656282596,0.000327170069496,0.206116059308,0.00213878741207,0.00438821060439,0.000327170069496,0.000214656282596,0.000327170069496,0.243399242405,0.298824932362,0.243394775065
314,0.232283982986,0.0134270402469,2.89289156343e-05,0.0471033484781,0.0762441188293,0.247879201327,0.154227779422,0.0373063708046,0.0266169604583,0.0242402955748,0.0881242500446,0.0525177229123,1,0.1,30,15,3,4,20,0.000344723286159,0.000226172948049,0.000344723286159,0.048876856302,0.000828353841187,0.00641133789256,0.000344723286159,0.000226172948049,0.000344723286159,0.291865152923,0.35832726396,0.291859796041
315,0.217279640836,0.0274342388134,0.262515036695,0.0803860898367,0.0329945461071,0.177453147374,0.0187369757588,0.00213572127195,0.0321031290146,0.074357875268,0.0158613662454,0.0587422327795,1,0.1,30,15,3,4,20,2.08818350342e-05,1.37005719659e-05,2.08818350342e-05,0.127449381587,0.000222607396388,0.00358833615847,2.08818350342e-05,1.37005719659e-05,2.08818350342e-05,0.269117208596,0.330399268549,0.269112269229
316,0.181588408658,0.0440611203253,0.0391776150037,0.138140816415,0.00825257275196,0.0387716071123,0.0360930206936,0.102522432591,0.0547826478696,0.0744445810851,0.0926143717495,0.189550805745,1,0.1,30,15,3,4,20,6.09402118682e-05,3.99828730067e-05,6.09402118682e-05,0.027640681039,0.00209656053083,0.000301157060779,6.09402118682e-05,3.99828730067e-05,6.09402118682e-05,0.300411699818,0.368819988886,0.300406186072
317,0.170097909945,0.0813836603287,0.0645599646667,0.064762310628,0.0900815318589,0.0964317561217,0.0366544784238,0.0251119535049,0.0309516398603,0.0904334351216,0.152064693582,0.0974666659589,1,0.1,30,15,3,4,20,0.000119868864445,7.86459619621e-05,0.000119868864445,0.00503695181408,0.00210905704388,0.000305309435719,0.000119868864445,7.86459619621e-05,0.000119868864445,0.307312608143,0.377292338443,0.307306967739
318,0.0855430456992,0.0572270234213,0.0683727955684,0.195610915188,0.0461092735406,0.1134418607,0.0962513318486,0.0307543088823,0.148729191593,0.0272974198543,0.0978513072706,0.032811526434,1,0.1,30,15,3,4,20,0.000348989107923,0.000228971753708,0.000348989107923,0.0392342240353,0.0114507092842,0.00293865140206,0.000348989107923,0.000228971753708,0.000348989107923,0.292630498179,0.35926688991,0.29262512725
319,0.152007423839,0.0381440908426,0.00284943353896,0.0223805864607,0.263731666578,0.0310133963617,0.192454243404,0.0421993771796,0.171765641328,0.0459648668593,0.0231985000392,0.0142907735687,1,0.1,30,15,3,4,20,7.56627615515e-05,4.96423378539e-05,7.56627615515e-05,0.190548871038,0.00506721106153,0.00279632366665,7.56627615515e-05,4.96423378539e-05,7.56627615515e-05,0.248222095902,0.304746022567,0.248217540043
320,0.0449297021454,0.0439155846307,0.044457785279,0.120997381289,0.0691244840022,0.206077030594,0.0407965532125,0.247916640841,0.0207536395668,0.0494940376434,0.051592070411,0.0599450903852,1,0.1,30,15,3,4,20,8.65508500407e-06,5.67860127117e-06,8.65508500407e-06,1.12361085385e-05,0.000103091653555,7.51083080142e-05,8.65508500407e-06,5.67860127117e-06,8.65508500407e-06,0.309745510801,0.380279249844,0.309739825743
321,0.0380249722217,0.0656013501321,0.261438041379,0.129638031057,0.0680254039211,0.0368346753451,0.0535400921419,0.110754399419,0.0393674714675,0.0921898823097,0.102433064342,0.00215261626448,1,0.1,30,15,3,4,20,6.62308979152e-05,4.34540921222e-05,6.62308979152e-05,0.0168055853989,0.0124025805442,0.000384176815087,6.62308979152e-05,4.34540921222e-05,6.62308979152e-05,0.300541188651,0.368978964286,0.300535672529
322,0.205066442664,0.0282007136226,0.0335849507439,0.100370866358,0.24975629122,0.137906366205,0.0662261942282,0.0117350583055,0.0067898117666,0.0695827559243,0.0313470390873,0.0594335098743,1,0.1,30,15,3,4,20,0.000379275718776,0.000248842799089,0.000379275718776,0.123935548127,0.000971220933039,0.00173245734177,0.000379275718776,0.000248842799089,0.000379275718776,0.269959059284,0.331432821375,0.269954104465
323,0.143644283796,0.0680609202591,0.283834392021,0.148125578375,0.072388570168,0.01739001294,0.0287817717842,0.131507773542,0.0786155081105,0.00478914809814,0.0156338370043,0.00722820390075,1,0.1,30,15,3,4,20,0.00166192541111,0.00109038926223,0.00166192541111,0.459418853771,0.00513016054631,0.00718089474618,0.00166192541111,0.00109038926223,0.00166192541111,0.160932592781,0.197579378956,0.160929639031
324,0.172358551781,0.0129651928351,0.0539833377284,0.108574001258,0.000417400510398,0.0237363328788,0.219656005768,0.021530663181,0.184353038051,0.0502274331114,0.0776399379344,0.0745581049633,1,0.1,30,15,3,4,20,2.5879208436e-06,1.69793486549e-06,2.5879208436e-06,0.102695947031,0.000246102201046,0.00014670089535,2.5879208436e-06,1.69793486549e-06,2.5879208436e-06,0.277875390641,0.341151821152,0.277870290527
325,0.0185021688558,0.10092867243,0.100926121616,0.281498880644,0.0170352524979,0.00095506859321,0.0061284358871,0.13564479999,0.19521434841,0.0875044640582,0.0202928293758,0.0353689576414,1,0.1,30,15,3,4,20,0.000199376550117,0.000130810954532,0.000199376550117,0.135830113325,0.000294937765445,0.000757600315522,0.000199376550117,0.000130810954532,0.000199376550117,0.267081538474,0.327900045542,0.267076636469
326,0.241149749041,0.0441782027238,0.0148148162747,0.0143054052597,0.158015470134,0.00470413616206,0.0688204105174,0.00612123735315,0.0802487852867,0.0945884510041,0.155516171518,0.117537164725,1,0.1,30,15,3,4,20,1.18220908104e-05,7.75647378072e-06,1.18220908104e-05,3.07133551299e-05,0.000624266275751,0.000315289251041,1.18220908104e-05,7.75647378072e-06,1.18220908104e-05,0.309498382078,0.379975846173,0.309492701557
327,0.234387185388,0.00364881588134,0.0329118887474,0.0243076306162,0.0797883683365,0.197532969181,0.241528864454,0.0197477638995,0.0162354684572,0.113156346205,0.0100829733344,0.0266717254996,1,0.1,30,15,3,4,20,0.000503437827893,0.000330305558881,0.000503437827893,0.0340878712961,0.014644512887,0.00158080137546,0.000503437827893,0.000330305558881,0.000503437827893,0.29340192649,0.360213984119,0.293396541402
328,0.00218537328322,0.136502087202,0.0104924096953,0.0472830945354,0.0181133355572,0.0464684378715,0.169454698324,0.0111842565273,0.0604201070021,0.393828848036,0.0884401721994,0.0156271797662,1,0.1,30,15,3,4,20,1.2457169594e-05,8.17314897059e-06,1.2457169594e-05,0.000438746235678,0.000836039298842,8.84128836639e-05,1.2457169594e-05,8.17314897059e-06,1.2457169594e-05,0.309375600036,0.379825104802,0.309369921768
329,0.0188813475217,0.0979687961992,0.0135849504773,0.125000404149,0.0450174208535,0.0633598916603,0.0396974852156,0.0182588611711,0.198392718982,0.192870749927,0.174975728828,0.0119916450148,1,0.1,30,15,3,4,20,0.000106955676759,7.01736195213e-05,0.000106955676759,0.0132029169499,0.000536965039693,0.000959678196706,0.000106955676759,7.01736195213e-05,0.000106955676759,0.305088221852,0.374561425741,0.305082622275
330,0.022398364337,0.0554751972457,0.170141144915,0.00429456934412,0.0344156831306,0.0369900541278,0.0385857447281,0.0390241809996,0.0467593105145,0.0224551501034,0.483591016471,0.0458695840837,1,0.1,30,15,3,4,20,1.18372177173e-05,7.76639854434e-06,1.18372177173e-05,0.00740008876127,9.51940644849e-05,0.000999221890898,1.18372177173e-05,7.76639854434e-06,1.18372177173e-05,0.307167210126,0.377113831098,0.307161572391
331,0.0974132962631,0.120278530873,0.0408884705534,0.318880379884,0.0132832639691,0.124206889486,0.0555926706577,0.0345536123672,0.00160676616934,0.0757456172187,0.0391210383487,0.0784294642099,1,0.1,30,15,3,4,20,0.000209496354396,0.00013745055812,0.000209496354396,0.0316388989928,0.0150290679885,0.000317876485561,0.000209496354396,0.00013745055812,0.000209496354396,0.294916572483,0.36207353792,0.294911159596
332,0.0127592388703,0.000290552017166,0.00790113628622,0.0803887397832,0.133867031104,0.0507776091126,0.0675756879013,0.248633565512,0.0236880915343,0.175101409873,0.0656429262146,0.133374011792,1,0.1,30,15,3,4,20,4.54575431749e-05,2.98246940771e-05,4.54575431749e-05,0.00045223781464,0.000132711706359,0.000746885331747,4.54575431749e-05,2.98246940771e-05,4.54575431749e-05,0.309331004453,0.37977035413,0.309325327003
333,0.0760684207133,0.129083601629,0.140557346237,0.114925313999,0.0765366976438,0.090738410173,0.0330188818629,0.00148344465334,0.0105246213808,0.0368765948316,0.0481463737287,0.242040293147,1,0.1,30,15,3,4,20,3.61870615592e-05,2.3742331089e-05,3.61870615592e-05,0.0266881993062,0.00504554931449,0.000128746585297,3.61870615592e-05,2.3742331089e-05,3.61870615592e-05,0.29988730022,0.368176175566,0.2998817961
334,0.185848320766,0.0843200296434,0.0966188483149,0.0557913479151,0.0504510152198,0.0983468963902,0.0865533737728,0.138554754648,0.0592174284231,0.00870620485658,0.0823665529562,0.0532252270932,1,0.1,30,15,3,4,20,0.000396459174225,0.000260116864209,0.000396459174225,0.00223661061915,0.00182897439655,0.00377567768584,0.000396459174225,0.000260116864209,0.000396459174225,0.306736578986,0.376585138732,0.306730949155
335,0.129625034168,0.159505284051,0.166513003179,0.1290041712,0.0401933585102,0.0759102558344,0.0787840254193,0.0235700187828,0.0732279983478,0.0651474653016,0.0100575637546,0.0484618214515,1,0.1,30,15,3,4,20,0.00028466693416,0.000186769975502,0.00028466693416,0.0470629432337,0.00230197062227,0.0238155282381,0.00028466693416,0.000186769975502,0.00028466693416,0.286677285576,0.35195804073,0.286672023912
336,0.0779795553892,0.126531449313,0.217510562463,0.0544200816148,0.143368678261,0.0844907188349,0.129756200623,0.0791181955973,0.0171303650672,0.00674447535463,0.016936375334,0.0460133421489,1,0.1,30,15,3,4,20,0.000718482611876,0.000471396441652,0.000718482611876,0.155911998552,0.000422663596953,0.0361389158765,0.000718482611876,0.000471396441652,0.000718482611876,0.249004090094,0.305706088667,0.248999519883
337,0.0322584690867,0.120544796128,0.0146546388508,0.104937699051,0.0213054587249,0.170806757928,0.0303054378557,0.00435712440204,0.0694193763423,0.237295967717,0.0265220394059,0.167592234507,1,0.1,30,15,3,4,20,4.07343385589e-05,2.67257995285e-05,4.07343385589e-05,0.00344120678011,0.000149023756686,0.00273225073582,4.07343385589e-05,2.67257995285e-05,4.07343385589e-05,0.307792583666,0.377881611655,0.307786934453
338,0.0449452980833,0.0769029162477,0.119223076509,0.21959189669,0.142143410196,0.0608747380264,0.0146058956572,0.104339396399,0.124686729626,0.0203298663591,0.0634172281955,0.00893954801078,1,0.1,30,15,3,4,20,0.000950973907106,0.000623933980452,0.000950973907106,0.0304582391556,0.0220517152729,0.00457133235445,0.000950973907106,0.000623933980452,0.000950973907106,0.290568481151,0.356735320408,0.290563148068
339,0.0218644704974,0.0255333431294,0.0931449455194,0.403066849867,0.0529256794776,0.0635331038394,0.121863407208,0.0501666997133,0.0337728093665,0.0244439912158,0.101446973183,0.00823772698269,1,0.1,30,15,3,4,20,0.000597522458714,0.000392034485162,0.000597522458714,0.00804000913941,0.000949514255534,0.00801296200651,0.000597522458714,0.000392034485162,0.000597522458714,0.303567349721,0.372694228015,0.303561778057
340,0.138878219418,0.134567269201,0.106357666916,0.0380093207595,0.015442560616,0.0154852115183,0.222619397669,0.0630187504596,0.125766009244,0.10057349332,0.0342884867555,0.00499361412219,1,0.1,30,15,3,4,20,8.30542864536e-05,5.44919173422e-05,8.30542864536e-05,0.0702116262129,0.000361145843137,0.00891462875662,8.30542864536e-05,5.44919173422e-05,8.30542864536e-05,0.285055091059,0.349966447979,0.285049859169
341,0.0174614126624,0.0522607592363,0.0979054815251,0.120771903279,0.239549744181,0.104271143047,0.00460695114572,0.18715867653,0.0217815769382,0.0112173479379,0.0848037193659,0.058211284151,1,0.1,30,15,3,4,20,0.000527308602294,0.000345967173965,0.000527308602294,0.0352681269247,0.00982256748059,0.00137590639747,0.000527308602294,0.000345967173965,0.000527308602294,0.294554382463,0.361628871753,0.294548976223
342,0.0877835702873,0.0503473756384,0.366499210138,0.0118699536068,0.00456088955767,0.0235373096991,0.191192055253,0.0465029840951,0.0240152728018,0.0423605330114,0.13042741303,0.020903432881,1,0.1,30,15,3,4,20,2.25857956118e-06,1.48185405009e-06,2.25857956118e-06,4.81081096601e-05,0.000180525444,1.40713700372e-05,2.25857956118e-06,1.48185405009e-06,2.25857956118e-06,0.309739534608,0.380271912782,0.30973384966
343,0.135539989735,0.127573938232,0.0103032023292,0.182552100329,0.0466142248554,0.0435834824171,0.0511427599901,0.152676210452,0.104065865857,0.0237663350581,0.0346407158488,0.0875411748973,1,0.1,30,15,3,4,20,0.000148459009677,9.74039562491e-05,0.000148459009677,0.00425629182806,0.00112980238135,0.00983463780225,0.000148459009677,9.74039562491e-05,0.000148459009677,0.304858446293,0.374279326811,0.304852850933
344,0.0162804359446,0.0917769614737,0.124655495999,0.242619776578,0.137343857728,0.0295026647873,0.00242676296099,0.00544976147934,0.0425731581039,0.15337290259,0.108495681655,0.0455025406997,1,0.1,30,15,3,4,20,9.90825676555e-06,6.50080726388e-06,9.90825676555e-06,0.00111907459425,0.00214361337046,0.00134756280556,9.90825676555e-06,6.50080726388e-06,9.90825676555e-06,0.308373798367,0.378595177736,0.308368138486
345,0.00527139071977,0.211757465572,0.091863969351,0.0266217084587,0.0313609435484,0.0707462258127,0.0276612375743,0.258274579773,0.0430825391531,0.0908431251263,0.0944958359927,0.0480209789173,1,0.1,30,15,3,4,20,7.01273587701e-05,4.60105600891e-05,7.01273587701e-05,0.000441025858751,0.000791282422841,0.0014091416983,7.01273587701e-05,4.60105600891e-05,7.01273587701e-05,0.308884659514,0.379222369695,0.308878990256
346,0.164967715816,0.143436717447,0.106766501693,0.0117842264738,0.182508631473,0.0799731570876,0.0549999020332,0.0598833030393,0.0530536620927,0.0746429461172,0.0597397473658,0.00824348936084,1,0.1,30,15,3,4,20,0.0001623298733,0.000106504629872,0.0001623298733,0.00036323375289,0.00337818247464,0.00343599930975,0.0001623298733,0.000106504629872,0.0001623298733,0.307327585196,0.377310725997,0.307321944517
347,0.0711290586139,0.0338719794235,0.233220490035,0.178532751497,0.0673239852489,0.0360775184959,0.0197210651136,0.0993288119199,0.051100724624,0.0733074136958,0.0201549677676,0.116231233565,1,0.1,30,15,3,4,20,0.000292268866312,0.000191757603187,0.000292268866312,0.0385329808005,0.00148722133867,0.00793508078423,0.000292268866312,0.000191757603187,0.000292268866312,0.294479993804,0.361537543671,0.29447458893
348,0.154995725645,0.0249910717825,0.045973167825,0.0664520624621,0.0958908989515,0.18956692904,0.00996737645535,0.0625221144146,0.0810512832546,0.0516897741431,0.0465334144637,0.170366181562,1,0.1,30,15,3,4,20,0.000137942501107,9.05040749765e-05,0.000137942501107,0.01782066885,0.00277290084832,0.00504394571217,0.000137942501107,9.05040749765e-05,0.000137942501107,0.3016484429,0.370338357079,0.301642906456
349,0.0161971942229,0.0315995793466,0.044271687071,0.294961187606,0.149247958157,0.238299406398,0.0149594793639,0.0245683062991,0.0236116344567,0.0171893660611,0.0554874066826,0.0896067943349,1,0.1,30,15,3,4,20,0.000312978872829,0.000205345438463,0.000312978872829,0.0731215844162,0.00136470010845,0.0129922285342,0.000312978872829,0.000205345438463,0.000312978872829,0.28220088316,0.346462293758,0.282195703655
350,0.0223589902951,0.0872739892133,0.0818388662782,0.348398972029,0.107788926916,0.0525904797027,0.097461575577,0.0267959475533,0.0944864679522,0.0517256384517,0.00465171280505,0.0246284332267,1,0.1,30,15,3,4,20,0.000582453134703,0.000382147501679,0.000582453134703,0.0893534741076,0.00135276820657,0.0361915911685,0.000582453134703,0.000382147501679,0.000582453134703,0.269544545083,0.33092391602,0.269539597873
351,0.153873101352,0.0251065050992,0.14010854087,0.0945321995788,0.0144902956711,0.0529134195207,0.117551134959,0.103579735547,0.178824355206,0.102236290525,0.00560077012568,0.0111836515462,1,0.1,30,15,3,4,20,0.000773003207837,0.000507167404662,0.000773003207837,0.0566552018727,0.00895010463952,0.00418721853781,0.000773003207837,0.000507167404662,0.000773003207837,0.286923212361,0.352259968764,0.286917946183
352,0.170410756115,0.00500607551401,0.0363423804025,0.0611019597276,0.0583122930682,0.0681627209726,0.0468583755884,0.0212669882803,0.163027681869,0.0935274795193,0.265974654328,0.0100086346162,1,0.1,30,15,3,4,20,2.89273545183e-05,1.89792372994e-05,2.89273545183e-05,5.84022858214e-05,0.000387353255945,0.000137366312497,2.89273545183e-05,1.89792372994e-05,2.89273545183e-05,0.309590175226,0.380088542008,0.309584493019
353,0.0993986711483,0.283291201012,0.0904257073245,0.0316572610937,0.0404470904808,0.0132589750132,0.100145826174,0.160180725776,0.0518676149176,0.0211641665705,0.0757326246178,0.0324301358722,1,0.1,30,15,3,4,20,0.000855552138782,0.000561327758255,0.000855552138782,0.0954144420658,0.00172335972646,0.00870947111099,0.000855552138782,0.000561327758255,0.000855552138782,0.275616925921,0.338379069846,0.275611867258
354,0.113024001408,0.00100124252331,0.0689016311879,0.0522890960671,0.0330363724748,0.240355441466,0.166757284357,0.095748842584,0.0388362800541,0.162137094639,0.0113948749193,0.0165178383198,1,0.1,30,15,3,4,20,0.000292043733991,0.000191609893872,0.000292043733991,0.0488129195733,0.012355419812,0.000263181349971,0.000292043733991,0.000191609893872,0.000292043733991,0.290305177271,0.35641205825,0.29029984902
355,0.0284618290056,0.163356622903,0.115178832432,0.381942374954,0.0253376885232,0.00861042052027,0.0286538575076,0.0325148420014,0.0116883363761,0.0868192698635,0.0959058825482,0.0215300433642,1,0.1,30,15,3,4,20,6.62678452869e-05,4.34783332928e-05,6.62678452869e-05,0.000231449868739,0.000251123639779,0.00307812399529,6.62678452869e-05,4.34783332928e-05,6.62678452869e-05,0.308606211729,0.378880515137,0.308600547582
356,0.00127490633153,0.0768534155114,0.000725903093358,0.0254263748823,0.176077206652,0.0768415573105,0.203148899074,0.202285934195,0.123598201153,0.0180012728836,0.0239950292058,0.0717712997065,1,0.1,30,15,3,4,20,0.000754979184025,0.000495341842639,0.000754979184025,0.0500114333466,0.0187193832124,0.000672599349204,0.000754979184025,0.000495341842639,0.000754979184025,0.287073429806,0.352444392994,0.287068160871
357,0.196033312831,0.0505700232793,0.00267375324204,0.0198443213081,0.223341707079,0.0400367411274,0.0671105922404,0.00517895003035,0.137830911253,0.0879315505199,0.0820923786841,0.0873557584045,1,0.1,30,15,3,4,20,0.000338071426348,0.000221808662827,0.000338071426348,0.0444996921096,0.000414336365077,0.00046312286704,0.000338071426348,0.000221808662827,0.000338071426348,0.295203363868,0.362425636042,0.295197945717
358,0.0714509079287,0.0635732747926,0.0221789801647,0.0456368304346,0.00207193313109,0.0323265603995,0.17262433516,0.162643042281,0.00477187387603,0.0850868076357,0.0149928107787,0.322642643417,1,0.1,30,15,3,4,20,6.98590484482e-05,4.58345216869e-05,6.98590484482e-05,0.00184129062029,0.000508827144598,0.000883909922887,6.98590484482e-05,4.58345216869e-05,6.98590484482e-05,0.308701509599,0.378997513773,0.308695843703
359,0.0644725337357,0.207941088143,0.0112670597692,0.268915839702,0.0995587871814,0.00137386437336,0.0644814738675,0.00973077935437,0.0804433219194,0.0934332134128,0.00173226942023,0.0966497691211,1,0.1,30,15,3,4,20,3.99237108649e-06,2.61939466984e-06,3.99237108649e-06,2.86466092933e-06,0.000265283704868,1.43492644926e-06,3.99237108649e-06,2.61939466984e-06,3.99237108649e-06,0.309728353689,0.380258185798,0.309722668947
360,0.0540729276951,0.0586572018067,0.0578680464456,0.173821810063,0.194236075842,0.0989066740531,0.00371321760449,0.120354583679,0.0815735061046,0.0293370697322,0.120409444664,0.00704944230931,1,0.1,30,15,3,4,20,0.000123901017839,8.12914578041e-05,0.000123901017839,0.00696992023254,0.0106095441248,0.00246881706361,0.000123901017839,8.12914578041e-05,0.000123901017839,0.30340320041,0.372492699423,0.303397631759
361,0.04361791046,0.0981646359611,0.169809354713,0.0344164172148,0.218366276773,0.00653296329658,0.0424799118856,0.0442504216112,0.0799216942446,0.176652975747,0.00564043110652,0.0801470069865,1,0.1,30,15,3,4,20,0.000117507267438,7.70965181662e-05,0.000117507267438,0.019665445481,0.00701772223322,0.00126657447712,0.000117507267438,7.70965181662e-05,0.000117507267438,0.300965705058,0.369500149501,0.300960181144
362,0.0814829011086,0.123265914518,0.288642262083,0.0504102482417,0.0274723545259,0.00760870504824,0.0295826018482,0.117838121055,0.00951059200969,0.19950782739,0.0159550134316,0.0487234587396,1,0.1,30,15,3,4,20,0.000125260295766,8.21832800524e-05,0.000125260295766,0.000578753569275,0.000367293460238,0.000583442478016,0.000125260295766,8.21832800524e-05,0.000125260295766,0.309138426624,0.379533923416,0.309132752709
363,0.0310153906902,0.242498175177,0.0488395662402,0.0468625898049,0.160621419226,0.0315991470299,0.149190813462,0.133765099622,0.0140719889912,0.129706175168,0.00271394303249,0.00911569155534,1,0.1,30,15,3,4,20,0.000754140683983,0.000494791702762,0.000754140683983,0.0232275573861,0.0135414542389,0.000793250556195,0.000754140683983,0.000494791702762,0.000754140683983,0.296939786599,0.3645574685,0.296934336578
364,0.00389749460026,0.19731604426,0.177384293969,0.0835502514284,0.181865471382,0.0724809295926,0.0176586863154,0.00202375304554,0.0530068668959,0.155917617593,0.016674693462,0.0382238974564,1,0.1,30,15,3,4,20,6.2604727483e-05,4.10749617016e-05,6.2604727483e-05,0.104710536308,4.05393580043e-05,0.00162922817155,6.2604727483e-05,4.10749617016e-05,6.2604727483e-05,0.276756829871,0.339778547171,0.276751750287
365,0.0365466035108,0.113870475624,0.000205092292469,0.237770510798,0.183041571105,0.0516972532765,0.112544737126,0.0211833301921,0.0435975581022,0.0239870460933,0.14157511943,0.0339807024497,1,0.1,30,15,3,4,20,3.36970639068e-05,2.21086436293e-05,3.36970639068e-05,3.59192427067e-05,0.0033521553294,6.66032859079e-05,3.36970639068e-05,2.21086436293e-05,3.36970639068e-05,0.308692664135,0.378986654063,0.308686998401
366,0.0912280500093,0.0364727005407,0.100541699794,0.0641716399457,0.0934932072256,0.119226986829,0.227043920452,0.0422238394079,0.0496276599192,0.151406455455,0.019163956719,0.00539988370297,1,0.1,30,15,3,4,20,5.23946856086e-05,3.43761532278e-05,5.23946856086e-05,0.0914044932291,0.00112140843059,0.00247309498024,5.23946856086e-05,3.43761532278e-05,5.23946856086e-05,0.28029977265,0.344128271623,0.280294628038
367,0.0794438666924,0.0289760924792,0.00903021105105,0.011493551707,0.0352676497217,0.192477247328,0.149016459088,0.0835977964863,0.121138910221,0.0684404510287,0.0392051113191,0.181912652878,1,0.1,30,15,3,4,20,0.000270185062485,0.000177268419496,0.000270185062485,0.00389237253041,0.0020101025206,0.000447363777287,0.000270185062485,0.000177268419496,0.000270185062485,0.307406473763,0.377407578684,0.307400831636
368,0.00449379683216,0.146261934611,0.0491142177163,0.11940731505,0.0220568641965,0.107247611573,0.000888020844883,0.0108868563728,0.145601532891,0.117459370147,0.272478938122,0.00410354164328,1,0.1,30,15,3,4,20,3.02438195943e-05,1.98429700358e-05,3.02438195943e-05,0.0347110954955,0.00117904832376,9.65016497254e-05,3.02438195943e-05,1.98429700358e-05,3.02438195943e-05,0.298619343885,0.366619486391,0.298613863037
369,0.0370622761718,0.0280107408628,0.0545541801228,0.0052249435656,0.0488398804,0.263078055635,0.242232812397,0.00882027323097,0.0479653492691,0.0589592942754,0.108064189465,0.0971880046043,1,0.1,30,15,3,4,20,2.43809027987e-05,1.59963103262e-05,2.43809027987e-05,0.0223983552444,0.00127117908634,0.00109535116339,2.43809027987e-05,1.59963103262e-05,2.43809027987e-05,0.302105701416,0.370899740278,0.30210015658
370,0.03028488906,0.256485141702,0.00408254555418,0.0144112383049,0.265954850628,0.0690039941428,0.0316260826692,0.0985713495322,0.0708803593838,0.0402762979089,0.00816837174968,0.110254879365,1,0.1,30,15,3,4,20,0.000119756012448,7.85719197672e-05,0.000119756012448,0.000169687444664,0.00388399938151,0.000518955531838,0.000119756012448,7.85719197672e-05,0.000119756012448,0.308204660782,0.378387524965,0.308199004006
371,0.0127508998617,0.180207634225,0.072127365527,0.0267271310041,0.0436316670182,0.217483139093,0.106280416154,0.0257556686227,0.0769162078001,0.165947214194,0.0552043191983,0.0169683373023,1,0.1,30,15,3,4,20,0.000251532411748,0.000165030415348,0.000251532411748,0.0391294330521,0.000409359670617,0.0014705414627,0.000251532411748,0.000165030415348,0.000251532411748,0.296699021622,0.364261877695,0.29669357602
372,0.0261860088879,0.0555002022222,0.00277188902419,0.158898068093,0.0231258293351,0.104916357529,0.0486789421828,0.0758349891363,0.0305334403017,0.220365973198,0.0562282138829,0.196960086206,1,0.1,30,15,3,4,20,8.23158724879e-05,5.40074439393e-05,8.23158724879e-05,0.00100645084884,0.000220210214267,0.000222407587532,8.23158724879e-05,5.40074439393e-05,8.23158724879e-05,0.309234021175,0.379651286292,0.309228345505
373,0.0012792935747,0.110653851704,0.0760680774071,0.0322766067172,0.0999009439156,0.0594164335643,0.21203542193,0.292119757836,0.00510740684218,0.0379092283503,0.0680098938328,0.0052230843251,1,0.1,30,15,3,4,20,0.000839866228478,0.000551036232504,0.000839866228478,0.0770547028939,0.0227176997553,0.000763017159635,0.000839866228478,0.000551036232504,0.000839866228478,0.27728845214,0.340431227874,0.277283362798
374,0.0965250165314,0.0449054846479,0.182501813172,0.0786487515989,0.0658390959983,0.122307440451,0.0725932036402,0.0484818320988,0.0602458307287,0.0736581129179,0.110047256003,0.0442461622132,1,0.1,30,15,3,4,20,0.000376049177542,0.000246725865385,0.000376049177542,0.044612599306,0.00713749221903,0.00121080863438,0.000376049177542,0.000246725865385,0.000376049177542,0.292791274143,0.359464276994,0.292785900263
375,0.107872580739,0.0950158937982,0.0136052968214,0.164777654823,0.0635312642689,0.0658217504937,0.065478212155,0.137102739603,0.08771467346,0.0129738626115,0.0499475947,0.136158476527,1,0.1,30,15,3,4,20,0.000163329837785,0.000107160706571,0.000163329837785,0.00758650791271,0.000363692836211,0.00749701258134,0.000163329837785,0.000107160706571,0.000163329837785,0.304763803533,0.374163132462,0.30475820991
376,0.0809343709982,0.0616613633871,0.0830665561967,0.121161096762,0.0629152368415,0.134298620034,0.00782677869695,0.0911773423635,0.0525695755559,0.0988838424581,0.14581354776,0.0596916689468,1,0.1,30,15,3,4,20,6.49571783173e-05,4.2618404694e-05,6.49571783173e-05,0.000236976379571,0.000161710975714,0.000776378638796,6.49571783173e-05,4.2618404694e-05,6.49571783173e-05,0.309347481496,0.379790583244,0.309341803744
377,0.01281917041,0.0835157977923,0.136803197241,0.0190810643514,0.357421078334,0.00793929913106,0.0307796797773,0.0692372840916,0.155510714175,0.0188803003261,0.0249705184262,0.0830418959434,1,0.1,30,15,3,4,20,6.09082951256e-05,3.99619324319e-05,6.09082951256e-05,0.025852736576,0.0229277383611,0.000529072660405,6.09082951256e-05,3.99619324319e-05,6.09082951256e-05,0.294441194916,0.361489909688,0.294435790753
378,0.0990183433365,0.148671892784,0.141099744461,0.0307983072114,0.03462415922,0.036217385858,0.121193800201,0.0691203311433,0.036329188069,0.0454225192433,0.0559902312571,0.181514097215,1,0.1,30,15,3,4,20,0.000262773450404,0.00017240566081,0.000262773450404,0.0122340623524,0.00373278103611,0.000406205013217,0.000262773450404,0.00017240566081,0.000262773450404,0.304313296707,0.373610038416,0.304307711352
379,0.0983979557648,0.0966610185705,0.0568123560528,0.0748902948864,0.12074627749,0.166674891412,0.0514114292503,0.0262917517604,0.126319234996,0.0638623420399,0.0115327518013,0.106399695976,1,0.1,30,15,3,4,20,5.98950463056e-05,3.92971398811e-05,5.98950463056e-05,0.0487967389142,0.0123888517776,0.000952661080843,5.98950463056e-05,3.92971398811e-05,5.98950463056e-05,0.290468293343,0.35661231832,0.290462962099
380,0.00164138329391,0.0528077268948,0.0429436637933,0.0867360850587,0.0104212509345,0.00202974859157,0.123720697117,0.130425290009,0.0740031719907,0.0872207002996,0.037073921046,0.350976360972,1,0.1,30,15,3,4,20,9.19008228902e-05,6.02961298983e-05,9.19008228902e-05,0.00765650780084,0.000291268536501,0.0021320871344,9.19008228902e-05,6.02961298983e-05,9.19008228902e-05,0.306544266653,0.376349033972,0.306538640352
381,0.0385183537976,0.0223167275382,0.130597112389,0.260181913733,0.0525658782374,0.0739056736732,0.0501985953754,0.247087139301,0.00402097524215,0.0570046809069,0.0137908512202,0.0498120985858,1,0.1,30,15,3,4,20,0.0003421383463,0.000224476969008,0.0003421383463,0.00374686135981,0.0067208724069,0.0054635571701,0.0003421383463,0.000224476969008,0.0003421383463,0.30431954118,0.373617704849,0.304313955711
382,0.0910033426998,0.324982261571,0.0885937835915,0.0314036019405,0.135840708173,0.000720765317919,0.061746355084,0.0272621385122,0.0155978101848,0.0407802312671,0.147901454652,0.0341675470058,1,0.1,30,15,3,4,20,0.000234761606675,0.000154027090139,0.000234761606675,0.050236623868,0.00241137549483,0.0013991958289,0.000234761606675,0.000154027090139,0.000234761606675,0.292687253468,0.359336569237,0.292681881497
383,0.00676303643434,0.088781192666,0.180301818658,0.0972886555386,0.141710979923,0.0101127170066,0.060762845767,0.20298588841,0.0364499960432,0.125455540988,0.0463621573324,0.00302517123239,1,0.1,30,15,3,4,20,0.000311566747806,0.000204418943236,0.000311566747806,0.0785333598256,0.00817575450167,0.000300812937381,0.000311566747806,0.000204418943236,0.000311566747806,0.282348383782,0.346643382504,0.282343201571
384,0.131089428432,0.0255629223753,0.0388037512846,0.172018201012,0.0227662045667,0.0343574249824,0.0925515323839,0.117437995202,0.193237717098,0.00635865068887,0.0398174157207,0.125998756253,1,0.1,30,15,3,4,20,0.000423901980146,0.000278122089174,0.000423901980146,0.0130965858773,0.00846213021545,0.00185399894403,0.000423901980146,0.000278122089174,0.000423901980146,0.301867089966,0.37060679339,0.301861549509
385,0.073038128798,0.0261992283036,0.0949618437148,0.0110869584729,0.238267854916,0.124416446554,0.00300361267843,0.13826194462,0.0376286515249,0.0191659920913,0.195861417291,0.0381079210345,1,0.1,30,15,3,4,20,5.19039351282e-05,3.40541718376e-05,5.19039351282e-05,0.000240712334761,0.000490766381968,0.0013078334522,5.19039351282e-05,3.40541718376e-05,5.19039351282e-05,0.309101205345,0.379488226288,0.309095532113
386,0.0159004552955,0.156843123879,0.0220650677014,0.132937667836,0.00935023996704,0.169311627896,0.048961555559,0.0406058545711,0.224326835948,0.104549317751,0.0293991712729,0.0457490823232,1,0.1,30,15,3,4,20,9.85146020879e-05,6.46354304299e-05,9.85146020879e-05,0.000131363426743,0.00180184099775,0.00107736000097,9.85146020879e-05,6.46354304299e-05,9.85146020879e-05,0.308723580826,0.379024610953,0.308717914525
387,0.0378220599273,0.0198908580963,0.0350635134878,0.0252341906307,0.392719474044,0.0486111757138,0.0684214924207,0.070493071865,0.068145256701,0.102374559094,0.0224537918793,0.10877055614,1,0.1,30,15,3,4,20,1.59854620735e-05,1.04880616664e-05,1.59854620735e-05,0.0400819223072,5.84345171375e-05,0.00960251569174,1.59854620735e-05,1.04880616664e-05,1.59854620735e-05,0.29438087765,0.361415857268,0.294375474594
388,0.0201243148024,0.0604921105463,0.0261691154951,0.0721851174167,0.0198965018072,0.0672351142672,0.0431923747099,0.0898800420944,0.0854560794888,0.337296531668,0.0386632398945,0.139409457809,1,0.1,30,15,3,4,20,2.97201849171e-06,1.94994133241e-06,2.97201849171e-06,0.00344846847445,1.08634388336e-05,0.00134883034674,2.97201849171e-06,1.94994133241e-06,2.97201849171e-06,0.308323897519,0.37853391371,0.308318238554
389,0.0560158649967,0.0340502629913,0.115204614642,0.415346835829,0.0220412648522,0.0519405977373,0.120050984659,0.0203580387595,0.00884654443793,0.015745887706,0.00482704074976,0.135572062638,1,0.1,30,15,3,4,20,0.000194395181827,0.000127542678797,0.000194395181827,0.108037908816,0.00386690546985,0.00612734663306,0.000194395181827,0.000127542678797,0.000194395181827,0.272929966571,0.3350802492,0.272924957225
390,0.069550280545,0.00939582015942,0.0967117002231,0.0566787217644,0.00263026182471,0.00329671781124,0.234281427469,0.0269898261934,0.00210340934045,0.0326950228102,0.0544635787973,0.411203233061,1,0.1,30,15,3,4,20,5.7370791975e-05,3.76409766148e-05,5.7370791975e-05,0.0018292865005,0.000367558767656,0.00021436054568,5.7370791975e-05,3.76409766148e-05,5.7370791975e-05,0.308976988385,0.379335723247,0.308971317433
391,0.0347217972,0.0941225492941,0.0349704220846,0.159090698699,0.270006282875,0.0427659261865,0.0302285050308,0.0121992607175,0.179608111645,0.0454190716261,0.0147230300852,0.0821443445556,1,0.1,30,15,3,4,20,0.000402654543712,0.000264181646129,0.000402654543712,0.017852782441,0.00823797551837,0.00576547862626,0.000402654543712,0.000264181646129,0.000402654543712,0.299286100642,0.367438073749,0.299280607556
392,0.107205127172,0.0114975811489,0.0603083069448,0.019753087394,0.123080975994,0.0465726185651,0.107508130058,0.0201840686447,0.0698228178868,0.136754638531,0.021939567771,0.27537307989,1,0.1,30,15,3,4,20,7.13761270948e-05,4.68298769869e-05,7.13761270948e-05,0.0144066723284,0.0019239846277,0.000785474841273,7.13761270948e-05,4.68298769869e-05,7.13761270948e-05,0.304398080838,0.373714129176,0.304392493927
393,0.104498089262,0.098371300641,0.0712792464815,0.115560168815,0.195977468282,0.129414116405,0.0841974610845,0.122196061568,0.0293107946129,0.0170180317674,0.01094377454,0.0212334865402,1,0.1,30,15,3,4,20,0.000496205004185,0.000325560103245,0.000496205004185,0.201912013225,0.00819393139757,0.0418083134223,0.000496205004185,0.000325560103245,0.000496205004185,0.230954099352,0.28354584195,0.23094986043
394,0.186207605788,0.0874588012573,0.118378934529,0.0789564820584,0.0914446539318,0.188797089878,0.0625852622544,0.0181848175061,0.0716782119705,0.0264432512825,0.050645699302,0.0192191902422,1,0.1,30,15,3,4,20,1.70204519094e-06,1.11671184978e-06,1.70204519094e-06,5.17505875765e-06,2.00342483484e-05,2.78884093729e-06,1.70204519094e-06,1.11671184978e-06,1.70204519094e-06,0.309806970682,0.38035470507,0.309801284496
395,0.00619811358718,0.0125324394248,0.00602957839307,0.0134660159466,0.0162172293512,0.00535701304008,0.00241617689579,0.0748565407439,0.147980217211,0.564550453526,0.061998542885,0.0883976789954,1,0.1,30,15,3,4,20,3.60703392005e-06,2.36657495494e-06,3.60703392005e-06,8.18775671125e-05,0.000206949829216,2.26107413317e-05,3.60703392005e-06,2.36657495494e-06,3.60703392005e-06,0.309716020481,0.380243044132,0.309710335964
396,0.0300927274408,0.0308748962915,0.209266420825,0.0493650470153,0.0189641425015,0.0556926813025,0.00488098713537,0.0181149841932,0.239736401322,0.0811138942897,0.131004133219,0.130893684464,1,0.1,30,15,3,4,20,0.000152027353612,9.97451467045e-05,0.000152027353612,0.00406008198543,0.00182838412664,0.00023152138891,0.000152027353612,9.97451467045e-05,0.000152027353612,0.307672151975,0.377733755845,0.307666504972
397,0.00275494496207,0.0153706640856,0.0337081953769,0.0489272003127,0.0783419951136,0.150760425941,0.0847264566935,0.0962506290651,0.19646348226,0.0357217762189,0.17086002666,0.0861142033107,1,0.1,30,15,3,4,20,6.91660590397e-05,4.5379851336e-05,6.91660590397e-05,0.000200013090677,0.00060809003079,0.00021072057994,6.91660590397e-05,4.5379851336e-05,6.91660590397e-05,0.30938896119,0.379841508493,0.309383282677
398,0.156463983883,0.0950838795764,0.00119365350086,0.0580287464304,0.260644961967,0.017823005729,0.0546637831432,0.0349921758242,0.0526526159133,0.160488857756,0.0684305220883,0.0395338141889,1,0.1,30,15,3,4,20,9.03807791841e-05,5.92988292227e-05,9.03807791841e-05,0.0108893538916,0.00584679333971,0.000566263907208,9.03807791841e-05,5.92988292227e-05,9.03807791841e-05,0.304309089872,0.37360487362,0.304303504594
399,0.0104994124306,0.12754109592,0.0128953179756,0.0576758405808,0.0584176247364,0.167345012745,0.115835057794,0.0754314069208,0.0280250401444,0.264731998926,0.073327720465,0.0082744713609,1,0.1,30,15,3,4,20,6.46946577112e-08,4.24461649243e-08,6.46946577112e-08,4.9380599584e-07,1.63572037607e-06,2.29508687478e-07,6.46946577112e-08,4.24461649243e-08,6.46946577112e-08,0.309817608932,0.380367765811,0.309811922551
400,0.01169701242,0.224771109564,0.0171491840856,0.0231038173761,0.0793302878875,0.0286933509963,0.0544917313879,0.172593200804,0.00165146236323,0.100204403111,0.271186530504,0.0151279095005,1,0.1,30,15,3,4,20,1.54206439759e-05,1.01174845126e-05,1.54206439759e-05,0.0263972346377,0.0029274767995,8.58919935029e-05,1.54206439759e-05,1.01174845126e-05,1.54206439759e-05,0.300681119255,0.369150759205,0.300675600565
401,0.0711863349363,0.0513002082751,0.108399233353,0.237262370679,0.0802932120135,0.0839752031501,0.0316597972934,0.127380958197,0.0244740446379,0.0781781035266,0.00571826911301,0.100172264825,1,0.1,30,15,3,4,20,7.23770213759e-05,4.74865637247e-05,7.23770213759e-05,0.0614295559887,0.00852192293068,0.000418471995034,7.23770213759e-05,4.74865637247e-05,7.23770213759e-05,0.287897418051,0.353456015829,0.287892133993
402,0.152531768151,0.0438987976425,0.0490551584843,0.0207590857769,0.00290879911923,0.0149162282175,0.282618724133,0.0853304290004,0.205271835241,0.0673856888845,0.0365963760098,0.0387271093395,1,0.1,30,15,3,4,20,0.000701134088075,0.000460014075186,0.000701134088075,0.0605069598513,0.00889860876924,0.00683819816327,0.000701134088075,0.000460014075186,0.000701134088075,0.285042782129,0.349951336119,0.285037550465
403,0.044137724199,0.272373567469,0.0623800896253,0.0196605881532,0.0261247183427,0.0765072057727,0.0153211566358,0.139478705581,0.0018140944748,0.0965022633141,0.0909466039908,0.154753282442,1,0.1,30,15,3,4,20,9.10755542566e-05,5.97546711478e-05,9.10755542566e-05,0.00620731293333,0.00204463225174,0.00132519598193,9.10755542566e-05,5.97546711478e-05,9.10755542566e-05,0.306701377538,0.376541921382,0.306695748353
404,0.182225315435,0.0336627136063,0.110953529922,0.130018491185,0.0828713404572,0.00590417457141,0.15829849579,0.0688389781816,0.0483615564677,0.0315367696581,0.102259443903,0.0450691908218,1,0.1,30,15,3,4,20,0.000126234233377,8.28222805185e-05,0.000126234233377,0.100286615449,0.00355509780429,0.000214605920895,0.000126234233377,8.28222805185e-05,0.000126234233377,0.277372120631,0.340533948946,0.277367029754
405,0.168548569835,0.0606925963629,0.103761942671,0.11082082792,0.0558561484929,0.0101881542817,0.105889688821,0.164328509573,0.148525580602,0.00602074163869,0.0396083271843,0.0257589126171,1,0.1,30,15,3,4,20,0.000335735333693,0.000220275952436,0.000335735333693,0.000961161372925,0.00192951282814,0.0341810701118,0.000335735333693,0.000220275952436,0.000335735333693,0.297780376952,0.365589473994,0.297774911502
406,0.208373795911,0.0756567740775,0.0141031706189,0.162572666845,0.232087892544,0.0604205347928,0.00252522680345,0.00475634389927,0.0222951503286,0.158915281719,0.0124126760083,0.045880486453,1,0.1,30,15,3,4,20,0.000379313244393,0.000248867419646,0.000379313244393,0.0437675877625,0.00181885216924,0.0072531023309,0.000379313244393,0.000248867419646,0.000379313244393,0.292823501,0.359503842393,0.292818126528
407,0.186745109403,0.129404104106,0.0650031674365,0.0601944726632,0.00509747668957,0.171811608759,0.0133719500411,0.0518266599428,0.190690421443,0.0568172792671,0.0514676331358,0.0175701171126,1,0.1,30,15,3,4,20,0.000129841335857,8.51889004555e-05,0.000129841335857,0.00114969311545,0.00822876996074,0.00424901919125,0.000129841335857,8.51889004555e-05,0.000129841335857,0.305382705748,0.374922968075,0.305377100765
408,0.0702583055823,0.0380414911505,0.00146890383319,0.0992344234765,0.00254657895937,0.027335024665,0.00518583470202,0.378063222654,0.0768458411168,0.0440136863102,0.155136765092,0.101869922458,1,0.1,30,15,3,4,20,9.30105785771e-05,6.10242406044e-05,9.30105785771e-05,0.0427178320835,0.00208831418585,0.000106806770654,9.30105785771e-05,6.10242406044e-05,9.30105785771e-05,0.295750506509,0.36309737134,0.295745078315
409,0.199409507152,0.00627426333964,0.02629471161,0.305947219426,0.152397967113,0.0274374250102,0.05518519995,0.127351140048,0.00161966819112,0.033961519625,0.0201281505837,0.0439932279523,1,0.1,30,15,3,4,20,0.000152013792175,9.97362490459e-05,0.000152013792175,0.0811669067335,0.0296878963266,0.0023138948731,0.000152013792175,9.97362490459e-05,0.000152013792175,0.274506509152,0.337015794378,0.27450147087
410,0.131556325927,0.0791804705374,0.100065737653,0.0655464302226,0.0555618666098,0.0547051340485,0.114794795455,0.0889895509746,0.0887926161535,0.0943025509012,0.034505507522,0.0919990139952,1,0.1,30,15,3,4,20,0.000379747221827,0.000249152152241,0.000379747221827,0.0198066708456,0.00323277883064,0.000508614037967,0.000379747221827,0.000249152152241,0.000379747221827,0.301897827125,0.370644529865,0.301892286104
411,0.0344706803083,0.099643868833,0.339197964084,0.0108092881012,0.0337077257007,0.0691809405173,0.0110571816067,0.0580449119792,0.087117607804,0.0310080622079,0.0917930202236,0.133968748634,1,0.1,30,15,3,4,20,0.000285238603282,0.000187145047613,0.000285238603282,0.00395395728317,0.00233073042645,0.000375803637245,0.000285238603282,0.000187145047613,0.000285238603282,0.3072854525,0.37725899905,0.307279812595
412,0.0482512506964,0.0249359457047,0.119613399864,0.195574774923,0.0628960365979,0.0296579731887,0.0466540280073,0.0197828027735,0.165200839058,0.030511151656,0.0966067235899,0.16031507394,1,0.1,30,15,3,4,20,5.65896703599e-05,3.71284827231e-05,5.65896703599e-05,0.0694273860365,0.000286515432723,0.000701798577772,5.65896703599e-05,3.71284827231e-05,5.65896703599e-05,0.287909227225,0.353470514131,0.28790394295
413,0.105923855066,0.114812415729,0.13397893365,0.0937160999053,0.071779282749,0.0101034152345,0.184323729842,0.00357691112482,0.0909975933999,0.12712049182,0.0298098402612,0.0338574312188,1,0.1,30,15,3,4,20,5.83438529771e-05,3.82794019383e-05,5.83438529771e-05,0.0748723395745,0.000183380569472,0.00953360583773,5.83438529771e-05,3.82794019383e-05,5.83438529771e-05,0.283515089396,0.348075764637,0.28350988577
414,4.90620934707e-05,0.0272975452722,0.0480262316254,0.0783132279125,0.0138191170013,0.393607375291,0.142390351175,0.124289391827,0.011868878043,0.068884795923,0.014816342973,0.0766376808634,1,0.1,30,15,3,4,20,7.7691818388e-06,5.09736020444e-06,7.7691818388e-06,3.34391125824e-06,1.40413221937e-05,1.89937956722e-05,7.7691818388e-06,5.09736020444e-06,7.7691818388e-06,0.30979438873,0.380339258017,0.309788702776
415,0.0328968234436,0.0869117446636,0.0416202709286,0.207909817031,0.0259296916809,0.175543717404,0.141990355772,0.0416132344832,0.186672318319,0.0378441492796,0.00520926936345,0.0158586076314,1,0.1,30,15,3,4,20,0.00136452621676,0.000895265650817,0.00136452621676,0.0162718567217,0.00901353657091,0.0334479586525,0.00136452621676,0.000895265650817,0.00136452621676,0.28937600924,0.355271304602,0.289370698044
416,0.0192832659158,0.109911311701,0.0579943089811,0.140843171423,0.0674310983911,0.111523001857,0.0196375892802,0.190957058171,0.0365865249311,0.00154861499199,0.233814869069,0.0104691852881,1,0.1,30,15,3,4,20,0.000109411247587,7.1784719542e-05,0.000109411247587,0.000451423869351,0.000754513762375,0.00044432220805,0.000109411247587,7.1784719542e-05,0.000109411247587,0.309127094389,0.379520010659,0.309121420682
417,0.0764715881623,0.0781724393789,0.0121185172457,0.190061324665,0.152335225152,0.0118745776506,0.0123294196586,0.108802739996,0.0453032686353,0.177357745681,0.0297973914734,0.105375762301,1,0.1,30,15,3,4,20,2.17100042212e-05,1.42439337695e-05,2.17100042212e-05,1.26757313695e-05,8.15605913246e-05,8.8761383947e-06,2.17100042212e-05,1.42439337695e-05,2.17100042212e-05,0.309750769432,0.380285705945,0.309745084278
418,0.152212872634,0.113172166937,0.142202679645,0.121907547291,0.0287985583649,0.0142846451707,0.0051868438156,0.0209553089956,0.0896120385868,0.0192424256351,0.213860433838,0.0785644790853,1,0.1,30,15,3,4,20,0.000101545509813,6.6624008988e-05,0.000101545509813,0.00169120972952,0.00200215234283,4.76068726005e-05,0.000101545509813,6.6624008988e-05,0.000101545509813,0.308492299712,0.37874066363,0.308486637656
419,0.0176967613244,0.205917241662,0.202580869751,0.0920397668602,0.127814326819,0.0073528859117,0.121069308276,0.0665158480341,0.00580717348734,0.0146002793642,0.0215089452229,0.117096593288,1,0.1,30,15,3,4,20,0.000230024771685,0.000150919252703,0.000230024771685,0.0112588252045,0.00840017645501,0.00448182669898,0.000230024771685,0.000150919252703,0.000230024771685,0.30196059354,0.370721589143,0.301955051367
420,0.0875997563956,0.0973552166537,0.0175802591227,0.0305996955074,0.134545612761,0.15074117808,0.0851811208539,0.138797573112,0.101324417094,0.0490029509229,0.0644980403055,0.0427741791911,1,0.1,30,15,3,4,20,0.000124244523756,8.15168320364e-05,0.000124244523756,8.73026490596e-05,0.00262848161071,0.00016327237503,0.000124244523756,8.15168320364e-05,0.000124244523756,0.308721977609,0.379022642659,0.308716311338
421,0.0149067164118,0.181901605931,0.0179272711542,0.00381160811677,0.095347225952,0.194836706083,0.199073634446,0.0115924124291,0.0193790395589,0.0224384839865,0.0657208933168,0.173064402615,1,0.1,30,15,3,4,20,0.000100363924392,6.58487707937e-05,0.000100363924392,0.00091866409793,0.00144914774597,0.000533958832646,0.000100363924392,6.58487707937e-05,0.000100363924392,0.30875424349,0.379062255969,0.308748576626
422,0.0208948287033,0.0776301864124,0.138967939125,0.0904339639759,0.035521677844,0.0250813794004,0.0639035814984,0.00952434502154,0.308628653866,0.137894977273,0.0145810648093,0.0769374020711,1,0.1,30,15,3,4,20,6.79669402557e-05,4.45931095017e-05,6.79669402557e-05,0.00147603060187,0.00365606711085,0.00112162780455,6.79669402557e-05,4.45931095017e-05,6.79669402557e-05,0.307769065574,0.377852738137,0.307763416792
423,0.00727949739752,0.0294997135454,0.062849912246,0.19352031993,0.262145684539,0.0584485875892,0.0796459931176,0.028624034918,0.0638433414218,0.0840268279408,0.0384588768293,0.0916572105256,1,0.1,30,15,3,4,20,0.000248573020953,0.000163088759047,0.000248573020953,0.0394076840859,0.00834763086919,0.00022328137761,0.000248573020953,0.000163088759047,0.000248573020953,0.294544686269,0.361616967589,0.294539280207
424,0.0148653792463,0.210520509463,0.198883558203,0.0047120621474,0.000364592270214,0.173410531383,0.0137831499929,0.0706666507055,0.120034193643,0.0226784665481,0.0475922704672,0.122488635931,1,0.1,30,15,3,4,20,0.000132212299864,8.67444899406e-05,0.000132212299864,0.0844187890625,0.00514981187157,0.000113847428241,0.000132212299864,8.67444899406e-05,0.000132212299864,0.281815572147,0.345989241598,0.281810399714
425,0.00575504640095,0.0720559167798,0.208688885511,0.0143720351614,0.0856266101947,0.0295721427465,0.249546585823,0.0596622830117,0.0958035986129,0.0636003714769,0.0787222389672,0.0365942853138,1,0.1,30,15,3,4,20,4.04353991492e-05,2.65296653818e-05,4.04353991492e-05,0.0793893787813,0.00763256525943,0.00207413549521,4.04353991492e-05,2.65296653818e-05,4.04353991492e-05,0.282148288059,0.346397721957,0.28214310952
426,0.0706988975062,0.129525597759,0.100259682724,0.0946401251879,0.0463792306598,0.128501908076,0.120193131916,0.0639735238325,0.0336615862948,0.0278875789816,0.0626429128965,0.121635824165,1,0.1,30,15,3,4,20,8.99252332988e-05,5.89999455673e-05,8.99252332988e-05,0.0297165814215,0.000600305094337,0.00908961074954,8.99252332988e-05,5.89999455673e-05,8.99252332988e-05,0.297461585997,0.365198089515,0.297456126398
427,0.081104010825,0.0551342543996,0.0209279032856,0.0607937711778,0.0247334081205,0.0450478343671,0.348859955903,0.0317519384495,0.149577290802,0.00928137973284,0.0369524608783,0.135835792059,1,0.1,30,15,3,4,20,6.73765602161e-05,4.42057611578e-05,6.73765602161e-05,0.0471993565908,0.00385411735075,0.000171945229347,6.73765602161e-05,4.42057611578e-05,6.73765602161e-05,0.293836976977,0.360748102184,0.293831583905
428,0.122621959976,0.0112120895228,0.031987328023,0.0543496693025,0.0313443753886,0.0203207507494,0.221701752349,0.149140657539,0.104594494866,0.152119059209,0.0369524849172,0.0636553781572,1,0.1,30,15,3,4,20,0.000127063621293,8.33664419306e-05,0.000127063621293,0.00152220564786,0.00286520557414,0.000154448499705,0.000127063621293,8.33664419306e-05,0.000127063621293,0.30820217082,0.378384468,0.308196514089
429,0.223504577245,0.134763319519,0.027842943108,0.0327583613953,0.0930631048561,0.0687630424335,0.03543400355,0.0126424847094,0.139604269384,0.0283160415026,0.0797010700326,0.123606782264,1,0.1,30,15,3,4,20,0.000211772299221,0.000138943805519,0.000211772299221,0.00439651856208,0.000806604041949,0.00195387494172,0.000211772299221,0.000138943805519,0.000211772299221,0.307252537854,0.37721858924,0.307246898552
430,0.013311816698,0.115476231583,0.103484210076,0.117223766783,0.096747857064,0.0891589980576,0.224751298561,0.0879066450949,0.0238044777683,0.00546564703206,0.10288575396,0.0197832973218,1,0.1,30,15,3,4,20,0.00030586750927,0.000200679672832,0.00030586750927,0.00757160302724,0.010455553722,0.00241956236626,0.00030586750927,0.000200679672832,0.00030586750927,0.302980273417,0.371973465555,0.302974712529
431,0.000451939255406,0.160921103213,0.00439567022283,0.0448736131117,0.113392971875,0.057727887765,0.0850519412939,0.233839693875,0.0101398390055,0.064994067892,0.138679659201,0.0855316132905,1,0.1,30,15,3,4,20,0.000221172383104,0.000145111200555,0.000221172383104,0.0138129491166,0.00269928099496,0.00193370404815,0.000221172383104,0.000145111200555,0.000221172383104,0.303739546229,0.372905636273,0.303733971405
432,0.0594619182094,0.0110342864422,0.15292939999,0.346855912647,0.0117585724801,0.0585179222972,0.0314193558724,0.0979435336138,0.0380366966048,0.10561833876,0.0723119078878,0.0141121551957,1,0.1,30,15,3,4,20,0.00068807109488,0.000451443445351,0.00068807109488,0.0517335083439,0.00648004577894,0.000682003593091,0.00068807109488,0.000451443445351,0.00068807109488,0.290439076612,0.356576448498,0.290433745904
433,0.0742764112396,0.0534287262776,0.275432493711,0.0453482677743,0.0238632039645,0.0495197944883,0.043108715522,0.00944470164326,0.00446788379698,0.151834814598,0.156695113104,0.112579873881,1,0.1,30,15,3,4,20,0.000142953590218,9.37918505423e-05,0.000142953590218,0.00387599236512,0.00134126145774,0.00011929597573,0.000142953590218,9.37918505423e-05,0.000142953590218,0.307929809185,0.378050085501,0.307924157453
434,0.00633457489962,0.0823269025011,0.0353409631415,0.0178300022212,0.00348354177692,0.0815989517736,0.0618877438038,0.266763399665,0.0344898063388,0.219401778954,0.177130128016,0.013412206908,1,0.1,30,15,3,4,20,1.43061397641e-05,9.38625829923e-06,1.43061397641e-05,0.0254825666143,0.000232893404718,0.0014966208762,1.43061397641e-05,9.38625829923e-06,1.43061397641e-05,0.301364096361,0.369989260532,0.301358565136
435,0.0267389656825,0.291513211534,0.00908461564746,0.102685679704,0.129368980595,0.202892958515,0.022516857539,0.00698036166408,0.0192545843905,0.0712159013075,0.0504730383408,0.0672748450812,1,0.1,30,15,3,4,20,0.000241142469065,0.000158213573953,0.000241142469065,0.00224484761654,0.00142281609165,0.00204870971165,0.000241142469065,0.000158213573953,0.000241142469065,0.307650531841,0.37770721248,0.307644885235
436,0.0626978896597,0.14796501152,0.275028012019,0.0699878295236,0.0578756822162,0.0141863866707,0.0733237096426,0.140287279361,0.00179647870298,0.0140699091891,0.133931565804,0.00885024569128,1,0.1,30,15,3,4,20,0.000105399546282,6.91526423158e-05,0.000105399546282,0.000830461972008,0.00559469020967,0.00237778783834,0.000105399546282,6.91526423158e-05,0.000105399546282,0.306917664657,0.376807460351,0.306912031502
437,0.0357942346556,0.112288394839,0.00238541290413,0.0469707082683,0.0474427946146,0.0380770382058,0.173672949294,0.130806792208,0.175592229911,0.00115471154106,0.0077812943602,0.228033439198,1,0.1,30,15,3,4,20,7.17650613859e-05,4.70850567753e-05,7.17650613859e-05,0.00177229220258,8.59090657599e-05,0.00496631762193,7.17650613859e-05,4.70850567753e-05,7.17650613859e-05,0.307585972243,0.377627951685,0.307580326822
438,0.0433315271316,0.13843585923,7.14506512045e-05,0.0280544098987,0.104939344847,0.0924463822312,0.0664972423826,0.00770336217259,0.248907059663,0.140872210424,0.032020119712,0.0967210316555,1,0.1,30,15,3,4,20,0.00024878315863,0.000163226630377,0.00024878315863,0.0387323289241,0.000773820661463,0.00437649303103,0.00024878315863,0.000163226630377,0.00024878315863,0.295813342437,0.36317451596,0.29580791309
439,0.0564434908812,0.0606082842739,0.00340811206078,0.13867409306,0.196428343478,0.0262424970729,0.105051729071,0.00281152906818,0.00922497779973,0.0885019794107,0.0458393506618,0.266765613162,1,0.1,30,15,3,4,20,0.000115803289357,7.5978538147e-05,0.000115803289357,0.00782813120372,0.00290113283208,0.000616580423863,0.000115803289357,7.5978538147e-05,0.000115803289357,0.306112703292,0.375819197104,0.306107084911
440,0.0161902625473,0.126032529115,0.0629473101432,0.0922173010612,0.118045363541,0.0813909554548,0.0190472219859,0.0282814065873,0.0546697442613,0.0390521963061,0.0386883641603,0.323437344837,1,0.1,30,15,3,4,20,9.11961540671e-06,5.98337966834e-06,9.11961540671e-06,0.00907991808728,0.00373253855971,1.30997289826e-05,9.11961540671e-06,5.98337966834e-06,9.11961540671e-06,0.305829843108,0.375471925376,0.305824229919
441,0.0466997896006,0.125457569065,0.0514020861996,0.0137686438925,0.0978952466036,0.121212476076,0.127096809324,0.0276893094007,0.120629781551,0.105536159281,0.151238412647,0.0113737163589,1,0.1,30,15,3,4,20,4.558714743e-05,2.99097274288e-05,4.558714743e-05,0.0245872795077,0.00136200670501,0.00192865688209,4.558714743e-05,2.99097274288e-05,4.558714743e-05,0.301106317138,0.369672781079,0.301100790644
442,0.0359936067896,0.0593048188304,0.0845247767601,0.0831819527671,0.144543980623,0.0372767042653,0.14862605454,0.129309031197,0.0951054249379,0.0104549880125,0.0849073788815,0.0867712823954,1,0.1,30,15,3,4,20,1.21552700469e-05,7.97507267776e-06,1.21552700469e-05,0.0973065010455,0.00420306851782,0.000124023163561,1.21552700469e-05,7.97507267776e-06,1.21552700469e-05,0.278310479135,0.341685985878,0.278305371035
443,0.262795056959,0.0461251195517,0.016768546752,0.0788541602681,0.0704259723451,0.0678368499201,0.0402575597727,0.00191503644196,0.320083023555,0.0393860250057,0.00830664678344,0.0472460026446,1,0.1,30,15,3,4,20,0.000443805149349,0.000291180558488,0.000443805149349,0.112619705033,0.0271349413041,0.00196566367659,0.000443805149349,0.000291180558488,0.000443805149349,0.265180457722,0.325566059941,0.26517559061
444,0.139141666322,0.0520327101302,0.0637201028807,0.193011672561,0.077385537586,0.0279834973198,0.0108947402495,0.0159850558642,0.227209329872,0.0249936566615,0.0842844773083,0.0833575532458,1,0.1,30,15,3,4,20,0.000350933544094,0.00023024749828,0.000350933544094,0.0133865309526,0.00562988143618,0.00337205122287,0.000350933544094,0.00023024749828,0.000350933544094,0.302304514684,0.371143826334,0.302298966198
445,0.0689843916281,0.012989208748,0.0054307891101,0.0687366312146,0.00353314392369,0.0978175095306,0.0904221751414,0.0190664383587,0.309890662885,0.199222908475,0.0354135599991,0.0884925809857,1,0.1,30,15,3,4,20,4.15682479592e-05,2.7272927486e-05,4.15682479592e-05,0.000115866845328,0.000739317822569,0.000244481389066,4.15682479592e-05,2.7272927486e-05,4.15682479592e-05,0.309409335699,0.379866522586,0.309403656812
446,0.181947550992,0.11676195992,0.0440671485707,0.143081807808,0.056547752987,0.0363805236904,0.158225253013,0.0326204549137,0.0643148886266,0.00689462751898,0.101379195336,0.057778836624,1,0.1,30,15,3,4,20,0.000200260879686,0.000131391163162,0.000200260879686,0.000849728961189,0.00316681601513,0.00047654505016,0.000200260879686,0.000131391163162,0.000200260879686,0.308096811239,0.378255116448,0.308091156442
447,0.0266194824815,0.00484793005669,0.153435593508,0.0225953562482,0.183849885347,0.0474014570538,0.0712877110205,0.21164060054,0.00523940999956,0.133894663438,0.00740537622573,0.131782534081,1,0.1,30,15,3,4,20,0.000246480348873,0.000161715756895,0.000246480348873,0.0120212587701,0.00435261375105,0.000869766671142,0.000246480348873,0.000161715756895,0.000246480348873,0.304070387093,0.373311814608,0.304064806197
448,0.02504165889,0.0320516242993,0.106768921815,0.0439268149461,0.094011793486,0.15185485926,0.177676078066,0.0188101120685,0.0556591347373,0.100244896285,0.0399479863379,0.154006119809,1,0.1,30,15,3,4,20,0.000275376080404,0.000180674246353,0.000275376080404,0.0108486331102,0.000946997830521,0.00245983750754,0.000275376080404,0.000180674246353,0.000275376080404,0.304948620409,0.374390034936,0.304943023393
449,0.0281526413224,0.0734828641182,0.0261630737088,0.0875164955233,0.0743256552952,0.0755465408897,0.0161811762268,0.0155096569883,0.336167030226,0.112936053286,0.132242385492,0.0217764269225,1,0.1,30,15,3,4,20,0.000228078551658,0.000149642337742,0.000228078551658,0.0271925734165,0.00262118151051,0.00251864205269,0.000228078551658,0.000149642337742,0.000228078551658,0.2994258976,0.367609704589,0.299420401949
450,0.215129256603,0.195170045757,0.13308896128,0.198643052096,0.0671374782734,0.031925687374,0.0224687671865,0.0161517126659,0.0475392340859,0.00278994917508,0.0138620747583,0.0560937807452,1,0.1,30,15,3,4,20,0.000636311980213,0.000417484290218,0.000636311980213,0.00284654138444,0.00394755226961,0.0236088726313,0.000636311980213,0.000417484290218,0.000636311980213,0.299351793079,0.367518725347,0.299346298787
451,0.132362593005,0.145825053046,0.0113469458357,0.0691789170748,0.112481021612,0.0552706645781,0.0315898002116,0.17786085896,0.0250372740734,0.136394453131,0.102025545583,0.000626872889272,1,0.1,30,15,3,4,20,0.000256494931812,0.000168286324762,0.000256494931812,0.0620115107231,0.00228277382195,0.00157022667844,0.000256494931812,0.000168286324762,0.000256494931812,0.288990261888,0.354797716741,0.288984957771
452,0.0840175707284,0.215468769189,0.0557698372482,0.0059219943069,0.075580841692,0.0907575846813,0.00977943776353,0.0760455614773,0.242624924475,0.119422794883,0.0165639161423,0.00804676741297,1,0.1,30,15,3,4,20,0.000245058998714,0.000160783209056,0.000245058998714,0.114651599154,0.00418377902281,0.00320102036798,0.000245058998714,0.000160783209056,0.000245058998714,0.271605996493,0.333454791104,0.271601011446
453,0.179990421032,0.131140051915,0.0429105293264,0.0847405517989,0.00221678277795,0.0452964550641,0.148885401857,0.0347697374413,0.106984669141,0.092566943474,0.0187493479066,0.111749108267,1,0.1,30,15,3,4,20,0.000164544011327,0.000107957325832,0.000164544011327,0.00263036047077,0.00515037574539,0.000109332474078,0.000164544011327,0.000107957325832,0.000164544011327,0.307103148036,0.377035181101,0.307097511476
454,0.00084669482388,0.232565820525,0.0458787324852,0.0633523028329,0.111667507183,0.111199284378,0.00919312097597,0.0260184641612,0.154895657261,0.153601503025,0.0708389859589,0.01994192639,1,0.1,30,15,3,4,20,9.48127108218e-05,6.22066195702e-05,9.48127108218e-05,0.0146266322072,0.00362253926484,0.000328886353637,9.48127108218e-05,6.22066195702e-05,9.48127108218e-05,0.303906576846,0.373110702289,0.303900998956
455,0.0282139515974,0.00186116575819,0.00898947148671,0.0340278076606,0.126317240084,0.0380600106585,0.150875903059,0.0333416897687,0.186817012606,0.0725677404335,0.0654341933275,0.253493813559,1,0.1,30,15,3,4,20,1.76437641526e-05,1.15760736605e-05,1.76437641526e-05,4.48546355484e-05,0.00010352785624,0.000460316947121,1.76437641526e-05,1.15760736605e-05,1.76437641526e-05,0.309600821549,0.380101612661,0.309595139147
456,0.000128185997953,0.105231767097,0.0364435736374,0.07007638477,0.014926225988,0.0569184321978,0.48391060752,0.0105547605505,0.023964589634,0.012368900444,0.0685089843755,0.116967587787,1,0.1,30,15,3,4,20,0.000100154146871,6.57111357619e-05,0.000100154146871,0.0299290903606,0.0096048236953,0.00291612592334,0.000100154146871,6.57111357619e-05,0.000100154146871,0.296501805397,0.364019752351,0.296496363414
457,0.0630498145023,9.07770112592e-06,0.100528930489,0.257938673704,0.126336854947,0.200652772836,0.0402139624685,0.0068796145621,0.104911955425,0.0121604186628,0.0680876154477,0.0192303092539,1,0.1,30,15,3,4,20,0.00012634255317,8.2893349135e-05,0.00012634255317,0.126912694275,0.0249495037341,0.000116009814876,0.00012634255317,8.2893349135e-05,0.00012634255317,0.262524857272,0.322305739092,0.262520038901
458,0.210208693319,0.112554274414,0.0622008419391,0.0949458710507,0.0117532498369,0.0111303062087,0.231761613721,0.0386627449003,0.027697835981,0.178519341673,0.00581562204137,0.014749604916,1,0.1,30,15,3,4,20,2.61563636132e-05,1.71611901666e-05,2.61563636132e-05,0.0402003261457,0.0105136835499,0.00130283075142,2.61563636132e-05,1.71611901666e-05,2.61563636132e-05,0.29365962099,0.360530359555,0.293654231173
459,0.109299111001,0.0223081907354,0.155774135682,0.0380353757888,0.0426097567119,0.223605419337,0.26577411685,0.00303142726841,5.75695576701e-05,0.0521049824586,0.0868759526469,0.00052396196135,1,0.1,30,15,3,4,20,0.000454871649196,0.000298441289038,0.000454871649196,0.0075025666544,0.00272586465155,0.00355743249958,0.000454871649196,0.000298441289038,0.000454871649196,0.304798695632,0.374205970019,0.304793101368
460,0.178881959893,0.0855021009445,0.0968105511441,0.0776374150295,0.253922983632,0.0120859067574,0.0621930295892,0.112006278378,0.00110637986716,0.0133716959907,0.0842443535178,0.0222373452567,1,0.1,30,15,3,4,20,0.000198512655523,0.000130244153289,0.000198512655523,0.116705768096,0.000112624032219,0.00115654170167,0.000198512655523,0.000130244153289,0.000198512655523,0.272940919969,0.335093696852,0.272935910421
461,0.219302107603,0.00463693917217,0.0129101607176,0.041200661488,0.23187346737,0.171097161121,0.011159166565,0.0156824885657,0.155338016943,0.0477305741233,0.0124505271334,0.0766187291964,1,0.1,30,15,3,4,20,9.15715453055e-05,6.00800908749e-05,9.15715453055e-05,0.109355479708,0.00293268033621,0.00119789056636,9.15715453055e-05,6.00800908749e-05,9.15715453055e-05,0.274507664349,0.337017212631,0.274502626046
462,0.0205153603556,0.188837860966,0.0572587388242,0.0792683351124,0.0535176507306,0.0738733195686,0.0326265199877,8.58133251732e-05,0.0696078530968,0.124146179622,0.207078379467,0.093183988945,1,0.1,30,15,3,4,20,5.76177463482e-05,3.7803003379e-05,5.76177463482e-05,0.00112099855741,0.000167837588449,0.00123823192883,5.76177463482e-05,3.7803003379e-05,5.76177463482e-05,0.308940685678,0.379291153864,0.308935015392
463,0.0756387204451,0.00180820636667,0.00585383885796,0.0427332059108,0.122416628976,0.0929791895301,0.151407149195,0.00230448107753,0.0994339195109,0.195723016725,0.0949997023806,0.114701941025,1,0.1,30,15,3,4,20,3.90731177719e-05,2.56358725701e-05,3.90731177719e-05,0.0214663773143,0.000675882818265,0.000751675230867,3.90731177719e-05,2.56358725701e-05,3.90731177719e-05,0.302661175574,0.371581704305,0.302655620542
464,0.0468091743671,0.00999326327122,0.0100691653051,0.0924090514682,0.0689978526746,0.00951801250644,0.155918787388,0.0312867837736,0.36933739954,0.00350475397435,0.0427794874521,0.159376268279,1,0.1,30,15,3,4,20,0.000239289309359,0.000156997715871,0.000239289309359,0.0149264994472,0.000552903084194,0.00625739298032,0.000239289309359,0.000156997715871,0.000239289309359,0.302690159523,0.371617288337,0.302684603959
465,0.0243501297833,0.0806761311535,0.0968628444747,0.14539487846,0.110353222801,0.00464660913714,0.01308617294,0.0368744694927,0.2726762785,0.136172321619,0.0624930210962,0.0164139205423,1,0.1,30,15,3,4,20,0.000110701259357,7.26310962644e-05,0.000110701259357,0.0422368165463,0.00421716573832,0.00400361131221,0.000110701259357,7.26310962644e-05,0.000110701259357,0.294003558954,0.360952617396,0.293998162823
466,0.200863468271,0.0955885831377,0.0423290371964,0.112577646282,0.361951869492,0.076199767353,0.000224739014122,0.0213516011798,0.0180671873238,0.00444206417767,0.0305022522524,0.0359017843209,1,0.1,30,15,3,4,20,0.00151971350203,0.000997084028681,0.00151971350203,0.190747659359,0.00423424999083,0.00514986476566,0.00151971350203,0.000997084028681,0.00151971350203,0.245312759819,0.301174186642,0.245308257358
467,0.195743268361,0.0547575241597,0.0480675584654,0.190993458034,0.0388670786446,0.101104158356,0.101564586494,0.0387623801816,0.00815827786128,0.0281771963709,0.051587713837,0.142216799235,1,0.1,30,15,3,4,20,0.000189018111285,0.000124014782814,0.000189018111285,0.060394096542,0.00388516154954,0.000654329102503,0.000189018111285,0.000124014782814,0.000189018111285,0.289389733859,0.355288154525,0.289384422411
468,0.0113167650166,0.18978936718,0.077034966976,0.0346009020418,0.105241885791,0.0862798248323,0.152709110765,0.0935388362827,0.158360026057,0.061423479299,0.0053953992393,0.0243094365209,1,0.1,30,15,3,4,20,0.000703592267544,0.000461626886735,0.000703592267544,0.173424440101,0.0143844201545,0.00144772763382,0.000703592267544,0.000461626886735,0.000703592267544,0.25002527977,0.306959818682,0.250020690815
469,0.054283759651,0.0750398090129,0.000774776096677,0.0246680811287,0.0207529489061,0.155735745021,0.125814957753,0.179154864778,0.0076747016451,0.0853289996623,0.268199178477,0.00257217786814,1,0.1,30,15,3,4,20,1.13263379156e-05,7.43121030642e-06,1.13263379156e-05,0.000168862289641,0.00142905235539,7.34929156854e-05,1.13263379156e-05,7.43121030642e-06,1.13263379156e-05,0.309281972301,0.379710156615,0.309276295751
470,0.0102730991029,0.134618614391,0.173396033826,0.0486429838244,0.000226937739871,0.00900317828154,0.157292156315,0.240137713628,0.0177901408612,0.0595766440988,0.00825957445318,0.140782923478,1,0.1,30,15,3,4,20,0.000132953678358,8.72309083707e-05,0.000132953678358,0.0168126649162,0.00223956603996,0.00186746914901,0.000132953678358,8.72309083707e-05,0.000132953678358,0.3031183198,0.372142947187,0.303112756378
471,0.00578776406407,0.0601294459182,0.0600105530316,0.0305031008532,0.0262752122832,0.0989567303844,0.0191406919999,0.0352915410404,0.0336904068986,0.111228612915,0.363936596041,0.155049344571,1,0.1,30,15,3,4,20,1.94239864323e-05,1.27440774982e-05,1.94239864323e-05,0.000830018655891,0.000640263182557,0.000120755441912,1.94239864323e-05,1.27440774982e-05,1.94239864323e-05,0.309293545244,0.379724364892,0.309287868482
472,0.149340360236,0.208863209025,0.0469109806947,0.00748069927544,0.0714533880877,0.175904758044,0.0131808601323,0.00581922503685,0.04263758422,0.112489793928,0.0677229189315,0.0981962223888,1,0.1,30,15,3,4,20,8.78904043232e-06,5.76648942765e-06,8.78904043232e-06,2.14961291001e-05,1.50169889613e-05,0.00227198138431,8.78904043232e-06,5.76648942765e-06,8.78904043232e-06,0.309088766943,0.379472955474,0.30908309394
473,0.0130586802396,0.0135087242753,0.0826006126261,0.0442097285484,0.0406345951148,0.063086284187,0.427635185407,0.10833820209,0.0182129246892,0.0739433310386,0.0535774821579,0.0611942496257,1,0.1,30,15,3,4,20,0.000128876451294,8.45558396942e-05,0.000128876451294,0.047578620979,0.00275098227019,0.0018821749021,0.000128876451294,8.45558396942e-05,0.000128876451294,0.29343016717,0.360248655629,0.293424781564
474,0.0205799915979,0.140228037656,0.107157826832,0.254461065878,0.257444935671,0.0100127094206,0.00462644801698,0.064013346058,0.0473690301383,0.00484693280816,0.0337966029275,0.0554630729957,1,0.1,30,15,3,4,20,5.31403807329e-06,3.48654037989e-06,5.31403807329e-06,1.12372222822e-05,0.000282337415283,3.02192464183e-06,5.31403807329e-06,3.48654037989e-06,5.31403807329e-06,0.309717809257,0.38024524024,0.309712124708
475,0.139155766143,0.201674470051,0.130702021711,0.0436844392111,0.0101818869605,0.0895643945465,0.0918681353263,8.23569742124e-05,0.00733065982052,0.150884372885,0.0238660889488,0.111005407423,1,0.1,30,15,3,4,20,6.44715315809e-05,4.22997718702e-05,6.44715315809e-05,0.0402592285409,0.000343833202707,0.000866679586381,6.44715315809e-05,4.22997718702e-05,6.44715315809e-05,0.296864247076,0.364464727484,0.29685879844
476,0.0399299549039,0.0943551270178,0.100627115983,0.0836551409441,0.0875405259725,0.177444343331,0.111247637136,0.0552967395854,0.140741867565,0.0786281566749,0.0258873709541,0.00464601993175,1,0.1,30,15,3,4,20,2.59565013497e-05,1.70300605356e-05,2.59565013497e-05,0.000288980798151,2.37758982578e-05,0.0176526497177,2.59565013497e-05,1.70300605356e-05,2.59565013497e-05,0.304209712313,0.373482866288,0.304204128859
477,0.151997089381,0.0328452760747,0.0261022534806,0.136590970538,0.279966434576,0.0284670420129,0.115190880715,0.0915588379131,0.0360141306887,0.0221607117645,0.0671360626011,0.0119703102534,1,0.1,30,15,3,4,20,0.00030074248909,0.000197317147092,0.00030074248909,0.0731102692299,0.0030670751358,0.0170501949892,0.00030074248909,0.000197317147092,0.00030074248909,0.28043986762,0.344300268337,0.280434720437
478,0.0758379410034,0.00395420181192,0.0395460131036,0.0205933154412,0.210207555558,0.223549317673,0.108612712642,0.0515096502987,0.0294543657269,0.0269681166958,0.116235978206,0.0935308318401,1,0.1,30,15,3,4,20,9.38444414935e-05,6.15713380639e-05,9.38444414935e-05,0.049056882889,0.00364917141256,0.000541188395594,9.38444414935e-05,6.15713380639e-05,9.38444414935e-05,0.29316701745,0.359925582737,0.293161636674
479,0.145017514826,0.00453661531835,0.178508618536,0.195669975099,0.0994013882578,0.00310996814856,0.0622583360579,0.0686238830892,0.0256335888926,0.0816724974113,0.0872057323887,0.0483618819751,1,0.1,30,15,3,4,20,3.18594283834e-05,2.09029709624e-05,3.18594283834e-05,0.0854569246004,7.75820906926e-05,0.000755704908483,3.18594283834e-05,2.09029709624e-05,3.18594283834e-05,0.283031712187,0.347482315125,0.283026517433
480,0.0232056593742,0.00594445185504,0.16377853312,0.0232789957381,0.264927633427,0.0278126700214,0.0504277478821,0.0920930835653,0.229539062896,0.0894233215629,0.0201850222288,0.00938381832933,1,0.1,30,15,3,4,20,0.000471833478296,0.00030956994511,0.000471833478296,0.00573615330724,0.00779153173579,0.000969988821953,0.000471833478296,0.00030956994511,0.000471833478296,0.304550247669,0.373900946697,0.304544657965
481,0.194620500778,0.0421973007446,0.0378258984836,0.0405112730248,0.00197511272431,0.0594630659405,0.00590235834422,0.34259882532,0.060644656008,0.0508255162794,0.102129948641,0.0613055437107,1,0.1,30,15,3,4,20,1.65817194409e-05,1.08792661251e-05,1.65817194409e-05,0.071470167301,1.877663976e-05,0.0042972692397,1.65817194409e-05,1.08792661251e-05,1.65817194409e-05,0.286311188978,0.351508578398,0.286305934034
482,0.0277623528596,0.347706597994,0.00617002496208,0.00655926271664,0.0724710551676,0.103583822706,0.00381022075754,0.0972587879021,0.100623374777,0.0238726775226,0.170479041432,0.0397027812028,1,0.1,30,15,3,4,20,1.93648816253e-06,1.27052988343e-06,1.93648816253e-06,0.0749076090472,0.0010805724278,9.43861015855e-05,1.93648816253e-06,1.27052988343e-06,1.93648816253e-06,0.286243476298,0.351425446516,0.286238222596
483,0.461190437726,0.0164547781142,0.0351900449081,0.0400526622023,0.00756026371594,0.0116042778864,0.0637308939839,0.119258560289,0.139203552348,0.0304401246587,0.0540431981591,0.021271206009,1,0.1,30,15,3,4,20,0.000529241164166,0.000347235127809,0.000529241164166,0.00435542111576,0.0149860647507,0.000534181556038,0.000529241164166,0.000347235127809,0.000529241164166,0.302789563484,0.371739328085,0.302784006096
484,0.126457203649,0.0164724911213,0.0200434420331,0.290847208535,0.0465184382342,0.0165679476986,0.0666186141567,0.122347117189,0.0334969930751,0.211566430129,0.0140458575214,0.0350182566568,1,0.1,30,15,3,4,20,5.03706794255e-05,3.30482027711e-05,5.03706794255e-05,0.000117760915015,0.000294350185145,0.00152157427917,5.03706794255e-05,3.30482027711e-05,5.03706794255e-05,0.309136453932,0.379531501512,0.309130780053
485,0.0984359968507,0.150703050074,0.000676085193587,0.151904129007,0.0456313908024,0.000798354828322,0.0225639175119,0.0116805120772,0.0693278469992,0.0574401551252,0.0306291838676,0.360209377663,1,0.1,30,15,3,4,20,1.82581741296e-05,1.19791880464e-05,1.82581741296e-05,0.00940889039479,0.00274006008379,0.00024975450048,1.82581741296e-05,1.19791880464e-05,1.82581741296e-05,0.305947049144,0.375615821,0.305941433804
486,0.0199919944019,0.126857686397,0.0247580287218,0.090041302792,0.232503943782,0.18631239982,0.0359173959413,0.0494033637247,0.0201518242656,0.00675686847035,0.143502598476,0.0638025932065,1,0.1,30,15,3,4,20,1.22623068084e-05,8.04529949701e-06,1.22623068084e-05,0.00372243209319,0.00717756243849,0.000222273884412,1.22623068084e-05,8.04529949701e-06,1.22623068084e-05,0.306352380841,0.376113452856,0.306346758061
487,0.012266509459,0.0273203921271,0.295478336137,0.131673807957,0.119872518779,0.00605764246132,0.0326808995943,0.103732143219,0.0331771545781,0.0504124862003,0.167409603717,0.0199185057722,1,0.1,30,15,3,4,20,0.000213354505971,0.000139981891368,0.000213354505971,0.0425419221006,0.00173009278035,0.00115257954636,0.000213354505971,0.000139981891368,0.000213354505971,0.295393926421,0.362659592572,0.295388504772
488,0.0231552222272,0.152061679896,0.0512358359946,0.337562741377,0.00685693945891,0.0275524284619,0.0868681089419,0.00344083367623,0.115722567992,0.0233422152889,0.018754272365,0.153447154321,1,0.1,30,15,3,4,20,0.000466517927002,0.000306082411906,0.000466517927002,0.0590352060753,0.00441006156771,0.000139033608695,0.000466517927002,0.000306082411906,0.000466517927002,0.289351053467,0.355240666021,0.289345742728
489,0.00240258998168,0.223214283939,0.175780381289,0.0706962632934,0.064725956389,0.0295537770715,0.229210201107,0.0123318791321,2.35038618499e-06,0.0304264830067,0.0115504776881,0.150105356716,1,0.1,30,15,3,4,20,0.000189148520768,0.000124100344476,0.000189148520768,0.00254057636008,0.000260313043387,0.00380852979683,0.000189148520768,0.000124100344476,0.000189148520768,0.307459422338,0.377472584451,0.307453779239
490,0.00757408828816,0.070373497466,0.372704475629,0.0794905575419,0.0524734373072,0.0268317639927,0.0995109945389,0.0613180474624,0.00509324340671,0.0183777975753,0.171407788783,0.034844308009,1,0.1,30,15,3,4,20,0.000472179947754,0.000309797263721,0.000472179947754,0.0123846917535,0.00304986649863,0.00257354607059,0.000472179947754,0.000309797263721,0.000472179947754,0.303462081334,0.372564988423,0.303456511602
491,0.0517413395686,0.0397956092937,0.00901371560901,0.320308224874,0.0499987952814,0.0342593373992,0.0237550775536,0.033996866568,0.102988111958,0.0500614484369,0.202709651772,0.0813718216847,1,0.1,30,15,3,4,20,5.64765526174e-05,3.70542661723e-05,5.64765526174e-05,0.0058610334477,0.00372042131708,0.00157506623521,5.64765526174e-05,3.70542661723e-05,5.64765526174e-05,0.306269000177,0.376011085154,0.306263378927
492,0.19663469904,0.0781560773548,0.0002717665012,0.0702706980225,0.11756038972,0.147288648186,0.0570159142532,0.0348054987845,0.0564196208864,0.0438361525481,0.0474561954398,0.150284339263,1,0.1,30,15,3,4,20,6.35305509211e-05,4.16823944593e-05,6.35305509211e-05,9.59805768935e-05,0.000326416658287,0.000584633283847,6.35305509211e-05,4.16823944593e-05,6.35305509211e-05,0.309401889954,0.379857381331,0.309396211203
493,0.0176237138908,0.0354654624356,0.0190880818329,0.0789472848224,0.086833121432,0.0142636553061,0.0593239308179,0.070172990717,0.146129598168,0.122558292192,0.0754847652488,0.274109103137,1,0.1,30,15,3,4,20,4.14302975152e-05,2.71824181997e-05,4.14302975152e-05,0.0203788555718,7.69541129186e-05,0.000503376075264,4.14302975152e-05,2.71824181997e-05,4.14302975152e-05,0.303256717202,0.372312859772,0.30325115124
494,0.0490339395382,0.0264340988395,0.0394912810363,0.0216919874942,0.145226688626,0.11216929803,0.150142635797,0.0249294552638,0.15761110149,0.10059741587,0.0705993965079,0.102072701507,1,0.1,30,15,3,4,20,5.40874211596e-05,3.54867570228e-05,5.40874211596e-05,0.0373685296212,0.00143555861835,0.00164991752624,5.40874211596e-05,3.54867570228e-05,5.40874211596e-05,0.297196031041,0.364872063678,0.297190576316
495,0.00772433786381,0.0199173034765,0.269553167106,0.109103606212,0.0883740627716,0.172962988832,0.0408642814567,0.0422575857049,0.0313708710276,0.0924534559057,0.0260074563813,0.0994108832621,1,0.1,30,15,3,4,20,3.23434824104e-05,2.12205588095e-05,3.23434824104e-05,0.0803518719806,0.00105704353877,6.97040755947e-05,3.23434824104e-05,2.12205588095e-05,3.23434824104e-05,0.284521635481,0.349311516495,0.284516413382
496,0.0614184222291,0.0150105153194,0.0923570227709,0.0984698216116,0.0146109523388,0.00975074158574,0.278090286671,0.0984214685144,0.0051307521495,0.0322164688956,0.0438046844034,0.250718863511,1,0.1,30,15,3,4,20,2.36004927869e-05,1.54842833175e-05,2.36004927869e-05,0.0049836100835,0.00191105802071,0.00189419907949,2.36004927869e-05,1.54842833175e-05,2.36004927869e-05,0.307056651,0.376978095986,0.307051015293
497,0.299830922358,0.000883015100473,0.0682689703822,0.0885819924328,0.0754047503366,0.0719102736708,0.0503344430843,0.150538202115,0.0609783018413,0.0988414088222,0.0301191582449,0.00430856161177,1,0.1,30,15,3,4,20,0.000542050087379,0.00035563906233,0.000542050087379,0.0299572099612,0.00500628249334,0.0121378376692,0.000542050087379,0.00035563906233,0.000542050087379,0.294333469817,0.361357653954,0.294328067631
498,0.0345092886118,0.0364004519134,0.064472704909,0.00238731401937,0.076359829496,0.150235679771,0.245662310072,0.006365286718,0.137510966304,0.230883567379,0.00878672153707,0.00642587926981,1,0.1,30,15,3,4,20,1.80411297674e-06,1.18367852404e-06,1.80411297674e-06,5.18563110573e-06,1.54499898627e-05,4.9981833184e-06,1.80411297674e-06,1.18367852404e-06,1.80411297674e-06,0.309807535214,0.380355398155,0.309801849018
499,0.00740228959799,0.12171098718,0.0334360714216,0.459451912626,0.0266147122616,0.0128019848139,0.0296977050046,0.00787873660869,0.0395024729728,0.0231700377364,0.103994261718,0.134338828058,1,0.1,30,15,3,4,20,0.000107224069363,7.03497119092e-05,0.000107224069363,0.000450554087549,0.00118161668187,8.39709462755e-05,0.000107224069363,7.03497119092e-05,0.000107224069363,0.309110282665,0.379499370651,0.309104609267
500,0.0420009306418,0.262495049825,0.129857324801,0.0381283339435,0.028802595364,0.0630514767778,0.0132889924121,0.098835414545,0.195612078503,0.0153005911017,0.0647215885775,0.0479056235074,1,0.1,30,15,3,4,20,0.000216050576312,0.000141750783119,0.000216050576312,0.114301842337,0.00282927880792,0.0012156869654,0.000216050576312,0.000141750783119,0.000216050576312,0.272796842239,0.334916810443,0.272791835336
501,0.139423201272,0.0650917887235,0.0975431548359,0.0066999696192,0.00599466905687,0.0353808676706,0.259970799937,0.0778751192937,0.122556589225,0.0586236505955,0.05540931465,0.0754308751208,1,0.1,30,15,3,4,20,0.000256228458967,0.000168111491928,0.000256228458967,0.00382590505732,0.0028552533715,0.003149995891,0.000256228458967,0.000168111491928,0.000256228458967,0.306350868029,0.376111595555,0.306345245277
502,0.0901585835248,0.0391818905546,0.104968340936,0.279347182201,0.0355010722646,0.148384631399,0.0138601690175,0.159845244253,0.0182141393708,0.00492816635081,0.0729313189194,0.0326792612094,1,0.1,30,15,3,4,20,0.000182495632467,0.000119735384461,0.000182495632467,0.0445656346806,0.0227306103805,0.00347945180045,0.000182495632467,0.000119735384461,0.000182495632467,0.287590475329,0.353079177606,0.287585196905
503,0.0269219499142,0.171724442031,0.232131366136,0.0135739167981,0.0607073565326,0.0152131355202,0.0926885814782,0.113055164365,0.179739121381,0.0613177452344,0.0193986039407,0.0135286166684,1,0.1,30,15,3,4,20,0.000440215724306,0.000288825536717,0.000440215724306,0.0268269434273,0.00206052670326,0.0171379369991,0.000440215724306,0.000288825536717,0.000440215724306,0.294834411389,0.361972667502,0.294829000009
504,0.0848446259878,0.0274924494995,0.00135371358455,0.0274475482152,0.197631913838,0.0799175097969,0.0545260801523,0.104142349609,0.00137386009564,0.194317159123,0.215070938782,0.0118818513166,1,0.1,30,15,3,4,20,4.45676521494e-06,2.92408365752e-06,4.45676521494e-06,0.00118104463236,0.000263083250984,0.00156682992774,4.45676521494e-06,2.92408365752e-06,4.45676521494e-06,0.308878260987,0.379214514127,0.308872591847
505,0.103818875672,0.0517799457346,0.0409574875166,0.0635530605551,0.214084259742,0.0215779119797,0.0958813719108,0.0346824727753,0.204850192537,0.0896416437973,0.0101201263923,0.0690526513874,1,0.1,30,15,3,4,20,8.06778498725e-05,5.29327373013e-05,8.06778498725e-05,0.0820635622899,0.000287453853565,0.00132295831379,8.06778498725e-05,5.29327373013e-05,8.06778498725e-05,0.283761924499,0.348378807827,0.283756716343
506,0.00731103950656,0.0521166672712,0.0718594469148,0.0937279921445,0.0487546034043,0.053008299033,0.0733019501921,0.179798995591,0.0293395355154,0.031856973485,0.349694075606,0.0092304213365,1,0.1,30,15,3,4,20,3.45025790855e-05,2.2637142138e-05,3.45025790855e-05,0.00013354097813,9.11730496623e-05,0.000420435126434,3.45025790855e-05,2.2637142138e-05,3.45025790855e-05,0.309561782221,0.380053683488,0.309556100536
507,0.00280754779763,0.073360737779,0.0423157138353,0.209374945037,0.021013247159,0.0262047770877,0.0120449815002,0.301886100363,0.0219430907138,0.153412507912,0.0743923731421,0.0612439776738,1,0.1,30,15,3,4,20,0.000100744092704,6.6098199223e-05,0.000100744092704,0.00130080654464,0.00146933113497,0.00131014208802,0.000100744092704,6.6098199223e-05,0.000100744092704,0.308388493946,0.378613219721,0.308382833796
508,0.0301093375965,0.0174548753776,0.0594328897182,0.0521224202784,0.00497007518102,0.125830204803,0.0301521697386,0.0371936712909,0.378533866176,0.00933636632951,0.201077362813,0.0537867606974,1,0.1,30,15,3,4,20,3.04950978312e-05,2.00078336871e-05,3.04950978312e-05,0.0237312990065,0.000659001944037,0.000185598774279,3.04950978312e-05,2.00078336871e-05,3.04950978312e-05,0.302154189844,0.370959270254,0.302148644118
509,0.0692280885243,0.122559807532,0.136252660546,0.106929820988,0.0276984395159,0.0512141901547,0.00182413583994,0.206708345942,0.0112147671321,0.222159997911,0.0354881142552,0.00872163165933,1,0.1,30,15,3,4,20,6.4245390352e-05,4.21514006099e-05,6.4245390352e-05,0.0698897183994,0.000614719168374,0.000689607499006,6.4245390352e-05,4.21514006099e-05,6.4245390352e-05,0.287655481662,0.353158986864,0.287650202044
510,0.0374570181086,0.0225405354222,0.0183495962217,0.216607014559,0.014758629427,0.121427909015,0.103310054277,0.115373132931,0.098498996295,0.0847802260216,0.0899600080676,0.0769368796537,1,0.1,30,15,3,4,20,6.82968872716e-05,4.48095877389e-05,6.82968872716e-05,0.000578457984266,0.0020974731281,0.00103356797001,6.82968872716e-05,4.48095877389e-05,6.82968872716e-05,0.308556770822,0.378819815788,0.308551107583
511,0.0582768460218,0.475284448728,0.0437003966706,0.0104561677482,0.0906579250173,0.0301293524821,0.00898960442116,0.0621538543479,0.0120657383422,0.0809722356261,0.0656307171638,0.0616827134305,1,0.1,30,15,3,4,20,0.000189374402252,0.000124248545318,0.000189374402252,0.0807199016006,0.00270899517001,0.0019574337282,0.000189374402252,0.000124248545318,0.000189374402252,0.283052510317,0.347507849303,0.283047315182
512,0.0485255678305,0.119759247285,0.145849364817,0.0295320463891,0.233433587852,0.143185378973,0.0364052528741,0.030172609738,0.106576972708,0.0805483476874,0.00993813734796,0.016073486498,1,0.1,30,15,3,4,20,0.000247177428017,0.000162173110522,0.000247177428017,0.0976141424889,0.012194175724,0.000286988522812,0.000247177428017,0.000162173110522,0.000247177428017,0.275302080456,0.337992529304,0.275297027572
513,0.078875000887,0.0585875874627,0.154550943891,0.0323424021019,0.0146992316814,0.0254865947129,0.0345560421434,0.254620814395,0.000467902866362,0.122045981503,0.0591315576529,0.164635940703,1,0.1,30,15,3,4,20,0.000105524815454,6.92348314195e-05,0.000105524815454,0.00191702298954,0.00071220895729,0.000818900917397,0.000105524815454,6.92348314195e-05,0.000105524815454,0.30857647652,0.378844008771,0.308570812919
514,0.124843171521,0.0231222233134,0.0153128543614,0.0874298946197,0.0323923435429,0.10351659479,0.0295774539616,0.0894501937545,0.173925427391,0.0741206018026,0.106800801528,0.139508439414,1,0.1,30,15,3,4,20,0.00019881307976,0.000130441261631,0.00019881307976,0.00849942503125,0.00265407550549,0.00134931125507,0.00019881307976,0.000130441261631,0.00019881307976,0.305617634501,0.375211393659,0.305612025206
515,0.0453073178756,0.145454582558,0.159964014639,0.146253034245,0.125544605071,0.00472192334277,0.0204285317545,0.0298337291557,0.170507100191,0.000472775926659,0.0490324060721,0.102479979169,1,0.1,30,15,3,4,20,0.000413020054839,0.00027098245798,0.000413020054839,0.0690497462551,0.00283208437212,0.000576933147351,0.000413020054839,0.00027098245798,0.000413020054839,0.286689629013,0.351973194954,0.286684367123
516,0.015595671685,0.285506528753,0.233572409774,0.111975749327,0.00202911762377,0.197003508207,0.0645305632534,0.0433409319803,0.00149251202103,0.0152656319139,0.0279811597959,0.00170621566649,1,0.1,30,15,3,4,20,0.000892284385451,0.000585427785294,0.000892284385451,0.051261421865,0.0870978519573,0.00188391479856,0.000892284385451,0.000585427785294,0.000892284385451,0.264899982179,0.325221715873,0.264895120215
517,0.021109854156,0.119451656969,0.197211339322,0.0552605745041,0.131106665331,0.00991645860794,0.0337971276903,0.063532338788,0.0870778551614,0.196814414164,0.00373488649694,0.0809868288088,1,0.1,30,15,3,4,20,5.34425356327e-05,3.50636476286e-05,5.34425356327e-05,0.000136940901455,3.56798037722e-05,0.000989265277151,5.34425356327e-05,3.50636476286e-05,5.34425356327e-05,0.309370515907,0.37981886294,0.309364837733
518,0.0399000160076,0.0375304380546,0.0237924371456,0.100188491337,0.0550215039629,0.0672306827742,0.189714565321,0.0807592293812,0.0375557587651,0.107150254719,0.0342682304426,0.226888392089,1,0.1,30,15,3,4,20,3.29102874595e-05,2.15924396022e-05,3.29102874595e-05,0.00277040409807,0.000442631591028,0.00322137612342,3.29102874595e-05,2.15924396022e-05,3.29102874595e-05,0.307770782481,0.37785484601,0.307765133668
519,0.145324552043,0.0916714972301,0.0832680377807,0.00590649246105,0.0128948382752,0.287237788136,0.0203718902141,0.165141628801,0.127847898747,0.00998425098163,0.0360470448946,0.0143040804343,1,0.1,30,15,3,4,20,0.00060989759582,0.000400153812618,0.00060989759582,0.0825308136145,0.057276903114,0.00784781553666,0.00060989759582,0.000400153812618,0.00060989759582,0.263068258522,0.322972881027,0.263063430177
520,0.0410493812554,0.0840220147631,0.0009352527336,0.351950585155,0.00246960360535,0.0315112644696,0.0675865249208,0.116905933598,0.108892226288,0.0271855677608,0.0699033428124,0.0975883026379,1,0.1,30,15,3,4,20,0.000428612096692,0.000281212396639,0.000428612096692,0.0118066025994,0.00318520382064,0.00505988049306,0.000428612096692,0.000281212396639,0.000428612096692,0.302900646484,0.371875706365,0.302895087057
521,0.0236747418041,0.00648230638106,0.140628319652,0.398730029767,0.0855537250025,0.0892750777765,0.0128652789737,0.0826467616999,0.0212719958086,0.0129226857573,0.0220438537784,0.103905223599,1,0.1,30,15,3,4,20,0.000550042567879,0.000360882928786,0.000550042567879,0.137321015323,0.00317628117525,0.00205497764009,0.000550042567879,0.000360882928786,0.000550042567879,0.264747852481,0.325034943942,0.264742993309
522,0.0791401536281,0.0334349033368,0.273046839263,0.0755434898325,0.0681461256353,0.0959994469046,0.0609885675903,0.088682620954,0.0453935544202,0.0577072365402,0.0787785647645,0.0431384971303,1,0.1,30,15,3,4,20,0.000139404258061,9.14631337138e-05,0.000139404258061,0.000617120893175,0.00118394589513,0.00287199067862,0.000139404258061,9.14631337138e-05,0.000139404258061,0.308141212902,0.378309629042,0.30813555729
523,0.112528334192,0.171427956734,0.0465634932042,0.0117617763393,0.113317500846,0.0596908658026,0.202442642342,0.0166987000336,0.0452115828043,0.0644329376382,0.07829002436,0.0776341857026,1,0.1,30,15,3,4,20,0.000226329403889,0.000148494721892,0.000226329403889,0.00987297289655,0.00113927231929,0.000693311608167,0.000226329403889,0.000148494721892,0.000226329403889,0.305819351947,0.375459045219,0.30581373895
524,0.0585893354936,0.0756542822654,0.126963229392,0.0518756628306,0.143028011641,0.144582102291,0.116142303494,0.0451076236406,0.038698461426,0.0617253290881,0.031910700575,0.105722957863,1,0.1,30,15,3,4,20,0.00026619048746,0.000174647578823,0.00026619048746,0.00267737252538,0.00326469887228,0.000483837574762,0.00026619048746,0.000174647578823,0.00026619048746,0.30738948017,0.377386715394,0.307383838355
525,0.0707191733983,0.0435746524034,0.0176664418424,0.0998457872304,0.0452588851944,0.076683640115,0.0953558996653,0.133940778729,0.107697849477,0.0793166285065,0.220072329073,0.00986793436449,1,0.1,30,15,3,4,20,1.73052115347e-05,1.13539492879e-05,1.73052115347e-05,0.000272864241339,0.00246934261068,5.42297752231e-05,1.73052115347e-05,1.13539492879e-05,1.73052115347e-05,0.308923577408,0.379270149783,0.308917907437
526,0.0693868425034,0.0899544335851,0.0726659828983,0.140599534737,0.0220860999386,0.00572111653673,0.0444210605799,0.012312775405,0.0345885663155,0.135529259751,0.0805526335615,0.292181694189,1,0.1,30,15,3,4,20,3.32619454385e-05,2.18231624022e-05,3.32619454385e-05,0.000820355933101,0.000811112609508,0.000224949337863,3.32619454385e-05,2.18231624022e-05,3.32619454385e-05,0.309188550683,0.379595461481,0.309182875848
527,0.040379180084,0.195228839359,0.0707381451252,0.0479757032912,0.135634375388,0.00571958437838,0.16262365148,0.148680680352,0.0390053321448,0.0372653678767,0.0784673913732,0.0382817491469,1,0.1,30,15,3,4,20,3.35080186981e-05,2.19846110678e-05,3.35080186981e-05,0.0937900207425,0.00207929692937,0.000683988169829,3.35080186981e-05,2.19846110678e-05,3.35080186981e-05,0.279849302996,0.343575223213,0.279844166652
528,0.0601257657985,0.0133929743721,0.147055362478,0.0115922833125,0.326536232528,0.0483001017873,0.00496129731414,0.0404111640898,0.172647546106,0.0539550678907,0.0868117969179,0.0342104074048,1,0.1,30,15,3,4,20,0.000259954545405,0.00017055617724,0.000259954545405,0.0115823388709,0.00074524017442,0.0108837698896,0.000259954545405,0.00017055617724,0.000259954545405,0.302199304464,0.371014658156,0.302193757909
529,0.0200694877301,0.239038180047,0.00756687338352,0.175266413738,0.0181704225006,0.0879630734151,0.0738069836356,0.128277694188,0.0564678769251,0.0758998706924,0.11069339411,0.006779729634,1,0.1,30,15,3,4,20,0.000367277556761,0.000240970804991,0.000367277556761,0.0104877215088,0.00326773935183,0.00441077035237,0.000367277556761,0.000240970804991,0.000367277556761,0.303585740902,0.372716807147,0.303580168901
530,0.000380723936206,0.137536879399,0.0159940948186,0.0715228593869,0.013084067068,0.00724187580266,0.0706150845735,0.188344328981,0.0337052835393,0.125182014718,0.135683706729,0.200709081048,1,0.1,30,15,3,4,20,3.2781903762e-05,2.15082070582e-05,3.2781903762e-05,0.00046157104913,0.000643659720994,0.000220260178967,3.2781903762e-05,2.15082070582e-05,3.2781903762e-05,0.309353831701,0.379798379488,0.309348153833
531,0.00247371242375,0.321702739829,0.0394080731975,0.036364574326,0.0025125761884,0.18470747925,0.00479047919889,0.00575420627733,0.142039023503,0.231813419748,0.00788162898973,0.0205520870688,1,0.1,30,15,3,4,20,3.69211113249e-05,2.42239411403e-05,3.69211113249e-05,0.0134280299544,0.00262931757103,0.00118807206258,3.69211113249e-05,2.42239411403e-05,3.69211113249e-05,0.304414731765,0.373734571771,0.304409144548
532,0.011835272034,0.0834911982026,0.111294720063,0.0133645263019,0.101975455347,0.0199982669012,0.00783623934308,0.392298923404,0.00565451953882,0.188526992983,0.0499743592473,0.0137495266344,1,0.1,30,15,3,4,20,0.000130546127318,8.56513141331e-05,0.000130546127318,0.0235263376478,0.00784065572232,0.000758905431845,0.000130546127318,8.56513141331e-05,0.000130546127318,0.299650395121,0.367885323591,0.299644895348
533,0.0347441471109,0.00400883429389,0.230507247515,0.0836883257525,0.154592935311,0.0187988351886,0.203706720792,0.00560477524156,0.138719786283,0.0470986844313,0.0751118530557,0.00341785502563,1,0.1,30,15,3,4,20,0.000529805536029,0.000347605412188,0.000529805536029,0.108179432435,0.0103513922131,0.00173810377852,0.000529805536029,0.000347605412188,0.000529805536029,0.27168495049,0.33355172412,0.271679963994
534,0.178156714989,0.244617264906,0.020146525589,0.169617116175,0.160611081739,0.0132733922167,0.062247034027,0.00566381192638,0.0115853482154,0.127332534783,0.00564664127277,0.00110253416061,1,0.1,30,15,3,4,20,0.000527313773796,0.000345970566988,0.000527313773796,0.0527748403418,0.00286821497468,0.0114665065072,0.000527313773796,0.000345970566988,0.000527313773796,0.288158803842,0.353776923119,0.288153514986
535,0.0589799392096,0.234413513416,0.0387423562481,0.104938819198,0.113717149963,0.0780884575844,0.0198496468568,0.116773055578,0.00482217455856,0.0592741142507,0.101201722289,0.0691990508485,1,0.1,30,15,3,4,20,5.54055603127e-05,3.63515881211e-05,5.54055603127e-05,0.0221440873992,0.00130963096762,0.00215689972579,5.54055603127e-05,3.63515881211e-05,5.54055603127e-05,0.301792616931,0.370515361718,0.301787077841
536,0.0645666213464,0.00084363058228,0.0445836244422,0.119593882665,0.0670638349378,0.252037168674,0.0645351253696,0.0716710052999,0.0442320618056,0.135587267392,0.0605873102837,0.0746984672012,1,0.1,30,15,3,4,20,1.82525202526e-06,1.19754785377e-06,1.82525202526e-06,1.88831605847e-06,1.91987104115e-05,2.13130549515e-06,1.82525202526e-06,1.19754785377e-06,1.82525202526e-06,0.309808248781,0.380356274211,0.309802562572
537,0.152464420027,0.0564391509585,0.00326321490917,0.014485333504,0.00876787539849,0.0649212985515,0.0569594616311,0.185952292356,0.178551265536,0.194679956245,0.0277186315343,0.0557970993486,1,0.1,30,15,3,4,20,1.26753096038e-06,8.31627063105e-07,1.26753096038e-06,5.19105827091e-06,5.32451802122e-07,4.86622548229e-05,1.26753096038e-06,8.31627063105e-07,1.26753096038e-06,0.309799510442,0.380345546021,0.309793824394
538,0.178251724314,0.0127551511747,0.100336546813,0.0405885963245,0.135425509494,0.14574277951,0.00613151285634,0.0591418096756,0.0973460640515,0.0983318829193,0.11880504133,0.00714338153724,1,0.1,30,15,3,4,20,0.000179690282757,0.000117894794517,0.000179690282757,0.0259136838777,0.00128053852465,0.000660524503167,0.000179690282757,0.000117894794517,0.000179690282757,0.300892794451,0.369410636047,0.300887271876
539,0.0247676638708,0.0846899287884,0.127243374023,0.194904158212,0.0446936356888,0.018977501795,0.15106400092,0.0280725732025,0.0830326757016,0.0241506810219,0.125462872921,0.0929409338548,1,0.1,30,15,3,4,20,0.000430663136125,0.000282558083611,0.000430663136125,0.00984802313855,0.00253636587769,0.000886799475129,0.000430663136125,0.000282558083611,0.000430663136125,0.304997994334,0.374450652051,0.304992396412
540,0.00856567353026,0.063905526913,0.018336793229,0.16309507695,0.0190424856731,0.00472880267434,0.0193287828731,0.166380276282,0.366790481948,0.062041771447,0.0386946838759,0.069089644603,1,0.1,30,15,3,4,20,0.000118740528339,7.79056606432e-05,0.000118740528339,0.0724680158723,0.0139833986465,0.00175808967394,0.000118740528339,7.79056606432e-05,0.000118740528339,0.282294089499,0.346576724591,0.282288908284
541,0.0459751124083,0.00805644061911,0.140980181952,0.14640458018,0.0904084021231,0.0819278732199,0.0577213682692,0.121390992663,0.180702924891,0.10727676048,0.0124619895331,0.00669337366074,1,0.1,30,15,3,4,20,0.000128546181599,8.43391497468e-05,0.000128546181599,0.0854214434485,0.00501361940438,0.00665143852615,0.000128546181599,8.43391497468e-05,0.000128546181599,0.279527693706,0.343180378623,0.279522563266
542,0.0324448039719,0.120825083397,0.171823443111,0.0980994085139,0.0865035394256,0.0496719744677,0.0960679063856,0.121976167338,0.0556959979457,0.0668167105438,0.0615890243095,0.0384859405903,1,0.1,30,15,3,4,20,0.000190643324191,0.000125081085002,0.000190643324191,0.002669917228,0.00476743387338,0.00217608851847,0.000190643324191,0.000125081085002,0.000190643324191,0.306526261225,0.376326928435,0.306520635254
543,0.0425784451676,0.00469547731059,0.0573672956187,0.0336855942214,0.0288878135713,0.0585154120393,0.0954483409001,0.122164108761,0.323714097109,0.143639949599,0.0137837446515,0.0755197210504,1,0.1,30,15,3,4,20,0.000435071666819,0.0002854505206,0.000435071666819,0.0478806284144,0.000290650672554,0.00354689216532,0.000435071666819,0.0002854505206,0.000435071666819,0.293079154233,0.359817711736,0.29307377507
544,0.0935535844467,0.00529536426002,0.187540481408,0.231724199312,0.0168094815595,0.110851213277,0.0252285733886,0.133989835214,0.0632162134418,0.0243355881912,0.0936842968428,0.0137711686576,1,0.1,30,15,3,4,20,0.000314436854606,0.000206302020307,0.000314436854606,0.0359618893877,0.0143766642544,0.00648303955183,0.000314436854606,0.000206302020307,0.000314436854606,0.291696562868,0.358120283399,0.29169120908
545,0.18267416558,0.0250767479584,0.0381671920822,0.0416826819609,0.0172869040762,0.279905051979,0.0215024655113,0.277658162961,0.0387946023081,0.0100131759192,0.00150578639285,0.0657330632714,1,0.1,30,15,3,4,20,0.00148843637653,0.000976563106638,0.00148843637653,0.00359551345298,0.00154556358292,0.00792183406892,0.00148843637653,0.000976563106638,0.00148843637653,0.303321620747,0.372392542836,0.303316053593
546,0.0519671091335,0.0467783276309,0.00463995260269,0.0248081670117,0.0298706036517,0.0365567513929,0.287978796148,0.126113483314,0.163891055856,0.138973147023,0.0645415661106,0.0238810401254,1,0.1,30,15,3,4,20,6.53768218878e-05,4.28937328406e-05,6.53768218878e-05,0.0628342494796,0.000574130247625,0.000455146811953,6.53768218878e-05,4.28937328406e-05,6.53768218878e-05,0.289924749393,0.355945001189,0.289919428125
547,0.26515753112,0.0172455760239,0.111498467423,0.0734295947705,0.0552896543544,0.0384332456921,0.0756652808711,0.127871147549,0.00581250260052,0.155076847104,0.0740433308974,0.000476821594197,1,0.1,30,15,3,4,20,0.000133536130181,8.7613055012e-05,0.000133536130181,0.02690957579,0.00331071639796,0.00125298440321,0.000133536130181,8.7613055012e-05,0.000133536130181,0.299847668521,0.368127519129,0.299842165128
548,0.0129175549738,0.114045820975,0.11255422148,0.0742032471399,0.0292825363504,0.040236092423,0.10917723948,0.10914653076,0.0834238743969,0.0804050376158,0.0751781031035,0.159429741302,1,0.1,30,15,3,4,20,3.05526627691e-05,2.00456020428e-05,3.05526627691e-05,0.0149840846168,0.00459177648909,3.16804781776e-05,3.05526627691e-05,2.00456020428e-05,3.05526627691e-05,0.303693384103,0.372848962332,0.303687810126
549,0.0575441797141,0.130888420853,0.037409643148,0.0244321981964,0.0316730607863,0.0949544419623,0.100962321654,0.0477079288166,0.107989177661,0.185998046745,0.0614264292243,0.119014151239,1,0.1,30,15,3,4,20,0.000282089249198,0.000185078756399,0.000282089249198,0.0226433231385,0.000440352238386,0.000482867693452,0.000282089249198,0.000185078756399,0.000282089249198,0.302052829085,0.370834828117,0.302047285219
550,0.27632580862,0.00309629168639,0.193460694505,0.000278856004889,0.0802105119425,0.0389714828683,0.00167344535115,0.122301799239,0.0280393107665,0.105678960828,0.105436747136,0.0445260910533,1,0.1,30,15,3,4,20,5.78004265087e-05,3.79228598324e-05,5.78004265087e-05,6.11794353352e-05,5.16940224071e-05,0.000461941815966,5.78004265087e-05,3.79228598324e-05,5.78004265087e-05,0.309545228949,0.380033360784,0.309539547567
551,0.0185398207986,0.073539972491,0.0658423650575,0.0297065544207,0.031405819584,0.15255273953,0.20072682217,0.00258727341,0.131350200653,0.148052858946,0.0697527784591,0.0759427944792,1,0.1,30,15,3,4,20,0.000147286705193,9.66348072771e-05,0.000147286705193,0.0318128333272,0.00351865735744,0.000455402049423,0.000147286705193,9.66348072771e-05,0.000147286705193,0.298488599732,0.366458969816,0.298483121283
552,0.0999870624112,0.0724654307103,0.0729433933277,0.0568677632444,0.0229085724693,0.00442241661465,0.0409231409872,0.0975722337914,0.320341244385,0.156240552417,0.0246420950414,0.0306860946006,1,0.1,30,15,3,4,20,4.16192534427e-05,2.73063921838e-05,4.16192534427e-05,0.0303970276469,0.00287151032649,0.00548891559384,4.16192534427e-05,2.73063921838e-05,4.16192534427e-05,0.297742174536,0.36554257231,0.297736709788
553,0.00733849532771,0.0306549174926,0.259951234597,0.00579810123274,0.0685477882136,0.120846372439,0.0502619489992,0.0914473479917,0.0494210514398,0.0622167589661,0.164472884533,0.0890430987672,1,0.1,30,15,3,4,20,1.23570509937e-05,8.10746115698e-06,1.23570509937e-05,0.0199460383301,0.00172839070843,0.000700166203668,1.23570509937e-05,8.10746115698e-06,1.23570509937e-05,0.302866046495,0.371833227434,0.302860487703
554,0.27940692429,0.00859397148306,0.109169641488,0.0022520704618,0.0282446464343,0.169678340262,0.0208873012441,0.0251199193921,0.0523901949997,0.105133737277,0.0184901508865,0.180633101781,1,0.1,30,15,3,4,20,0.000172549420955,0.000113209675088,0.000172549420955,0.00444733759101,0.0031239183795,0.000524170915239,0.000172549420955,0.000113209675088,0.000172549420955,0.307026348835,0.37694089356,0.307020713685
555,0.0979304195596,0.0173538060741,0.0944650870489,0.0455988003794,0.102478305227,0.0839342262794,0.0533014809476,0.210790180739,0.167102673082,0.082898881524,0.0388691428265,0.00527699631381,1,0.1,30,15,3,4,20,0.000241154534626,0.000158221490168,0.000241154534626,0.0821525478633,0.000718070776244,0.0191877645072,0.000241154534626,0.000158221490168,0.000241154534626,0.277801980218,0.341061694065,0.277796881451
556,0.00674296395957,0.0960689647657,0.0878233940538,0.00121130048889,0.0412906913175,0.0311519259593,0.150526046504,0.156549191731,0.256082410724,0.0188759538332,0.0015261271518,0.152151029511,1,0.1,30,15,3,4,20,0.000217946076633,0.000142994420879,0.000217946076633,0.00256026489738,0.000941785276451,0.0047451237126,0.000217946076633,0.000142994420879,0.000217946076633,0.306904620203,0.376791445476,0.306898987287
557,0.149636196738,0.0852409204484,0.199390976558,0.00586803017188,0.13161990641,0.130165103295,0.119487403554,0.0680224083777,0.00582945462408,0.0147656871327,0.0184899646303,0.07148394806,1,0.1,30,15,3,4,20,0.000111983633187,7.34724617338e-05,0.000111983633187,0.123509705387,0.00144513616839,0.00261302428208,0.000111983633187,7.34724617338e-05,0.000111983633187,0.270111263662,0.331619684994,0.27010630605
558,0.0890746824144,0.0200586166553,0.269033615405,0.00479323232921,0.13410963867,0.0220648439159,0.0432346277979,0.093854423839,0.170183231499,0.0376543505576,0.0510328420477,0.0649058948687,1,0.1,30,15,3,4,20,0.000330976655491,0.000217153783667,0.000330976655491,0.0117287126062,0.00562519655882,0.00164664238424,0.000330976655491,0.000217153783667,0.000330976655491,0.303386997732,0.37247280715,0.303381429379
559,0.0822709323074,0.111930993584,0.0739745941573,0.0570852885434,0.0833210577573,0.0377680107582,0.239210027744,0.0168198770773,0.0274609330291,0.12805676182,0.127169976863,0.0149315463595,1,0.1,30,15,3,4,20,2.78968890792e-05,1.83031489248e-05,2.78968890792e-05,0.0393522086038,0.000327670461792,0.000179404615389,2.78968890792e-05,1.83031489248e-05,2.78968890792e-05,0.297423391751,0.365151197861,0.297417932853
560,0.0655760156919,0.0956371177656,0.361908733141,0.023034287143,0.00117951183506,0.0204147703797,0.0807135913772,0.104149116291,0.0345628675673,0.0470860210317,0.117688372595,0.0480495951813,1,0.1,30,15,3,4,20,4.83059187766e-05,3.16935133094e-05,4.83059187766e-05,0.0210185376759,0.00153323551348,0.00121584458212,4.83059187766e-05,3.16935133094e-05,4.83059187766e-05,0.302375297142,0.371230727028,0.302369747357
561,0.0211228901903,0.0697562151013,0.12951498692,0.105041604084,0.250191217731,0.124804820466,0.00526861545218,0.0683246473787,0.121495347304,0.0582141741848,0.0453179485375,0.00094753265145,1,0.1,30,15,3,4,20,0.000497403117331,0.000326346185281,0.000497403117331,0.00530169724587,0.00100662436283,0.0108024158959,0.000497403117331,0.000326346185281,0.000497403117331,0.303698589392,0.372855352945,0.303693015319
562,0.268813384712,0.00820307296198,0.0113537852774,0.044873413576,0.184530222761,0.0165300203064,0.0356888208617,0.186251618868,0.0514797050629,0.0784408957511,0.00609390865585,0.107741151206,1,0.1,30,15,3,4,20,0.000244189479867,0.000160212717741,0.000244189479867,0.00347239036854,0.0015726349092,0.00416092576092,0.000244189479867,0.000160212717741,0.000244189479867,0.306564381501,0.376373729275,0.30655875483
563,0.0152217910449,0.00541502682309,0.013096744943,0.124908960477,0.00940766505191,0.00750699220918,0.0818264096053,0.0301236401315,0.0725978391868,0.104487887524,0.377270423378,0.158136619625,1,0.1,30,15,3,4,20,5.02109169857e-06,3.29433826343e-06,5.02109169857e-06,0.0102269627615,3.2942678139e-06,0.00104809226941,5.02109169857e-06,3.29433826343e-06,5.02109169857e-06,0.306315941823,0.376068716123,0.306310319712
564,0.103286865698,0.267225627032,0.0694379382431,0.0698071386753,0.0386031795974,0.0672561469282,0.0168575437151,0.0128614014753,0.196466018927,0.0210167587406,0.125578644521,0.011602736448,1,0.1,30,15,3,4,20,0.000192497800281,0.000126297806764,0.000192497800281,0.00431552066645,0.00082739760135,0.00645039950613,0.000192497800281,0.000126297806764,0.000192497800281,0.305909806322,0.375570097424,0.305904191665
565,0.0704934612559,0.0811105301484,0.0241137619406,0.00427756546956,0.0794266906396,0.296735132115,0.0396066986813,0.0607202501617,0.191321262785,0.031487850982,0.00179325161811,0.118913544203,1,0.1,30,15,3,4,20,0.000451319849071,0.000296110952975,0.000451319849071,0.00655622524552,0.00359656276588,0.0043943412113,0.000451319849071,0.000296110952975,0.000451319849071,0.304568687178,0.373923585161,0.304563097136
566,0.0146368296104,0.0769523493615,0.140743966726,0.00388969700542,0.145984615666,0.0986439425904,0.110319441207,0.00394426128401,0.172551432297,0.0274025901231,0.151388762258,0.0535421118705,1,0.1,30,15,3,4,20,0.000196629545575,0.000129008644852,0.000196629545575,0.00790771743474,0.00562012240278,0.00155163449428,0.000196629545575,0.000129008644852,0.000196629545575,0.304822930615,0.374235723675,0.304817335906
567,0.146508618197,0.0860731591892,0.00160803567123,0.0163327444889,0.0327757930272,0.0551726634493,0.0105664143733,0.052476874083,0.0668510576178,0.171549584974,0.179487880592,0.180597174336,1,0.1,30,15,3,4,20,3.00599199461e-05,1.97223134766e-05,3.00599199461e-05,0.00450614145852,5.55095152815e-05,0.00152272822969,3.00599199461e-05,1.97223134766e-05,3.00599199461e-05,0.307883920225,0.37799374693,0.307878269335
568,0.0901766419165,0.0184319915952,0.121181942342,0.0436202520314,0.0404491235175,0.0924632857004,0.0295282293506,0.216191095594,0.0305556781248,0.262023773684,0.0408653511208,0.0145126350221,1,0.1,30,15,3,4,20,2.74742770476e-05,1.8025873171e-05,2.74742770476e-05,0.000447668201037,0.00165794751516,0.000317033042768,2.74742770476e-05,1.8025873171e-05,2.74742770476e-05,0.309022647358,0.37939177946,0.309016975568
569,0.0969956806878,0.013889293639,0.0141316398465,0.220770912371,0.0423934940775,0.0270284052509,0.00580551982886,0.00858126927857,0.0946989771383,0.28360057801,0.0773233906346,0.114780839237,1,0.1,30,15,3,4,20,0.000213764641198,0.00014025098109,0.000213764641198,0.0157824433704,0.000183779707522,0.000424570972585,0.000213764641198,0.00014025098109,0.000213764641198,0.304388458336,0.373702315485,0.304382871602
570,0.0607738118062,0.124927526504,0.0891378267802,0.149335934979,0.0328551156181,0.0611983600175,0.0981432766019,0.205059766583,0.0143660822768,0.0969208329679,0.0280054931704,0.0392759726946,1,0.1,30,15,3,4,20,7.53470297841e-05,4.94351862413e-05,7.53470297841e-05,0.000314041474938,0.00326788265349,0.00284690194878,7.53470297841e-05,4.94351862413e-05,7.53470297841e-05,0.30770266991,0.377771223175,0.307697022346
571,0.0346740575906,0.0760276732075,0.0839305761402,0.0419522100817,0.0283334004725,0.116484218561,0.00564759403813,0.298311411751,0.0594421836424,0.123537791197,0.0999698033159,0.0316890800019,1,0.1,30,15,3,4,20,6.80659761119e-05,4.4658086927e-05,6.80659761119e-05,0.000335863125018,0.000103987213227,0.00209538013925,6.80659761119e-05,4.4658086927e-05,6.80659761119e-05,0.308920960935,0.379266937499,0.308915291011
572,0.105474318081,0.0869993259067,0.11058360369,0.0702507989109,0.00302144095439,0.0142906874195,0.0344654318052,0.0104147818249,0.00779918135342,0.041512283154,0.364116258605,0.151071888294,1,0.1,30,15,3,4,20,2.28555208803e-06,1.49955072496e-06,2.28555208803e-06,0.00418510910419,0.00162920916508,0.000374051836493,2.28555208803e-06,1.49955072496e-06,2.28555208803e-06,0.307897413467,0.378010312787,0.30789176233
573,0.0212230531644,0.271597231074,0.0474453511079,0.0565916987457,0.0494429754872,0.0711071024596,0.122767799213,0.0105884923979,0.085314957907,0.125091965524,0.0115097304899,0.12731964243,1,0.1,30,15,3,4,20,0.000100099429981,6.56752360105e-05,0.000100099429981,0.0653420592565,0.000325193974789,0.00110509919803,0.000100099429981,6.56752360105e-05,0.000100099429981,0.288966394397,0.354768414262,0.288961090719
574,0.0216375186266,0.201198682201,0.0298906616678,0.00410872953466,0.000918552288976,0.0486803009208,0.032666899194,0.199114088928,0.278152030419,0.00675166969747,8.43123600978e-05,0.176796554161,1,0.1,30,15,3,4,20,0.000161161707526,0.000105738196308,0.000161161707526,0.000321914116846,0.000721724704194,0.000963860874146,0.000161161707526,0.000105738196308,0.000161161707526,0.308931243077,0.37927956104,0.308925572965
575,0.0227447514143,0.0439603152295,0.0317824787744,0.130231196304,0.174313025311,0.115917444467,0.0796262848296,0.0950961173565,0.185036217754,0.0804964636477,0.0269046408285,0.013891064083,1,0.1,30,15,3,4,20,0.000671864388933,0.000440810225579,0.000671864388933,0.121631271313,0.00829499395325,0.0028711162719,0.000671864388933,0.000440810225579,0.000671864388933,0.267569601659,0.328499248099,0.267564690697
576,0.129906835817,0.0118960977316,0.0204148253827,0.0807927099875,0.0154641353638,0.142382561707,0.0753507930718,0.0445602237624,0.307089695858,0.033667986841,0.132443568174,0.00603056630286,1,0.1,30,15,3,4,20,1.61888207245e-05,1.06214852773e-05,1.61888207245e-05,0.0900704273427,0.000152097057784,0.00377996952013,1.61888207245e-05,1.06214852773e-05,1.61888207245e-05,0.280668095822,0.344580467554,0.28066294445
577,0.0883473155407,0.0578139939176,0.167904569217,0.168251933797,0.114734539918,0.0836816853549,0.0382101790133,0.0109590248307,0.00846939312752,0.0221068509447,0.119511112515,0.120009401824,1,0.1,30,15,3,4,20,0.000190139147391,0.000124750294603,0.000190139147391,0.0067997775731,0.00251448210584,0.00225257376677,0.000190139147391,0.000124750294603,0.000190139147391,0.305921893568,0.375584937119,0.305916278689
578,0.328452995723,0.0843343697515,0.162488858025,0.0709152399392,0.0906571288219,0.0512670100501,0.0083184067853,0.0291248166761,0.01030305436,0.00272991979688,0.0845408200402,0.0768673800306,1,0.1,30,15,3,4,20,6.34140526854e-05,4.16059599669e-05,6.34140526854e-05,0.103946231382,0.000415676133029,0.00303347331549,6.34140526854e-05,4.16059599669e-05,6.34140526854e-05,0.276441008293,0.339390808241,0.276435934505
579,0.177547308681,0.0166349172586,0.0879395444435,0.0213095849203,0.0218447148818,0.143156917758,0.0718595833418,0.00334450362933,0.0594209241079,0.279848061391,0.0168411373898,0.100252802198,1,0.1,30,15,3,4,20,0.000171600426288,0.000112587039688,0.000171600426288,0.0143383281066,0.00191578302265,0.000532193309253,0.000171600426288,0.000112587039688,0.000171600426288,0.304335316527,0.373637072482,0.304329730768
580,0.109775941468,0.147537703327,0.0963476285304,0.229794321792,0.0371933625436,0.00593329686625,0.139580046354,0.0547501466763,0.118951619886,0.0260605132113,0.0152265813597,0.0188488379856,1,0.1,30,15,3,4,20,0.000502475287464,0.000329674036105,0.000502475287464,0.250707065448,0.0049630728926,0.00229248506824,0.000502475287464,0.000329674036105,0.000502475287464,0.22906988445,0.281232562808,0.22906568011
581,0.0471621102772,0.123983779595,0.028412247201,0.0014288731726,0.0690120887942,0.127884658421,0.172236846457,0.0116278001445,0.193051722698,0.0186385798134,0.13913752119,0.0674237722362,1,0.1,30,15,3,4,20,0.00016427392018,0.00010778011903,0.00016427392018,0.0230369577802,0.00209851162996,0.00455217827064,0.00016427392018,0.00010778011903,0.00016427392018,0.300350300501,0.368744608016,0.300344787883
582,0.375441009346,0.0149694101082,0.00547482089338,0.0145636123291,0.110451483915,0.0381203908799,0.0234853319941,0.121974015718,0.115560270949,0.0291202533963,0.100783540591,0.0500558598804,1,0.1,30,15,3,4,20,0.000175380280646,0.000115067002132,0.000175380280646,0.100569848243,0.000960854159541,0.00170265786464,0.000175380280646,0.000115067002132,0.000175380280646,0.277546203054,0.34074767257,0.277541108981
583,0.137375938168,0.0630037059697,0.0816526217153,0.0586067893687,0.0125566405136,0.035262385791,0.0407741236986,0.101531426452,0.0046894060941,0.263215095607,0.00957116650863,0.191760700113,1,0.1,30,15,3,4,20,1.40704145598e-05,9.23159899268e-06,1.40704145598e-05,0.00976583229643,2.26764639051e-05,0.000803706560163,1.40704145598e-05,9.23159899268e-06,1.40704145598e-05,0.306513625252,0.376311415059,0.306507999512
584,0.0365146323032,0.0211841517679,0.145461459707,0.0157934301539,0.0168417751485,0.0253841034678,0.00789688557548,0.109542030315,0.240555997974,0.166089651599,0.139597710426,0.0751381715628,1,0.1,30,15,3,4,20,0.000132630859752,8.70191070834e-05,0.000132630859752,0.00798634371675,0.00143815824003,7.96289632505e-05,0.000132630859752,8.70191070834e-05,0.000132630859752,0.306655605009,0.376485725755,0.306649976663
585,0.132325014833,0.0404353348374,0.188476674333,0.0865552440239,0.0297292647727,0.0201090325399,0.0616303606196,0.16288927644,0.0382994011437,0.144714765117,0.079654299473,0.0151813318666,1,0.1,30,15,3,4,20,0.000143787110993,9.43387235224e-05,0.000143787110993,0.049347211594,0.000283398549863,0.00137753158462,0.000143787110993,9.43387235224e-05,0.000143787110993,0.293778535711,0.360676352958,0.293773143711
586,0.00873391591598,0.179157705425,0.060471452632,0.0276918083896,0.00530332641398,0.0660650229575,0.0630897143101,0.0411588627817,0.135455556436,0.0980063829263,0.277998703779,0.0368675480319,1,0.1,30,15,3,4,20,6.79489783617e-05,4.45813247031e-05,6.79489783617e-05,0.00925368538884,0.002005894461,0.000239786522403,6.79489783617e-05,4.45813247031e-05,6.79489783617e-05,0.306143898836,0.375857496346,0.306138279883
587,0.205382787913,0.00115866443255,0.0268504073711,0.0452904901938,0.0130300674218,0.206170265791,0.226561631117,0.0216294090485,0.0747830419767,0.0314283077431,0.107309614755,0.0404053122362,1,0.1,30,15,3,4,20,0.000365703596191,0.000239938129461,0.000365703596191,0.0215628298046,0.00141844770377,0.000319204442656,0.000365703596191,0.000239938129461,0.000365703596191,0.301997645768,0.370767078723,0.301992102914
588,0.0516410177847,0.0677510459442,0.0837053515755,0.023016091828,0.0581034037384,0.0340537467706,0.034271702311,0.00960356822387,0.0215914460317,0.200739939399,0.229117796927,0.186404889466,1,0.1,30,15,3,4,20,1.00024500302e-05,6.56260746479e-06,1.00024500302e-05,0.00723179734893,0.000911673354406,2.49859276267e-05,1.00024500302e-05,6.56260746479e-06,1.00024500302e-05,0.30727124553,0.377241556938,0.307265605886
589,0.0808110963249,0.0564612470355,0.0729519566043,0.00550838975874,0.344534830777,0.0283231140118,0.0934411857786,0.0536020422236,0.0311169473999,0.0561017095484,0.168759041711,0.00838843882581,1,0.1,30,15,3,4,20,3.93688127401e-05,2.58298780388e-05,3.93688127401e-05,0.00631927680056,0.00690058758704,0.00172912688753,3.93688127401e-05,2.58298780388e-05,3.93688127401e-05,0.305122179147,0.374603115625,0.305116578946
590,0.00518158926719,0.022841788851,0.0360829412324,0.452929677314,0.0910249648081,0.0533277406548,0.066363818645,0.0759365345105,0.0624101898449,0.0415967659339,0.0898635009509,0.0024404879876,1,0.1,30,15,3,4,20,0.000435385001695,0.000285656099612,0.000435385001695,0.0505213423728,0.0100429397444,0.0122416871807,0.000435385001695,0.000285656099612,0.000435385001695,0.286545249715,0.351795938306,0.286539990475
591,0.0459626182838,0.0379721819982,0.0595559043865,0.0619361940132,0.176075908968,0.0230275046966,0.105394917928,0.115815062617,0.0315418527973,0.192359177568,0.0574421454491,0.0929165312942,1,0.1,30,15,3,4,20,0.000142311069312,9.33702925758e-05,0.000142311069312,0.0146041069082,0.00307796352669,0.00119764614071,0.000142311069312,9.33702925758e-05,0.000142311069312,0.303734943769,0.372899985764,0.303729369029
592,0.0765311599505,0.302883921516,0.0500337482603,0.00871203112118,0.0808736467442,0.104913083113,0.18516788212,0.023996784685,0.0466096067773,0.00317347627898,0.0313926250378,0.0857120343957,1,0.1,30,15,3,4,20,0.000296947499599,0.000194827254487,0.000296947499599,0.0667181547565,0.00215350080009,0.0140700873686,0.000296947499599,0.000194827254487,0.000296947499599,0.283632842949,0.348220332456,0.283627637162
593,0.14874250017,0.255512060963,0.0753016480956,0.0201170889348,0.0253981826449,0.0428361292077,0.0172127609247,0.0194823350906,0.0709076738229,0.17025296447,0.138196793605,0.016039862071,1,0.1,30,15,3,4,20,0.000186875930592,0.000122609298061,0.000186875930592,0.0162049309702,0.000158338389893,0.00237921564018,0.000186875930592,0.000122609298061,0.000186875930592,0.303704115012,0.372862136832,0.303698540838
594,0.218469047749,0.171493585479,0.00116225455493,0.000875525726865,0.0463109873252,0.0513455253199,0.0365858158725,0.208020753198,0.0404381742194,0.0111635571954,0.210046927815,0.00408784554482,1,0.1,30,15,3,4,20,4.67968324503e-05,3.07034017707e-05,4.67968324503e-05,0.00255054979957,0.00312445938342,0.00305629918535,4.67968324503e-05,3.07034017707e-05,4.67968324503e-05,0.307036306839,0.376953119152,0.307030671507
595,0.0246639698904,0.0345467921115,0.247566010374,0.0171931537605,0.0611120937409,0.00688187977471,0.127316902494,0.114405287786,0.0814404216757,0.220651185981,0.0279734109502,0.0362488914618,1,0.1,30,15,3,4,20,6.55503546843e-05,4.30075877083e-05,6.55503546843e-05,0.00632997226338,0.00160778716802,0.00112239713621,6.55503546843e-05,4.30075877083e-05,6.55503546843e-05,0.306903558725,0.376790142284,0.306897925829
596,0.0361047272195,0.133201671625,0.101349298909,0.0153944335097,0.00959564711292,0.138014928944,0.0444885879159,0.0454989450652,0.0086135102803,0.100914322743,0.0787974890722,0.288026437603,1,0.1,30,15,3,4,20,4.34372082798e-05,2.84991523524e-05,4.34372082798e-05,0.0041719494381,3.28189368999e-05,0.000384399755193,4.34372082798e-05,2.84991523524e-05,4.34372082798e-05,0.308325147621,0.378535448479,0.308319488633
597,0.104842626934,0.0268141144929,0.0515916917128,0.035400390788,0.205692739912,0.0470319833606,0.00344406553882,0.0818699756213,0.194511200547,0.0805705935515,0.0390432485231,0.129187369018,1,0.1,30,15,3,4,20,3.88601502854e-05,2.54961446023e-05,3.88601502854e-05,0.00165973535712,0.000887010301063,0.0024989499814,3.88601502854e-05,2.54961446023e-05,3.88601502854e-05,0.308191239979,0.378371048042,0.308185583449
598,0.225652441764,0.0210717462074,0.0205517503705,0.129218746039,0.0170726587943,0.134449705604,0.105821939934,0.0294660111147,0.201060387885,0.0316648705884,0.0239685021629,0.0600012395347,1,0.1,30,15,3,4,20,0.000160841854048,0.000105528340441,0.000160841854048,0.00101186016985,0.0145381795976,0.000161237934795,0.000160841854048,0.000105528340441,0.000160841854048,0.304686086287,0.374067717823,0.30468049409
599,0.000626908750256,0.167566872654,0.0513214003686,0.0869789699867,0.0201338636254,0.107763774673,0.0287134366804,0.200140472894,0.0129452622341,0.171932691481,0.130895797968,0.0209805486841,1,0.1,30,15,3,4,20,4.26917662037e-05,2.80100678062e-05,4.26917662037e-05,0.000236872194687,0.00115184524586,1.78965172993e-05,4.26917662037e-05,2.80100678062e-05,4.26917662037e-05,0.309312388471,0.379747499007,0.309306711363
600,0.0668445922459,0.0592080456193,0.0946236587535,0.0118710524756,0.0985000541324,0.0955837057681,0.0977612951051,0.0417457205716,0.103890448124,0.0775348577861,0.0248505302801,0.227586039139,1,0.1,30,15,3,4,20,0.000125957445262,8.26406798364e-05,0.000125957445262,0.0314490289888,0.0017743579356,0.000172841283157,0.000125957445262,8.26406798364e-05,0.000125957445262,0.299264375771,0.367411401796,0.299258883084
601,0.131460584292,0.0211315233271,0.0114670323679,0.0546364700266,0.024417519622,0.00415716383717,0.06212537483,0.0128424633875,0.21033850953,0.0402679512327,0.41423005892,0.0129253486276,1,0.1,30,15,3,4,20,1.27804530897e-05,8.38525527216e-06,1.27804530897e-05,3.29042866837e-05,1.63457084033e-05,0.000408009715941,1.27804530897e-05,8.38525527216e-06,1.27804530897e-05,0.309655744493,0.38016904239,0.309650061083
602,0.0448083737187,0.0351467929553,0.0736826921593,0.0825977539718,0.0948803852666,0.00322188788301,0.0724336491415,0.0748763233091,0.21424076351,0.0444397196855,0.156867380065,0.102804278334,1,0.1,30,15,3,4,20,0.000236134376973,0.000154927764732,0.000236134376973,0.00707575627977,0.00183832738427,0.000752567494976,0.000236134376973,0.000154927764732,0.000236134376973,0.306434905336,0.376214769427,0.306429281041
603,0.217715923882,0.0186309646224,0.010348983458,0.00326362026313,0.0996913540687,0.0194289429151,0.28913883154,0.0451201850482,0.152154339952,0.0169247613013,0.0157011127464,0.111880980203,1,0.1,30,15,3,4,20,0.000156563436338,0.000102721270581,0.000156563436338,0.10194560523,0.00479557766952,0.0099524309833,0.000156563436338,0.000102721270581,0.000156563436338,0.273406937285,0.335665833362,0.273401919184
604,0.00182840503355,0.258382922233,0.0464137933272,0.0144507139481,0.071730459323,0.0406923852495,0.302567773131,0.152332753318,0.013372657744,0.00290631775285,0.00218331501754,0.093138503922,1,0.1,30,15,3,4,20,0.000731560964333,0.000479977148699,0.000731560964333,0.0204543163546,0.00241382558107,0.0213120692373,0.000731560964333,0.000479977148699,0.000731560964333,0.294926586024,0.362085831696,0.294921172953
605,0.0814949356454,0.111809247704,0.010093960937,0.0820234252225,0.114526494037,0.0660836927855,0.215430942814,0.127527648483,0.00992823294844,0.0566669607313,0.0109162531041,0.113498205587,1,0.1,30,15,3,4,20,8.62760065386e-05,5.660568789e-05,8.62760065386e-05,0.0936766602621,0.000160677022197,0.00758411274363,8.62760065386e-05,5.660568789e-05,8.62760065386e-05,0.278254215647,0.341616910343,0.27824910858
606,0.063440080322,0.165832608586,0.0837715131583,0.0155229268711,0.00673173088232,0.000326957938345,0.307132134442,0.00495167685719,0.0139558015295,0.0545577809336,0.25694351165,0.0268332768298,1,0.1,30,15,3,4,20,0.000163886294011,0.0001075257975,0.000163886294011,0.00662852893571,0.00136324839419,0.00197692952289,0.000163886294011,0.0001075257975,0.000163886294011,0.306460230073,0.37624586099,0.306454605313
607,0.01166779084,0.0622414918814,0.153469805667,0.0616575216787,0.150233723456,0.14090523117,0.0288060040925,0.0282698450034,0.0488456305583,0.179094910762,0.087001127186,0.047806917704,1,0.1,30,15,3,4,20,0.000128720642387,8.44536134703e-05,0.000128720642387,0.00496023941157,0.00408313459815,0.000123068820792,0.000128720642387,8.44536134703e-05,0.000128720642387,0.306766662512,0.376622072732,0.306761032128
608,0.144569442145,0.243678131188,0.0253936247917,0.106240409751,0.0299899849883,0.024788261782,0.0263546334498,0.107553598996,0.000469787126339,0.0823670905711,0.164041467798,0.0445535674125,1,0.1,30,15,3,4,20,4.57304781507e-05,3.00037667147e-05,4.57304781507e-05,0.00160793676824,0.0025403915203,0.000763897601627,4.57304781507e-05,3.00037667147e-05,4.57304781507e-05,0.308221284064,0.378407933618,0.308215626982
609,0.267968984343,0.150141298329,0.0364235655324,0.0676808558405,0.0221623194827,0.159923165437,0.0266266656465,0.00681060463544,0.110622286003,0.0664898180506,0.0189651163455,0.0661853203539,1,0.1,30,15,3,4,20,0.000794093385289,0.000521004670088,0.000794093385289,0.0230189844539,0.0106765458713,0.000310058541742,0.000794093385289,0.000521004670088,0.000794093385289,0.297975954743,0.365829587806,0.297970485703
610,0.0886196888289,0.219915329695,0.0261737597905,0.0371464305944,0.0876820472548,0.040678209705,0.0770637801091,0.152292087924,0.0243056983596,0.119355123801,0.100921931737,0.025845912201,1,0.1,30,15,3,4,20,6.41731741156e-05,4.21040195372e-05,6.41731741156e-05,0.0208198795291,0.000537717455866,0.00829173482401,6.41731741156e-05,4.21040195372e-05,6.41731741156e-05,0.30052691903,0.368961445256,0.30052140317
611,0.0595738783022,0.00848707230679,0.0322203247691,0.0467497168416,0.137335039866,0.250629597952,0.0450404760554,0.0489266991938,0.139444825425,0.0371915210105,0.148366798957,0.0460340493211,1,0.1,30,15,3,4,20,0.000195863542452,0.000128506070203,0.000195863542452,0.00134974067319,0.000830094048842,0.00125146986674,0.000195863542452,0.000128506070203,0.000195863542452,0.308433009168,0.378667871733,0.3084273482
612,0.0490870059756,0.169713964887,0.00437848540605,0.0439445134059,0.180482783792,0.0330575351217,0.103842832393,0.125992648276,0.121845224591,0.0781168052328,0.0625771991931,0.0269610017255,1,0.1,30,15,3,4,20,0.000130279385531,8.54763048469e-05,0.000130279385531,0.0119684568158,0.000310808295033,0.0152925708824,0.000130279385531,8.54763048469e-05,0.000130279385531,0.301061766793,0.369618085946,0.301056241116
613,0.0818897179721,0.0145940010535,0.10148606471,0.0389792951806,0.0247048359331,0.0468203924566,0.119420955975,0.273144072778,0.0410617709491,0.0571411787425,0.150523197705,0.0502345165446,1,0.1,30,15,3,4,20,4.64170810215e-05,3.04542468582e-05,4.64170810215e-05,0.0321765570785,0.0022710246759,0.000753189479266,4.64170810215e-05,3.04542468582e-05,4.64170810215e-05,0.298836203982,0.366885728813,0.298830719154
614,0.0084303052963,0.0335113791701,0.00538181715943,0.0736191635026,0.218406313216,0.30517422922,0.00611171196427,0.00606728011818,0.233674491301,0.0287034543482,0.0720416488432,0.00887820586043,1,0.1,30,15,3,4,20,0.00111391190151,0.000730837598581,0.00111391190151,0.0215343769988,0.0114970879416,0.00475859204991,0.00111391190151,0.000730837598581,0.00111391190151,0.296277093782,0.363743870502,0.296271655923
615,0.116937897488,0.0173694211303,0.0972710633467,0.033402844317,0.0487678937949,0.0465594670678,0.123975270066,0.061395025712,0.0306408526091,0.240501558003,0.15621271106,0.0269659954057,1,0.1,30,15,3,4,20,1.14311096139e-05,7.49995101768e-06,1.14311096139e-05,0.0156916721092,0.000899014510574,7.87076040177e-05,1.14311096139e-05,7.49995101768e-06,1.14311096139e-05,0.304635146941,0.374005178817,0.304629555679
616,0.298915033309,0.128545243308,0.0715858868841,0.0088131356315,0.266579120887,0.00122358260335,0.0179074851973,0.00817181893459,0.00849510101197,0.0866121696478,0.0510929840591,0.0520584385259,1,0.1,30,15,3,4,20,0.00012843562931,8.42666163905e-05,0.00012843562931,0.000300153763963,0.00204467281211,0.000376112086962,0.00012843562931,8.42666163905e-05,0.00012843562931,0.308764067678,0.379074317274,0.308758400634
617,0.00269248755004,0.113310929599,0.196156672712,0.107044089703,0.0731224473532,0.0913584245401,0.0589831735492,0.115140659324,0.0451726775253,0.0367448083873,0.030015867826,0.130257761931,1,0.1,30,15,3,4,20,0.000149033719055,9.77810230717e-05,0.000149033719055,0.0831903553224,0.000503133043583,0.00158391412693,0.000149033719055,9.77810230717e-05,0.000149033719055,0.283152651627,0.347630794305,0.283147454654
618,0.0739144096734,0.0700144105867,0.139842731261,0.101021547833,0.00852709645843,0.0177885446703,0.00476120450582,0.200123758,0.0890101217677,0.0846011599996,0.0679650671225,0.142429948121,1,0.1,30,15,3,4,20,9.96559211358e-05,6.53842498572e-05,9.96559211358e-05,0.0128005732089,0.000256207153372,0.00260005261934,9.96559211358e-05,6.53842498572e-05,9.96559211358e-05,0.304803655148,0.374212058893,0.304798060793
619,0.127863945021,0.0200918738695,0.0319961768997,0.080405634425,0.0138837234771,0.0253589830808,0.0397328128646,0.0704487935328,0.422172029783,0.086393660375,0.0644625915383,0.0171897751334,1,0.1,30,15,3,4,20,0.000247264894126,0.000162230497036,0.000247264894126,0.00393792142572,0.00500228877105,0.00170016315497,0.000247264894126,0.000162230497036,0.000247264894126,0.306114909438,0.375821905623,0.306109291017
620,0.00656109337346,0.060570482431,0.012689039361,0.0514587443227,0.0646289553637,0.0118917700357,0.0712698328698,0.0643736044779,0.263399891976,0.139708766768,0.0728352962125,0.180612522809,1,0.1,30,15,3,4,20,3.09421442139e-05,2.03011408187e-05,3.09421442139e-05,0.00114318502,0.00148633405287,0.000557887879581,3.09421442139e-05,2.03011408187e-05,3.09421442139e-05,0.308780003687,0.379093882153,0.30877433635
621,0.113662615232,0.0475863748538,0.00882206291926,0.162937840923,0.030753953409,0.0311671440118,0.0596370820136,0.120178844835,0.0314521433342,0.0474384863525,0.295043822417,0.0513196296979,1,0.1,30,15,3,4,20,5.5523222377e-05,3.64287862015e-05,5.5523222377e-05,0.000416054142109,0.000579195125898,7.43389295975e-05,5.5523222377e-05,3.64287862015e-05,5.5523222377e-05,0.309395687033,0.379849765912,0.309390008396
622,0.229874184677,0.194021943499,0.00520961617135,0.0272736163655,0.00497128225449,0.0563090010394,0.174846885046,0.223213359419,0.0383931377231,0.00425287935993,0.0414152837137,0.000218810732149,1,0.1,30,15,3,4,20,0.00445157145423,0.00292067603112,0.00445157145423,0.156968779746,0.0273558166244,0.0218356888248,0.00445157145423,0.00292067603112,0.00445157145423,0.23861971261,0.292957031322,0.238615332993
623,0.0132693570251,0.138665949493,0.0856167998275,0.0232580439056,0.0850219054885,0.0244823332067,0.0481901431953,0.211064743098,0.0640159604958,0.223867262485,0.028534905744,0.0540125960363,1,0.1,30,15,3,4,20,5.73060358976e-05,3.75984901524e-05,5.73060358976e-05,0.000145062680102,0.00022430936798,0.000205647431559,5.73060358976e-05,3.75984901524e-05,5.73060358976e-05,0.309545979359,0.380034282074,0.309540297964
624,0.23076323725,0.0630610960922,0.0818735882112,0.123092191404,0.0855983428823,0.0282872057204,0.0513104824264,0.0589081205465,0.143100824079,0.0170617625657,0.0864467515392,0.0304963972835,1,0.1,30,15,3,4,20,0.000560659900379,0.000367848960639,0.000560659900379,0.00217927902857,0.00164294111199,0.000310931659386,0.000560659900379,0.000367848960639,0.000560659900379,0.307615175708,0.37766380522,0.30760952975
625,0.0495599612426,0.0991220836335,0.131004501608,0.0407804304363,0.0506012979179,0.215131986933,0.0776480913923,0.073131679521,0.094496661589,0.11967836093,0.0163643371559,0.0324806076395,1,0.1,30,15,3,4,20,0.000492210633347,0.000322939396539,0.000492210633347,0.0128925354675,0.004442932562,0.00478663218934,0.000492210633347,0.000322939396539,0.000492210633347,0.302154522663,0.370959678861,0.30214897693
626,0.149263802912,0.0364138826994,0.133659372388,0.015310808425,0.00940867707541,0.0176257578209,0.0198976442172,0.079015127617,0.212546721421,0.0399247127123,0.283126772098,0.00380672061339,1,0.1,30,15,3,4,20,1.48109785206e-06,9.71748300735e-07,1.48109785206e-06,2.18133012602e-05,1.44806846807e-05,1.93197233018e-05,1.48109785206e-06,9.71748300735e-07,1.48109785206e-06,0.30979877851,0.380344647417,0.309793092475
627,0.0295387968504,0.0667728243401,0.243029396082,0.0817326707042,0.0468889060435,0.183212214625,0.0328080415669,0.122300198919,0.0256523802727,0.00118143588861,0.0497482351772,0.11713489953,1,0.1,30,15,3,4,20,0.00014296821721,9.38014473114e-05,0.00014296821721,0.00214698144515,0.00433915360151,0.00273823392592,0.00014296821721,9.38014473114e-05,0.00014296821721,0.306725267016,0.376571250856,0.306719637392
628,0.090544231696,0.0528659497948,0.27502350948,0.153745381553,0.0729835617426,0.0262590581711,0.0173046408427,0.0219265429862,0.165522807196,0.100971392822,0.0185759553878,0.00427696832736,1,0.1,30,15,3,4,20,4.49863237207e-05,2.95155269932e-05,4.49863237207e-05,0.155608266332,0.00523568452995,0.000428832586515,4.49863237207e-05,2.95155269932e-05,4.49863237207e-05,0.259779123804,0.318934760571,0.259774355828
629,0.0274012667592,0.048687868864,0.0154497564402,0.0410183147147,0.02987736764,0.173019991709,0.0390554395476,0.106335887925,0.0776074509669,0.137263802717,0.26279430403,0.0414885486862,1,0.1,30,15,3,4,20,0.000109337911557,7.17366037725e-05,0.000109337911557,0.0259864236081,0.00129272333268,0.000156500941575,0.000109337911557,7.17366037725e-05,0.000109337911557,0.301138426227,0.369712201894,0.301132899144
630,0.0505400446987,0.016874183785,0.072089956205,0.264019815463,0.0233355505783,0.123102352685,0.0212085621128,0.0234299333749,0.0862011078197,0.0248917750695,0.173058657252,0.121248060956,1,0.1,30,15,3,4,20,2.82639431332e-05,1.85439730897e-05,2.82639431332e-05,8.28176180681e-05,9.86439969528e-05,0.0010214151692,2.82639431332e-05,1.85439730897e-05,2.82639431332e-05,0.30939925557,0.379854147059,0.309393576868
631,0.000298917041354,0.0203719364911,0.000208894982193,0.0856995482051,0.105229278575,0.105290277881,0.146680893747,0.0807694064055,0.23056413397,0.0480068787299,0.0768290293429,0.100050804629,1,0.1,30,15,3,4,20,0.000488479897873,0.000320491660994,0.000488479897873,0.0163869536409,0.00227352410627,0.0042825839769,0.000488479897873,0.000320491660994,0.000488479897873,0.301906313755,0.370654949029,0.301900772578
632,0.0619265524194,0.213082813947,0.237365868578,0.100823066632,0.0262093585826,0.0445303328673,0.0820231113118,0.025274267584,0.140327176347,0.00783826920151,0.0566263768002,0.00397280572954,1,0.1,30,15,3,4,20,0.00146440114023,0.000960793588105,0.00146440114023,0.0832903701586,0.0275874085555,0.010810178209,0.00146440114023,0.000960793588105,0.00146440114023,0.269707135438,0.331123530658,0.269702185243
633,0.187950685542,0.0540858779782,0.38824559375,0.016965662761,0.0455170031177,0.00544891735819,0.00200950887958,0.0297650040366,0.0452914113895,0.131021316731,0.0185812800748,0.0751177383806,1,0.1,30,15,3,4,20,0.000265851141317,0.000174424933818,0.000265851141317,0.00270067660792,0.00114931382215,0.000508489685333,0.000265851141317,0.000174424933818,0.000265851141317,0.308030566269,0.378173786496,0.308024912687
634,0.018068601246,0.0745089246388,0.0586492036974,0.193388128608,0.0231381987684,0.01554125433,0.0108102915249,0.0694598236053,0.00623376490793,0.173764647106,0.0736695255817,0.282767635986,1,0.1,30,15,3,4,20,4.43219975985e-06,2.90796626244e-06,4.43219975985e-06,2.9982038405e-05,9.1895637372e-06,0.000502363470258,4.43219975985e-06,2.90796626244e-06,4.43219975985e-06,0.309643374133,0.380153855112,0.30963769095
635,0.00303066302075,0.0480950222233,0.0423782455488,0.0798297055649,0.0369435904194,0.125192206383,0.00713345833399,0.00351785095188,0.216156642602,0.0172900543059,0.365371077262,0.0550614833836,1,0.1,30,15,3,4,20,6.76347191203e-05,4.43751392148e-05,6.76347191203e-05,0.00620779477729,0.00154886613963,0.00114393625195,6.76347191203e-05,4.43751392148e-05,6.76347191203e-05,0.306949562687,0.376846622044,0.306943928946
636,0.306653759369,0.00397334539724,0.136186470814,0.130561216668,0.0139990362308,0.0882071275797,0.0935099634308,0.0849655091966,0.0542696760465,0.0345409418075,0.0171780965947,0.035954856865,1,0.1,30,15,3,4,20,0.000726520037799,0.0004766697968,0.000726520037799,0.000248890824146,0.00686792647623,0.000610344596067,0.000726520037799,0.0004766697968,0.000726520037799,0.306228709558,0.375961619752,0.306223089048
637,0.120442077413,0.196469580426,0.0310590458486,0.0257939613072,0.0282091054271,0.000334422994281,0.0113544796827,0.120103239551,0.0275119295264,0.19188613856,0.0976055860167,0.149230433248,1,0.1,30,15,3,4,20,1.91474255095e-05,1.25626258768e-05,1.91474255095e-05,0.0196759871541,0.000303800681976,0.000921715574742,1.91474255095e-05,1.25626258768e-05,1.91474255095e-05,0.3033112618,0.372379825,0.303305694836
638,0.200936479418,0.0727578691701,0.118728285842,0.00546766260217,0.0703152640684,0.0954878143686,0.107507450489,0.0215468608539,0.00253132378727,0.00456027512331,0.0596729041882,0.240487810089,1,0.1,30,15,3,4,20,2.96405947545e-05,1.94471942185e-05,2.96405947545e-05,0.000251038972132,0.00110762533793,0.000696434346578,2.96405947545e-05,1.94471942185e-05,2.96405947545e-05,0.309132955796,0.379527206798,0.309127281982
639,0.179259873989,0.109402681991,0.089042481619,0.104613885026,0.0121198237765,0.0971846257816,0.013806116918,0.143430149768,0.0174818470266,0.150238887885,0.0206788442177,0.0627407820008,1,0.1,30,15,3,4,20,4.58788742322e-06,3.01011293837e-06,4.58788742322e-06,0.0355260458594,3.73002924806e-06,0.00372721846787,4.58788742322e-06,3.01011293837e-06,4.58788742322e-06,0.297648354457,0.36542738798,0.297642891431
640,0.134036918454,0.0374416107731,0.0682833848355,0.0592612109779,0.0124140757551,0.138336697084,0.0976373952452,0.00348420937233,0.164821973601,0.216785384463,0.0671171754567,0.000379963981829,1,0.1,30,15,3,4,20,5.04890064997e-05,3.31258371644e-05,5.04890064997e-05,0.00377802506809,0.00171375543688,0.00335546865407,5.04890064997e-05,3.31258371644e-05,5.04890064997e-05,0.306994309599,0.376901558505,0.306988675037
641,0.0236058043027,0.173139322024,0.0567957665001,0.105787790676,0.191557109164,0.195676975268,0.114711917085,0.0131368584679,0.0347484298329,0.0419700882115,0.0460366440916,0.00283329437632,1,0.1,30,15,3,4,20,4.14941283805e-05,2.72242976304e-05,4.14941283805e-05,2.57420890413e-05,0.000471505450416,0.00181589362413,4.14941283805e-05,2.72242976304e-05,4.14941283805e-05,0.309033500714,0.379405104289,0.309027828725
642,0.154327523556,0.0252365197483,0.125866295471,0.0236837376199,0.0745746854565,0.0287872640981,0.0517363603496,0.227993524894,0.0558366243462,0.0273203081253,0.17712275063,0.0275144057054,1,0.1,30,15,3,4,20,0.000297655641721,0.000195291866533,0.000297655641721,0.0168165784739,0.00458803471894,0.00137206774599,0.000297655641721,0.000195291866533,0.000297655641721,0.302271923501,0.371103813646,0.302266375614
643,0.082616733699,0.164100660632,0.122878498159,0.0597239069388,0.0587721868311,0.0357796655161,0.313031873446,0.0053198320845,0.0942967212876,0.0220269069102,0.00568678762565,0.0357662268704,1,0.1,30,15,3,4,20,0.000631640941511,0.000414419621725,0.000631640941511,0.00856051804139,0.0484146871432,0.000555199460944,0.000631640941511,0.000414419621725,0.000631640941511,0.290954899952,0.357209732616,0.290949559777
644,0.0415636284571,0.0723136756847,0.0193127276618,0.0566733361653,0.313509411873,0.223572306303,0.00856843912075,0.0295094349028,0.029976641248,0.0199435515562,0.134859189746,0.0501976572809,1,0.1,30,15,3,4,20,0.000228693659488,0.00015004590999,0.000228693659488,0.00389525163634,0.00476097970563,0.000501373320647,0.000228693659488,0.00015004590999,0.000228693659488,0.306604863394,0.376423429506,0.306599235979
645,0.253410638846,0.0923399175707,0.0122277500854,0.0293654903803,0.022715873785,0.161892409484,0.0367144840272,0.00585025176756,0.0572692825112,0.100436166434,0.216651307276,0.0111264278325,1,0.1,30,15,3,4,20,0.000173916879583,0.000114106864695,0.000173916879583,0.00158311872862,0.000575306413885,0.000126266930822,0.000173916879583,0.000114106864695,0.000173916879583,0.308824371079,0.379148352672,0.308818702928
646,0.168309863662,0.0430496566967,0.00143864543097,0.012860515279,0.0837380217715,0.243898682107,0.004882703244,0.111404847549,0.0162781465073,0.220756209375,0.0432304809419,0.0501522274353,1,0.1,30,15,3,4,20,0.000282063492687,0.000185061857552,0.000282063492687,0.0148755617895,0.00297022969336,0.00128578484419,0.000282063492687,0.000185061857552,0.000282063492687,0.303426905981,0.372521803111,0.303421336895
647,0.0372172157412,0.0980744735283,0.00980197981614,0.193999439842,0.111206116852,0.0474819294041,0.12661045791,0.172477850625,0.0287104953655,0.0147808825352,0.117431957251,0.0422072011308,1,0.1,30,15,3,4,20,7.687569621e-05,5.04381442834e-05,7.687569621e-05,5.26911024739e-05,0.000467598707146,0.00370706520713,7.687569621e-05,5.04381442834e-05,7.687569621e-05,0.308382210347,0.378605505251,0.308376550312
648,0.0582332131275,0.0802653876336,0.0216704967192,0.0256851328275,0.091312906006,0.0147070923464,0.0897387866454,0.210329775448,0.325879677255,0.0159754136191,0.0238164290922,0.0423856892804,1,0.1,30,15,3,4,20,0.0015084317236,0.000989682053851,0.0015084317236,0.010132239386,0.00513878084223,0.013280690584,0.0015084317236,0.000989682053851,0.0015084317236,0.298489996194,0.366460684273,0.298484517719
649,0.0352339442051,0.172538034779,0.0866048375122,0.0306098149276,0.0787516439396,0.0440129727433,0.0682495774267,0.0185190583699,0.164690663496,0.110961803263,0.082726198524,0.107101450813,1,0.1,30,15,3,4,20,6.36294380151e-05,4.17472742817e-05,6.36294380151e-05,0.0324780365721,0.000382162648929,0.000737609381081,6.36294380151e-05,4.17472742817e-05,6.36294380151e-05,0.299304502975,0.367460666571,0.299299009551
650,0.137452686799,0.123313942202,0.00976550931271,0.0423304022995,0.186462527615,0.00625933571767,0.0158999806399,0.157922075617,0.0172369921571,0.120971494352,0.171852865203,0.0105321880839,1,0.1,30,15,3,4,20,8.54159114305e-06,5.60413794895e-06,8.54159114305e-06,5.84234018551e-07,1.02773654489e-05,4.67499173017e-06,8.54159114305e-06,5.60413794895e-06,8.54159114305e-06,0.309799574857,0.380345625104,0.309793888807
651,0.110149516093,0.027468352699,0.101966133582,0.154512649215,0.0804641460833,0.0928597505241,0.0779202472912,0.0926568309882,0.0852533635121,0.0854992627209,0.072576548674,0.0186731986184,1,0.1,30,15,3,4,20,0.000235999786977,0.000154839460236,0.000235999786977,0.00123146473986,0.00278629147153,0.000798294042443,0.000235999786977,0.000154839460236,0.000235999786977,0.307937932482,0.378060058595,0.307932280601
652,0.201453262477,0.0395231193788,0.0427574957768,0.1996531121,0.00181074356118,0.0297271666404,0.0835946441189,0.0345501844616,0.165902962423,0.0877931980503,0.034191406189,0.0790427048241,1,0.1,30,15,3,4,20,0.000866179766348,0.000568300544701,0.000866179766348,0.0215277904747,0.000692665403729,0.00341896580413,0.000866179766348,0.000568300544701,0.000866179766348,0.30044930663,0.368866159338,0.300443792195
653,0.036024569933,0.0412191085523,0.00622653670139,0.0634390429928,0.0482597579735,0.233119168905,0.103579009808,0.106160273228,0.157854231076,0.0362529199679,0.0434855551802,0.124379825682,1,0.1,30,15,3,4,20,0.000204172638783,0.000133957668306,0.000204172638783,0.000759730572068,0.000500083276684,0.000251486649228,0.000204172638783,0.000133957668306,0.000204172638783,0.309014186596,0.379381392053,0.309008514961
654,0.365048913733,0.0538292527975,0.0702350246993,0.0811411303302,0.000240148609869,0.00099826521595,0.0218832801232,0.0725146226715,0.200139401941,0.0697351907892,0.0614393786293,0.00279539046074,1,0.1,30,15,3,4,20,0.000265059589298,0.000173905596539,0.000265059589298,0.010461903515,0.000386132803614,0.0171068302812,0.000265059589298,0.000173905596539,0.000265059589298,0.30072127322,0.369200056836,0.300715753793
655,0.210425307447,0.0749511341344,0.103673654901,0.0858279773769,0.00946342409708,0.0926093103451,0.0280792813388,0.0425534008364,0.0927027743768,0.181947891028,0.0719457868785,0.0058200572409,1,0.1,30,15,3,4,20,2.34910398015e-05,1.54124712137e-05,2.34910398015e-05,0.0571744080503,0.000648819492958,0.0059155555472,2.34910398015e-05,1.54124712137e-05,2.34910398015e-05,0.29003233357,0.356077083911,0.290027010327
656,0.0163292990306,0.0578979501456,0.29544618716,0.0864634300184,0.0305732642581,0.0473370060168,0.00747806135438,0.0984426031974,0.0897158548752,0.0969921903396,0.121600903513,0.0517232500907,1,0.1,30,15,3,4,20,0.000182367177581,0.000119651105211,0.000182367177581,0.0120087209434,0.00300645233696,0.00335076691435,0.000182367177581,0.000119651105211,0.000182367177581,0.303828196123,0.37301447309,0.303822619672
657,0.124096450632,0.14795798264,0.0532684370471,0.00850065005354,0.18552491513,0.0324370741139,0.1134008691,0.103961908383,0.076461608254,0.000494692407578,0.0769533309497,0.0769420812882,1,0.1,30,15,3,4,20,0.000320816951403,0.000210488001816,0.000320816951403,0.0615290146719,0.00451527475779,0.0055718856973,0.000320816951403,0.000210488001816,0.000320816951403,0.287102428005,0.352479994521,0.287097158538
658,0.110070808426,0.00697247995858,0.0193253870627,0.0850413808288,0.201744750853,0.0259262216141,0.0496774600091,0.0818360999445,0.0124507443048,0.377036124328,0.0251293648403,0.00478917782939,1,0.1,30,15,3,4,20,2.86303385231e-05,1.8784365105e-05,2.86303385231e-05,0.000663162068716,0.00113581197069,0.000388139717998,2.86303385231e-05,1.8784365105e-05,2.86303385231e-05,0.30909371778,0.379479033692,0.309088044686
659,0.121430925553,0.00134246769669,0.00494977868134,0.0486871981687,0.101765688563,0.159705368523,0.00113517811376,0.184563896393,0.16319039423,0.0571417854549,0.110403632963,0.0456836856591,1,0.1,30,15,3,4,20,0.000113694905428,7.45952274515e-05,0.000113694905428,0.000306827795901,0.000470029114995,0.000430858623601,0.000113694905428,7.45952274515e-05,0.000113694905428,0.309257152659,0.379679685165,0.309251476565
660,0.0212670552088,0.45822721399,0.0513294595414,0.0584485348701,0.0671644957791,0.0862428450587,0.0786253674277,0.011031732265,0.0117588645754,0.0968468635759,0.0164155203732,0.0426420473351,1,0.1,30,15,3,4,20,0.000243740158108,0.000159917917734,0.000243740158108,0.0144667711183,0.013735510077,0.00227260801366,0.000243740158108,0.000159917917734,0.000243740158108,0.299975611625,0.368284596814,0.299970105884
661,0.027517245644,0.181705788348,0.0809586679951,0.079045510482,0.0205428026909,0.0474166204939,0.0142806776283,0.140581834997,0.30439531412,0.0203360517897,0.0728437090756,0.010375776735,1,0.1,30,15,3,4,20,0.000770023269853,0.00050521226735,0.000770023269853,0.00640599376236,0.00130357049159,0.0116592879544,0.000770023269853,0.00050521226735,0.000770023269853,0.302550300771,0.371445581632,0.302544747774
662,0.0745672952318,0.201483898173,0.010206674792,0.0513711745889,0.122683949655,0.166013115405,0.0558591820849,0.0877014036641,0.0932953496554,0.01026181568,0.115322904998,0.0112332360718,1,0.1,30,15,3,4,20,3.54247165447e-06,2.3242156525e-06,3.54247165447e-06,1.40033607894e-05,7.6728026314e-05,2.09262330574e-05,3.54247165447e-06,2.3242156525e-06,3.54247165447e-06,0.309778022428,0.38031916486,0.309772336774
663,0.16634557698,0.0939638787824,0.0520751932022,0.103142442205,0.159646010913,0.0238794246045,0.00332252689195,0.106683539611,0.0591622027619,0.103117342486,0.0696949021259,0.0589669594359,1,0.1,30,15,3,4,20,0.000155403148331,0.00010196000562,0.000155403148331,0.0474048626335,0.000315645610209,0.000902391564034,0.000155403148331,0.00010196000562,0.000155403148331,0.294498409779,0.361560153242,0.294493004567
664,0.203001365986,0.16622132012,0.0267685983819,0.1657171485,0.0165733991313,0.0839747855018,0.011286231897,0.0913836052027,0.00979235857361,0.0876714485776,0.0819920592877,0.0556176788398,1,0.1,30,15,3,4,20,3.51874486209e-05,2.30864850402e-05,3.51874486209e-05,0.084309437475,0.000211388139473,0.00355014894418,3.51874486209e-05,2.30864850402e-05,3.51874486209e-05,0.28247452166,0.346798243884,0.282469337133
665,0.126520152259,0.00248656413578,0.135575951883,0.0280573060165,0.340009602296,0.0141701191657,0.0160087239134,0.0379205101494,0.0673562839265,0.0983221467135,0.057194008923,0.0763786306177,1,0.1,30,15,3,4,20,0.000460338648681,0.0003020281874,0.000460338648681,0.0450976403389,0.00033917803336,0.00477455259514,0.000460338648681,0.0003020281874,0.000460338648681,0.293504403914,0.360339797203,0.293499016946
666,0.0176966281461,0.0569947531341,0.18848177912,0.0440210334175,0.0881828912355,0.0541758613744,0.0538907919942,0.138626526132,0.241294186828,0.0277380087926,0.0242235165364,0.0646740232894,1,0.1,30,15,3,4,20,0.000178990801633,0.000117435864951,0.000178990801633,0.00174157453013,0.00193040727034,0.0112540793347,0.000178990801633,0.000117435864951,0.000178990801633,0.304899491008,0.374329718027,0.304893894894
667,0.0249679424123,0.106016640996,0.00102427577166,0.141491462876,0.016586549532,0.0908596858495,0.205182230211,0.0950642046315,0.0396746423164,0.0798080549466,0.158998346286,0.0403259641718,1,0.1,30,15,3,4,20,7.80716424822e-05,5.12228046326e-05,7.80716424822e-05,0.000417530623688,0.000134026778778,0.00138875820543,7.80716424822e-05,5.12228046326e-05,7.80716424822e-05,0.309088809034,0.379473007149,0.30908313603
668,0.109550077325,0.0214772827484,0.132370339799,0.118910251642,0.0474583973949,0.0691231415544,0.0291834487655,0.0507693876384,0.0922974088229,0.128843168378,0.161950452104,0.0380666438274,1,0.1,30,15,3,4,20,0.000224425273082,0.000147245421669,0.000224425273082,0.0145168637464,0.00179452540192,0.00148113315997,0.000224425273082,0.000147245421669,0.000224425273082,0.30393663161,0.373147600977,0.303931053169
669,0.0842026676463,0.0304993941226,0.0811462840091,0.0612443760903,0.173063311565,0.155911300698,0.0551789282255,0.134007921152,0.00854584191035,0.0533802503255,0.0124678835761,0.150351840679,1,0.1,30,15,3,4,20,7.76628130798e-05,5.09545716617e-05,7.76628130798e-05,0.014671082801,0.00048737222104,0.00844535926983,7.76628130798e-05,5.09545716617e-05,7.76628130798e-05,0.302377730389,0.371233714363,0.30237218056
670,0.11629469719,0.0194557682463,0.158098916395,0.0641161884136,0.0142832753589,0.0178459528305,0.203139980652,0.200153842404,0.0789064356033,0.0041002749776,0.122639909224,0.000964758704324,1,0.1,30,15,3,4,20,0.000684029278191,0.000448791609421,0.000684029278191,0.0976947275586,0.00399321686717,0.012338089681,0.000684029278191,0.000448791609421,0.000684029278191,0.273365290167,0.335614702564,0.273360272831
671,0.0771474400623,0.0020301064426,0.0198744781296,0.0706161336998,0.185859186202,0.0411374155392,0.0538178643112,0.235801608859,0.172497867918,0.0553472285267,0.0429655530792,0.0429051172303,1,0.1,30,15,3,4,20,6.88316887378e-05,4.51604709809e-05,6.88316887378e-05,0.138342993169,0.00457877815516,0.000311669896239,6.88316887378e-05,4.51604709809e-05,6.88316887378e-05,0.265328799665,0.325748181588,0.26532392983
672,0.0155755217789,0.0301773729375,0.0339248513145,0.00257914725232,0.0494925263177,0.0885193751738,0.0323715130651,0.186619010814,0.188758953355,0.114887410967,0.0288466942176,0.228247622807,1,0.1,30,15,3,4,20,4.58985282835e-05,3.01140244068e-05,4.58985282835e-05,0.000407848486735,0.000483189084942,0.000487315792599,4.58985282835e-05,3.01140244068e-05,4.58985282835e-05,0.309315866379,0.379751768887,0.309310189207
673,0.0654371029013,0.0296445590084,0.147095631231,0.121295270243,0.213115997785,0.0278708368915,0.150108843152,0.0347800900698,0.010837758198,0.173954327449,0.0124039659067,0.0134556171644,1,0.1,30,15,3,4,20,0.00016385761998,0.000107506984469,0.00016385761998,0.00059372452241,0.00130455000741,0.000239432092125,0.00016385761998,0.000107506984469,0.00016385761998,0.308886465589,0.379224587041,0.308880796299
674,0.0134306549378,0.0767709474716,0.150562908926,0.0305444799071,0.0382589966016,0.104046889314,0.00685730258467,0.0227988858711,0.306066224996,0.046483792089,0.133291043799,0.0708878735021,1,0.1,30,15,3,4,20,0.000354812115651,0.000232792229079,0.000354812115651,0.0539758889194,0.00142571939693,0.00053090721975,0.000354812115651,0.000232792229079,0.000354812115651,0.291905565213,0.35837687874,0.29190020759
675,0.108131532043,0.17206430957,0.00623279887683,0.0710952979646,0.0129501093031,0.10859831202,0.0377844979133,0.0479185338021,0.107429056678,0.00391334884131,0.277977720791,0.0459044821965,1,0.1,30,15,3,4,20,0.000259402737951,0.000170194136369,0.000259402737951,0.0242091092622,0.000135944478302,0.000865873960794,0.000259402737951,0.000170194136369,0.000259402737951,0.301580706252,0.370255195771,0.301575171051
676,0.0294684948877,0.171893570192,0.0277564439256,0.0112786299018,0.144272629116,0.139143736569,0.0275895986349,0.0566608160296,0.258433319379,0.0527609284139,0.067039848186,0.0137019847635,1,0.1,30,15,3,4,20,0.000288342531469,0.000189181534897,0.000288342531469,0.067287667721,0.000682705415297,0.0130400087193,0.000288342531469,0.000189181534897,0.000288342531469,0.284245376442,0.348972349093,0.284240159413
677,0.0909602492441,0.121748308289,0.00825970424532,0.144218548476,0.0757042711925,0.0263240040894,0.00929252958349,0.0440917837936,0.121960329464,0.19884773115,0.0146085931749,0.143983947297,1,0.1,30,15,3,4,20,0.000103610190546,6.79786460171e-05,0.000103610190546,0.0255021889153,0.000264768696197,0.00250658885285,0.000103610190546,6.79786460171e-05,0.000103610190546,0.300888256574,0.369405064826,0.300882734082
678,0.061322999543,0.00184221486086,0.00132563777211,0.0805121424835,0.0627564806528,0.122515969779,0.0504717749112,0.0962069777542,0.0662216100294,0.0741273992033,0.353068914708,0.0296278783028,1,0.1,30,15,3,4,20,3.45043921659e-05,2.26383317e-05,3.45043921659e-05,0.00642560554107,0.00262982692595,0.00029950395153,3.45043921659e-05,2.26383317e-05,3.45043921659e-05,0.30686332648,0.376740748548,0.306857694322
679,0.0792741081628,0.0471479880257,0.110932089075,0.164477554559,0.0153346871715,0.195430788187,0.0157863486735,0.0485509546921,0.107273354747,0.0319538851676,0.107413330972,0.0764249105666,1,0.1,30,15,3,4,20,0.000187159659837,0.000122795452819,0.000187159659837,0.00109744538415,0.000924727868466,0.00126064009459,0.000187159659837,0.000122795452819,0.000187159659837,0.308493339497,0.37874194019,0.308487677422
680,0.305609207755,0.0249302344242,0.0784127522949,0.087951984878,0.182928084936,0.00364969674294,0.133164519395,0.013597329867,0.0354617332956,0.0301620311273,0.0790240550396,0.0251083702447,1,0.1,30,15,3,4,20,0.000606066036624,0.000397639926629,0.000606066036624,0.00837013735777,0.000451607698205,0.00948109635074,0.000606066036624,0.000397639926629,0.000606066036624,0.303150414273,0.372182350058,0.303144850262
681,0.0293117907143,0.0146764678222,0.0970442861813,0.103750303638,0.156792518861,0.0267844941801,0.0680367762416,0.133164489599,0.0879945004085,0.0124003545572,0.0322378373813,0.237806180416,1,0.1,30,15,3,4,20,6.77703135309e-05,4.44641027076e-05,6.77703135309e-05,0.000285570164626,0.000393625626563,0.000856808277598,6.77703135309e-05,4.44641027076e-05,6.77703135309e-05,0.309231026315,0.379647609457,0.3092253507
682,0.010815452944,0.0113705144038,0.112696162506,0.0639263862318,0.0270360656906,0.00386650587823,0.168202423996,0.0284604041896,0.0109297912794,0.0801855800826,0.381353840872,0.101156871926,1,0.1,30,15,3,4,20,1.88169284395e-05,1.23457867492e-05,1.88169284395e-05,0.00129031477254,0.000614036058941,0.0006547425112,1.88169284395e-05,1.23457867492e-05,1.88169284395e-05,0.308994622726,0.379357373194,0.30898895145
683,0.172319074346,0.0672260044572,0.188892280437,0.0838908427599,0.0446994080192,0.0829916651866,0.125724512091,0.0420952947602,0.0665290714683,0.0151816153542,0.106115243835,0.00433498728656,1,0.1,30,15,3,4,20,0.000926155121164,0.000607650374995,0.000926155121164,0.00793683932314,0.00330034872577,0.00340800224435,0.000926155121164,0.000607650374995,0.000926155121164,0.303756813825,0.372926835963,0.303751238684
684,0.0310900618049,0.262823396225,0.00705410981852,0.109290351326,0.00931672668227,0.128425938172,0.0519130534802,0.0820998189679,0.0462631795661,0.0347814709875,0.090323914682,0.146617978287,1,0.1,30,15,3,4,20,1.25835587385e-05,8.25607288831e-06,1.25835587385e-05,0.00113101903315,0.000294253527576,0.00417632337377,1.25835587385e-05,8.25607288831e-06,1.25835587385e-05,0.308062258289,0.378212695269,0.308056604126
685,0.0937111242131,0.112139518176,0.128064589943,0.00871042159975,0.0183931889709,0.170006694916,0.0611725412108,0.198673734259,0.0213535383576,0.0598097579159,0.0323236211963,0.0956412692414,1,0.1,30,15,3,4,20,3.38730841278e-05,2.22241304962e-05,3.38730841278e-05,0.00894400467055,4.37767747466e-05,0.0106992048095,3.38730841278e-05,2.22241304962e-05,3.38730841278e-05,0.30366330587,0.372812034832,0.303657732446
686,0.0930673561312,0.0116461786144,0.0707745221514,0.159746983148,0.048547585391,0.119032290346,0.0533309396356,0.0353147263561,0.185969458509,0.00930397088457,0.0896540488812,0.123611939952,1,0.1,30,15,3,4,20,0.000107031227308,7.02231882368e-05,0.000107031227308,0.0533075114424,0.00110774065643,0.00773186013956,0.000107031227308,7.02231882368e-05,0.000107031227308,0.290387970653,0.356513704939,0.290382640883
687,0.111117817809,0.00482912222522,0.0206343792049,0.20204739441,0.0309169319155,0.105459810536,0.0763872952796,0.0895588338384,0.0667196830807,0.0151204485679,0.187824812425,0.0893834707072,1,0.1,30,15,3,4,20,0.000138637836641,9.09602846204e-05,0.000138637836641,0.0441703422483,0.000110854299842,0.00275546781358,0.000138637836641,9.09602846204e-05,0.000138637836641,0.295017447425,0.362197383612,0.295012032686
688,0.0799058566577,0.0205617125724,0.0402154405375,0.0689268634789,0.187916876675,0.0126731006658,0.0633033827943,0.0448776483779,0.128511512193,0.220484209426,0.0294007722363,0.103222624385,1,0.1,30,15,3,4,20,0.000108515396718,7.11969517864e-05,0.000108515396718,0.0113728851686,0.000112010294153,0.00359233258118,0.000108515396718,7.11969517864e-05,0.000108515396718,0.304968646369,0.374414621111,0.304963048986
689,0.189687889661,0.0900729935082,0.0264015914036,0.0125870611328,0.0497053471999,0.0106859108351,0.186795817681,0.0586256159958,8.56595779675e-05,0.132378999349,0.0766891649548,0.166283948701,1,0.1,30,15,3,4,20,4.06342336859e-05,2.66601207213e-05,4.06342336859e-05,0.000484319646951,0.000474776045561,0.000734648048754,4.06342336859e-05,2.66601207213e-05,4.06342336859e-05,0.309226816691,0.379642441238,0.309221141154
690,0.0621983584338,0.0492339175539,0.0742905161931,0.111666491378,0.0723239397756,0.124348580462,0.0344720237973,0.00381531764194,0.0290604246727,0.00716047928617,0.30703213904,0.124397811766,1,0.1,30,15,3,4,20,1.03921288707e-05,6.81827575206e-06,1.03921288707e-05,0.00207469978748,0.000136787614813,0.00261034782645,1.03921288707e-05,6.81827575206e-06,1.03921288707e-05,0.308307449233,0.378513719901,0.30830179057
691,0.0249283444988,0.0724954066146,0.0327602540716,0.0874865637382,0.0140954931942,0.00552909914186,0.208487618358,0.0298414952625,0.0437995595647,0.152082998331,0.135009324062,0.193483843162,1,0.1,30,15,3,4,20,1.4309359916e-05,9.38837104086e-06,1.4309359916e-05,0.000163398837935,0.000542382720979,0.000109989643401,1.4309359916e-05,9.38837104086e-06,1.4309359916e-05,0.309542154718,0.380029586505,0.309536473393
692,0.127424054699,0.0106248001864,0.0465897873657,0.0398045025651,0.125082608251,0.0181149073475,0.10802948375,0.0307736180002,0.0948062505744,0.00184680370625,0.0264926664656,0.370410517089,1,0.1,30,15,3,4,20,5.37297443177e-05,3.52520852468e-05,5.37297443177e-05,0.00205915233496,0.0013002976268,0.000289633393578,5.37297443177e-05,3.52520852468e-05,5.37297443177e-05,0.308599463589,0.378872230343,0.308593799566
693,0.0814662796981,0.019306959463,0.0123012397331,0.0613323846156,0.0277242219677,0.252250368633,0.217198280427,0.108771292514,0.0218579235217,0.0447337909377,0.00481517027538,0.148242088213,1,0.1,30,15,3,4,20,0.000529040788719,0.000347103661479,0.000529040788719,0.00733505421961,0.00319128304287,0.00117870147903,0.000529040788719,0.000347103661479,0.000529040788719,0.305321304749,0.374847585139,0.305315700893
694,0.0390651587663,0.000415130673887,0.0109376587557,0.0296250358014,0.199923534081,0.155917275812,0.0400548962681,0.126182860713,0.0521472096068,0.0861155417723,0.177618274957,0.0819974227918,1,0.1,30,15,3,4,20,0.000192063616786,0.000126012938973,0.000192063616786,0.00253224258121,0.000886757649541,0.000303401297462,0.000192063616786,0.000126012938973,0.000192063616786,0.308349075951,0.378564825652,0.308343416524
695,0.00199114841956,0.0886054617286,0.0510368196688,0.0712491144954,0.0108057733231,0.338883349232,0.0797995352978,0.157925623302,0.087677908779,0.0402111700602,0.0390588908961,0.0327552047981,1,0.1,30,15,3,4,20,0.000456521893251,0.000299524014162,0.000456521893251,0.0359801538657,0.0215671821252,0.00325075262511,0.000456521893251,0.000299524014162,0.000456521893251,0.290230725184,0.356320652298,0.290225398301
696,0.0322743385973,0.0352229778989,0.316864900664,0.0698854111081,0.0553597808757,0.169031459023,0.0333177942414,0.0665579847806,0.0112628075796,0.0376982147471,0.0820069015648,0.09051742892,1,0.1,30,15,3,4,20,0.000332367652794,0.000218066416998,0.000332367652794,0.0135504850408,0.00712010526652,0.0011878643703,0.000332367652794,0.000218066416998,0.000332367652794,0.302499277298,0.371382939342,0.302493725237
697,0.0947062613545,0.0623083579729,0.0674109834058,0.0341635096831,0.0219046685192,0.159164544423,0.155151746403,0.00624842650973,0.228729137428,0.0326230419122,0.0795168479323,0.0580724744569,1,0.1,30,15,3,4,20,0.000498741410916,0.000327224239702,0.000498741410916,0.00840028354841,0.00350874020342,0.000140761436867,0.000498741410916,0.000327224239702,0.000498741410916,0.305264363188,0.374777677123,0.305258760377
698,0.172529441764,0.00576169334808,0.144564228342,0.0062874554515,0.0993878958386,0.00654297812999,0.0696121730713,0.0743486899809,0.0211523507454,0.118550962839,0.121473417714,0.159788712775,1,0.1,30,15,3,4,20,5.57614425385e-05,3.65850824495e-05,5.57614425385e-05,0.0247303845697,0.000157971780339,0.00169232886546,5.57614425385e-05,3.65850824495e-05,5.57614425385e-05,0.301491486525,0.370145659363,0.301485952962
699,0.150909955291,0.0351356283106,0.0057381845784,0.0925746273211,0.121763043061,0.127525848862,0.147360536938,0.0565025609883,0.0489455944774,0.17890796435,0.0199565389586,0.0146795168636,1,0.1,30,15,3,4,20,0.000154495406643,0.000101364436299,0.000154495406643,0.00394529595507,0.00519519222043,0.000269294625925,0.000154495406643,0.000101364436299,0.000154495406643,0.306648850741,0.376477433439,0.30664322252
700,0.117276356053,0.0465016159228,0.0294381989871,0.0362235357841,0.000247720474819,0.0124061121521,0.250237815439,0.0501857800343,0.130867615374,0.0493686987934,0.27115520073,0.00609135025663,1,0.1,30,15,3,4,20,7.9628053634e-05,5.22439659893e-05,7.9628053634e-05,0.0041015420646,0.00185184172481,5.46739123249e-05,7.9628053634e-05,5.22439659893e-05,7.9628053634e-05,0.30782598593,0.377922620119,0.307820336103
701,0.221932049377,0.0849025827399,0.0108885406055,0.0255383403541,0.0339536201803,0.0207754819883,0.364763837785,0.0525309245496,0.00761870595862,0.00775817183825,0.118718433933,0.0506193106901,1,0.1,30,15,3,4,20,0.000425267583783,0.00027901806172,0.000425267583783,0.0305403161574,0.000634546351514,0.0131041422393,0.000425267583783,0.00027901806172,0.000425267583783,0.295400080973,0.362667148609,0.295394659211
702,0.0251913624645,0.0405728767635,0.208768590243,0.297827593839,0.0270532129083,0.211596990254,0.0386937805189,0.0502112618791,0.0158735081343,0.0220792329164,0.038494109475,0.0236374806044,1,0.1,30,15,3,4,20,0.000144951320327,9.51025612668e-05,0.000144951320327,0.0132630701895,0.0249214812384,0.00880736804556,0.000144951320327,9.51025612668e-05,0.000144951320327,0.295020919374,0.362201646177,0.295015504571
703,0.0269854992829,0.0852059384433,0.0716594348071,0.000727620037837,0.0185889005279,0.078485330123,0.0877638010151,0.181608731006,0.0316465658125,0.0659933878261,0.275921269734,0.0754135213844,1,0.1,30,15,3,4,20,1.99774345074e-05,1.31071947803e-05,1.99774345074e-05,3.60918214298e-05,1.50620964347e-05,0.000378106586488,1.99774345074e-05,1.31071947803e-05,1.99774345074e-05,0.309652574245,0.380165150229,0.309646890894
704,0.0377934208498,0.101406154518,0.128643331393,0.0220243983952,0.270223295827,0.086872112581,0.0919311117784,0.00470112775897,0.1223200367,0.0124305865741,0.00211934576132,0.119535077863,1,0.1,30,15,3,4,20,0.000282275999996,0.000185201283597,0.000282275999996,0.0394282934129,0.00102907739756,0.0126809533066,0.000282275999996,0.000185201283597,0.000282275999996,0.29289063847,0.359586268081,0.292885262766
705,0.0517218890281,0.0842482012498,0.175418354427,0.0476982731681,0.186796948675,0.062579720191,0.055604615792,0.0286483364256,0.0318733434627,0.105616111181,0.130775303231,0.0390189031685,1,0.1,30,15,3,4,20,7.81898180346e-05,5.13003396125e-05,7.81898180346e-05,0.000218780698411,0.000302983673514,0.000207951387622,7.81898180346e-05,5.13003396125e-05,7.81898180346e-05,0.309463680703,0.379933242769,0.309458000818
706,0.11181498141,0.00974207373272,0.0691553482518,0.086748860353,0.151225214071,0.0716752689825,0.0060797515284,0.105299986584,0.0585554150948,0.072861999587,0.0502633563836,0.206577744021,1,0.1,30,15,3,4,20,3.84108621853e-05,2.52013666798e-05,3.84108621853e-05,0.00161239700413,7.19301706565e-05,0.00306903034338,3.84108621853e-05,2.52013666798e-05,3.84108621853e-05,0.308282551168,0.37848315217,0.308276892962
707,0.31457138154,0.0293488004668,0.020344480597,0.0315807535816,0.0483792448815,0.0506176367057,0.0260027400586,0.209150663513,0.153328521235,0.0385801057102,0.00271958626038,0.0753760854498,1,0.1,30,15,3,4,20,0.000574989609187,0.000377250682588,0.000574989609187,0.000951515880117,0.000631755337505,0.00115031595577,0.000574989609187,0.000377250682588,0.000574989609187,0.308025202559,0.378167201389,0.308019549076
708,0.0287780404329,0.0402086552247,0.115193243567,0.0388573273314,0.0593151388068,0.156276342875,0.0145533713591,0.067354950008,0.0104659467636,0.0823111299804,0.373064196076,0.0136216575754,1,0.1,30,15,3,4,20,0.000146024096698,9.58064098436e-05,0.000146024096698,0.0035318605427,0.00034842556286,0.000653296861519,0.000146024096698,9.58064098436e-05,0.000146024096698,0.308173529628,0.378349304775,0.308167873423
709,0.0236756575266,0.0532837795449,0.00248064784844,0.0874650762914,0.00110155338217,0.244000954799,0.0323521262671,0.211916717866,0.187374910942,0.00609377391847,0.120997051186,0.0292577504278,1,0.1,30,15,3,4,20,0.000428242313961,0.00028096978219,0.000428242313961,0.00361582008069,0.00230680419587,0.00101514299347,0.000428242313961,0.00028096978219,0.000428242313961,0.306964189288,0.376864579343,0.306958555279
710,0.0233402125503,0.0378758434539,0.0548740625858,0.205046851956,0.0402354696747,0.111505287184,0.112783946821,0.0993220917413,0.0888394911132,0.0899513297393,0.0136798678719,0.122545545308,1,0.1,30,15,3,4,20,0.000163347793883,0.000107172487567,0.000163347793883,0.00401616934673,0.00225076009213,0.00309741274809,0.000163347793883,0.000107172487567,0.000163347793883,0.306648359667,0.37647683054,0.306642731455
711,0.0407308320735,0.0353307274342,0.472149062988,0.0388057450741,0.145928149772,0.0506993141928,0.0073166697328,0.074036685793,0.0193392099819,0.0434703067623,0.0374527891288,0.034740507066,1,0.1,30,15,3,4,20,0.00149340815044,0.000979825087504,0.00149340815044,0.0814452144459,0.00615145246292,0.00754660039732,0.00149340815044,0.000979825087504,0.00149340815044,0.277883429686,0.341161690808,0.277878329424
712,0.140126563557,0.146319834628,0.0129662403593,0.0108039956321,0.027149077811,0.21769717418,0.0132604233843,0.0988057593946,0.0181195304289,0.0186579057556,0.0316934307511,0.264400064118,1,0.1,30,15,3,4,20,2.77889183376e-05,1.82323093213e-05,2.77889183376e-05,0.00980430832244,0.00017648978513,0.00672234855382,2.77889183376e-05,1.82323093213e-05,2.77889183376e-05,0.304597767844,0.373959287934,0.304592177268
713,0.0660096459426,0.11340659721,0.0187417962517,0.103319387351,0.149020125979,0.05215824637,0.0224541976143,0.0528965824106,0.126825347463,0.0340416103291,0.0541811805343,0.206945282544,1,0.1,30,15,3,4,20,8.82896728701e-05,5.79268543701e-05,8.82896728701e-05,0.000941425120521,0.000937053790281,0.000773393013547,8.82896728701e-05,5.79268543701e-05,8.82896728701e-05,0.308851538748,0.379181706829,0.308845870098
714,0.0186265371337,0.05061796907,0.128177793562,0.136881747718,0.0483577474438,0.15990913621,0.0114659969943,0.01334178288,0.000592784121387,0.107534900292,0.113302344552,0.211191260023,1,0.1,30,15,3,4,20,0.000119640733145,7.84962850164e-05,0.000119640733145,0.00412425171182,0.0018967960394,0.000556179094925,0.000119640733145,7.84962850164e-05,0.000119640733145,0.30758379326,0.377625276513,0.307578147878
715,0.0722699810066,0.0836422434441,0.182207937942,0.093352886141,0.0691237214171,0.00870709928083,0.0673836985619,0.00493753993995,0.0884571282073,0.0169286429636,0.151392039082,0.161597082014,1,0.1,30,15,3,4,20,2.97970145683e-05,1.95498212583e-05,2.97970145683e-05,0.000136893678226,0.00133071493199,7.73272394061e-05,2.97970145683e-05,1.95498212583e-05,2.97970145683e-05,0.309290756206,0.379720940748,0.309285079495
716,0.0370655175093,0.0716426092614,0.0202529626695,0.00836750989435,0.0330635075966,0.0183166893194,0.081900237208,0.174359762659,0.0619713875736,0.159066451043,0.00573397497957,0.328259390286,1,0.1,30,15,3,4,20,8.15260062008e-05,5.34892126683e-05,8.15260062008e-05,0.0118175451489,0.00021168678519,0.000945016651476,8.15260062008e-05,5.34892126683e-05,8.15260062008e-05,0.30566460781,0.375269063501,0.305658997653
717,0.0164247635369,0.181806145986,0.00231157854836,0.00350256785071,0.0170652111548,0.119113921146,0.119731414934,0.293810200779,0.00175110218714,0.0142942073395,0.0600549929646,0.170133893574,1,0.1,30,15,3,4,20,6.14213523689e-06,4.02985492893e-06,6.14213523689e-06,1.93397228407e-05,5.66439435802e-05,0.000520399395726,6.14213523689e-06,4.02985492893e-06,6.14213523689e-06,0.309623566973,0.380129537561,0.309617884153
718,0.241622048618,0.0739404516211,0.164124279548,0.0608781577454,0.135804228787,4.36009762949e-05,0.0143716732749,0.11567919674,0.0452925338516,0.0623862266071,0.0149099359487,0.0709476662823,1,0.1,30,15,3,4,20,0.000484317854335,0.000317760944229,0.000484317854335,0.0572945393188,0.0080598732901,0.00054029872792,0.000484317854335,0.000317760944229,0.000484317854335,0.288605950371,0.354325891678,0.288600653308
719,0.120033000285,0.051013104272,0.00597586315388,0.0680975632605,0.0234647209415,0.0543712958717,0.116534193307,0.178266124199,0.0862972783093,0.0825273601251,0.148689227257,0.064730269018,1,0.1,30,15,3,4,20,3.7230013953e-08,2.44266121545e-08,3.7230013953e-08,4.55743336453e-07,1.093757164e-06,4.78651033301e-08,3.7230013953e-08,2.44266121545e-08,3.7230013953e-08,0.309817890113,0.380368111021,0.309812203727
720,0.0731254227112,0.0660297983198,0.0680296382429,0.040486194248,0.0588868138551,0.0950047333138,0.0819690765786,0.235204142954,0.189701749987,0.0204322222369,0.0302861114954,0.0408440960572,1,0.1,30,15,3,4,20,0.000616626057576,0.000404568356375,0.000616626057576,0.000223071851117,0.0016163130337,0.00813966629517,0.000616626057576,0.000404568356375,0.000616626057576,0.305711898161,0.37532712258,0.305706287136
721,0.0146843036266,0.0527350108423,0.27024862452,0.0351036557211,0.0232926859876,0.0379018010802,0.14601924902,0.0903994612373,0.22566327467,0.0510726044047,0.031281902114,0.0215974267758,1,0.1,30,15,3,4,20,0.000598754654611,0.00039284292889,0.000598754654611,0.0321315208123,0.01578323525,0.00156641967582,0.000598754654611,0.00039284292889,0.000598754654611,0.293502824374,0.360337857977,0.293497437434
722,0.111107269122,0.0377933786693,0.0598753661603,0.0890614082752,0.209781480317,0.020523396444,0.0388111501789,0.0203937949785,0.0501353384967,0.0130136655791,0.318814465216,0.0306892865624,1,0.1,30,15,3,4,20,0.000134936785125,8.85320247202e-05,0.000134936785125,0.00233287528887,0.000350435360535,0.00178418910365,0.000134936785125,8.85320247202e-05,0.000134936785125,0.308212251119,0.378396843735,0.308206594203
723,0.234218643153,0.0556530751102,0.0397361908529,0.102353001784,0.23988916182,0.00607116745452,0.0713023338454,0.0767313887351,0.00934760553312,0.0902021113066,0.0200933198732,0.0544020005314,1,0.1,30,15,3,4,20,0.000186977550465,0.00012267597086,0.000186977550465,0.0394172139065,0.00243813842112,0.00812549028334,0.000186977550465,0.00012267597086,0.000186977550465,0.294025728345,0.360979835093,0.294020331807
724,0.0746944645718,0.173861737354,0.108182330935,0.0703512990569,0.119865281573,0.0984008263468,0.0220023462761,0.0454369781248,0.0716720870625,0.148973191344,0.0635581333453,0.00300132400995,1,0.1,30,15,3,4,20,0.000339838498558,0.000222968038904,0.000339838498558,0.0249034990571,0.00739383939511,0.00228825674027,0.000339838498558,0.000222968038904,0.000339838498558,0.298543878749,0.366526836701,0.298538399286
725,0.0415082426676,0.0874566050478,0.0366761684357,0.0129644594553,0.0801259266013,0.0174244974039,0.337184981168,0.0785971571378,0.109839595657,0.0561206440317,0.047508975457,0.0945927469364,1,0.1,30,15,3,4,20,1.36942404754e-05,8.9847911759e-06,1.36942404754e-05,0.0716921456318,2.09614612384e-05,0.00119532816605,1.36942404754e-05,8.9847911759e-06,1.36942404754e-05,0.287207529926,0.35260902974,0.28720225853
726,0.251188949304,0.117345294621,0.0969248014043,0.0962304879163,0.107900988489,0.0381599071472,0.00177716131505,0.0427713194915,0.0393705279879,0.0670520835487,0.00411937291848,0.137159105856,1,0.1,30,15,3,4,20,5.90841698015e-05,3.87651238068e-05,5.90841698015e-05,0.0621848504366,0.000216720403466,0.00330014972024,5.90841698015e-05,3.87651238068e-05,5.90841698015e-05,0.289365599535,0.355258524449,0.289360288529
727,0.0359110787785,0.0682986263286,0.0356257449473,0.049297064883,0.010509316614,0.259842118247,0.181996616602,0.0531474300233,0.0198961162593,0.0360762523985,0.0615369596937,0.187862675224,1,0.1,30,15,3,4,20,8.81179146697e-05,5.78141638148e-05,8.81179146697e-05,0.00119419340831,0.000685010866883,0.00176497119554,8.81179146697e-05,5.78141638148e-05,8.81179146697e-05,0.308544387487,0.37880461258,0.308538724475
728,0.0466748209423,0.125605800729,0.071128705678,0.0142547202002,0.14684643705,0.053928045226,0.0162005408149,0.0576803669509,0.00839921975137,0.233344688604,0.182040244202,0.0438964098519,1,0.1,30,15,3,4,20,0.000130023683935,8.53085390296e-05,0.000130023683935,0.0183584902054,0.000370309883258,0.0008547942419,0.000130023683935,8.53085390296e-05,0.000130023683935,0.303537092251,0.372657080462,0.303531521143
729,0.0171847823943,0.0165853157319,0.0921770480185,0.154319882948,0.139841139148,0.00351373901173,0.0338261513325,0.0464465437043,0.178009652298,0.0774012409981,0.123643028685,0.117051475729,1,0.1,30,15,3,4,20,6.27729753603e-05,4.11853491339e-05,6.27729753603e-05,0.0362378573916,0.00228118813883,0.00150036111413,6.27729753603e-05,4.11853491339e-05,6.27729753603e-05,0.297316383028,0.365019821633,0.297310926094
730,0.0563340872293,0.0855476845839,0.0816062187166,0.0409794101715,0.00976632853792,0.0596448103975,0.225291527404,0.14184069597,0.104655907199,0.152797295412,0.0328079915018,0.00872804287601,1,0.1,30,15,3,4,20,0.000119235966525,7.82307176368e-05,0.000119235966525,0.0203285000791,0.000190598967219,0.0111454359647,0.000119235966525,7.82307176368e-05,0.000119235966525,0.299811948595,0.368083665236,0.299806445857
731,0.152429225592,0.120114542492,0.104986010185,0.0240818545772,0.00880384749354,0.0727719179885,0.150719341893,0.0109583759341,0.0299912124441,0.0497453546765,0.256659112596,0.0187392041286,1,0.1,30,15,3,4,20,1.71946082607e-05,1.12813824799e-05,1.71946082607e-05,0.00775793146593,5.89802142704e-05,0.00214247336128,1.71946082607e-05,1.12813824799e-05,1.71946082607e-05,0.306704545893,0.376545811219,0.306698916649
732,0.000660328555579,0.0118976904615,0.098177008919,0.404066546223,0.0492294322626,0.0697299110446,0.0408175717109,0.0240751939461,0.0273036232762,0.216664207892,0.00670558243792,0.0506729032704,1,0.1,30,15,3,4,20,6.85004415814e-05,4.49431397215e-05,6.85004415814e-05,0.0005195026322,6.3033515919e-05,0.00325124177477,6.85004415814e-05,4.49431397215e-05,6.85004415814e-05,0.308517931932,0.378772132694,0.308512269405
733,0.0192811996976,0.0955009125042,0.172353148875,0.159114032393,0.00271027974379,0.0189783369961,0.155284526037,0.0393071467702,0.109361590948,0.0566726735051,0.0618154772098,0.10962067532,1,0.1,30,15,3,4,20,0.000326082531995,0.000213942749242,0.000326082531995,0.0496818970527,0.00125303742625,0.00317473965911,0.000326082531995,0.000213942749242,0.000326082531995,0.292517598756,0.35912828158,0.292512229899
734,0.193083317346,0.0401468828991,0.000700758357855,0.145882939338,0.138728285033,0.0366793712951,0.0560451872118,0.139602665648,0.0148205767811,0.139024653048,0.0516285599644,0.0436568030771,1,0.1,30,15,3,4,20,0.000307095931722,0.000201485640803,0.000307095931722,0.0181881763467,0.00109602294107,0.00563492297834,0.000307095931722,0.000201485640803,0.000307095931722,0.301592618663,0.370269820819,0.301587083243
735,0.0277786091437,0.327167116729,0.00641360894993,0.0576183783455,0.0362876096778,0.0108219144422,0.0180467179415,0.0943434450917,0.179664139452,0.00398847085789,0.0164997652882,0.22137022408,1,0.1,30,15,3,4,20,8.03524658728e-05,5.27192528592e-05,8.03524658728e-05,0.056402167346,0.00295830347303,0.000171914911482,8.03524658728e-05,5.27192528592e-05,8.03524658728e-05,0.291241969531,0.357562172282,0.291236624087
736,0.0831870950501,0.0489621556785,0.0557266439795,0.0561085860219,0.0984164235326,0.0843328859803,0.123486519459,0.11955968654,0.0309718494898,0.0926760530383,0.0451384711482,0.161433630082,1,0.1,30,15,3,4,20,1.15089359959e-05,7.5510129069e-06,1.15089359959e-05,0.000293467294707,0.00115713672881,0.00112123807228,1.15089359959e-05,7.5510129069e-06,1.15089359959e-05,0.309002700549,0.37936729046,0.308997029125
737,0.0186995013697,0.126950045628,0.0804882068352,0.00126743507394,0.0975279982426,0.114544180223,0.238642121252,0.132224841397,0.0714274336627,0.0236855272025,0.0522556843192,0.0422870247942,1,0.1,30,15,3,4,20,0.0012322617808,0.000808486954381,0.0012322617808,0.0137718766687,0.0023526784738,0.004969667571,0.0012322617808,0.000808486954381,0.0012322617808,0.301254988908,0.369855307661,0.301249459685
738,0.210689121102,0.0453084805691,0.129070784049,0.0473645250507,0.0731328482534,0.00468139972538,0.245697363643,0.0885059586038,0.0313601766524,0.0331011707821,0.00323420124012,0.0878539703284,1,0.1,30,15,3,4,20,0.000178157652157,0.00011688923558,0.000178157652157,0.171919060489,0.000219633176292,0.00210815163925,0.000178157652157,0.00011688923558,0.000178157652157,0.255540344408,0.313730746977,0.25553565423
739,0.0912003668368,0.0309988553987,0.166167026743,0.146362794686,0.099043725723,0.0166697893279,0.0503000911367,0.274984301574,0.0278030372029,0.0486535113971,0.0297080606227,0.0181084393526,1,0.1,30,15,3,4,20,1.74385405707e-05,1.14414264685e-05,1.74385405707e-05,0.0224002187822,0.000572404739491,0.00076845876073,1.74385405707e-05,1.14414264685e-05,1.74385405707e-05,0.302434320398,0.371303190774,0.30242876953
740,0.456850761605,0.0611947289665,0.00604600747738,0.0188854512289,0.00182842067749,0.0178463194366,0.00801211513599,0.120187489566,0.144182042524,0.0258219526337,0.0105383442592,0.128606366489,1,0.1,30,15,3,4,20,0.000151768748326,9.95754757765e-05,0.000151768748326,0.00227263582759,0.00498811227285,0.0027810942626,0.000151768748326,9.95754757765e-05,0.000151768748326,0.306457514612,0.376242527178,0.306451889902
741,0.0526110570954,0.0185796520558,0.0439768122709,0.230463269842,0.0515537334727,0.0968735250372,0.0426079950499,0.0459029628082,0.301774136969,0.0412762548767,0.0453693764886,0.0290112240339,1,0.1,30,15,3,4,20,0.000786221488187,0.000515839918399,0.000786221488187,0.0172043436719,0.00134197489458,0.0154037631489,0.000786221488187,0.000515839918399,0.000786221488187,0.298006107588,0.365866606911,0.298000637995
742,0.0395630315973,0.245003892788,0.0242113651412,0.160019387262,0.0581775658105,0.228556332784,0.0300580784652,0.0985812500653,0.00424064870734,0.0143375778295,0.0356854478673,0.0615654216817,1,0.1,30,15,3,4,20,0.000437819031133,0.000287253066326,0.000437819031133,0.0378321506063,0.00484610628101,0.0142053745627,0.000437819031133,0.000287253066326,0.000437819031133,0.29147427772,0.35784738056,0.291468928012
743,0.0825381939366,0.038147163078,0.0803718951493,0.125892517805,0.0893505692535,0.230753359722,0.0546070438857,0.0040215877756,0.140959263517,0.0129512392891,0.00653228807997,0.13387487851,1,0.1,30,15,3,4,20,4.7782807424e-05,3.13502999509e-05,4.7782807424e-05,0.000644029299889,0.00858213099475,6.60546245886e-05,4.7782807424e-05,3.13502999509e-05,4.7782807424e-05,0.306860904908,0.376737775548,0.306855272795
744,0.141695426847,0.023571082226,0.155398464199,0.19392853305,0.0679285930352,0.124689125564,0.0574261209225,0.0347493674059,0.0249256236415,0.0123672815026,0.0125599969403,0.150760384666,1,0.1,30,15,3,4,20,0.000510099204868,0.000334676088314,0.000510099204868,0.043701309054,0.00205263444629,0.0108777151788,0.000510099204868,0.000334676088314,0.000510099204868,0.291433383554,0.357797174174,0.291428034597
745,0.100998535145,0.00387771600106,0.344039637792,0.0160204599039,0.0853188330086,0.0215188715491,0.0790206130783,0.121514236616,0.00503635152806,0.015486323414,0.091851893155,0.11531652881,1,0.1,30,15,3,4,20,5.59955925115e-05,3.67387082468e-05,5.59955925115e-05,0.0724726538001,0.000603319829998,0.00162441077187,5.59955925115e-05,3.67387082468e-05,5.59955925115e-05,0.286582730719,0.351841954301,0.286577470791
746,0.0532148621158,0.0500275573121,0.237716040357,0.00426420364143,0.0934608687557,0.0474716917207,0.115111491941,0.0121276911989,0.222512799867,0.0108784175454,0.110461349704,0.0427530258403,1,0.1,30,15,3,4,20,0.000858991135536,0.000563584084025,0.000858991135536,0.048016663961,0.00337499563718,0.0042318047413,0.000858991135536,0.000563584084025,0.000858991135536,0.291171528295,0.357475690511,0.291166184144
747,0.239372684072,0.0804885239401,0.148028302262,0.066504213205,0.141107922494,0.046548992033,0.0190581298622,0.0325996455448,0.00372483277842,0.0556525492868,0.0768636582354,0.0900505462867,1,0.1,30,15,3,4,20,2.2026549218e-05,1.44516189419e-05,2.2026549218e-05,0.0681657712383,0.00722692160664,0.000284370379361,2.2026549218e-05,1.44516189419e-05,2.2026549218e-05,0.286336044452,0.351539093838,0.286330789051
748,0.0210788223057,0.164841824402,0.0713447735831,0.0722686893949,0.136198028627,0.150212406592,0.00891503984667,0.206038661966,0.0335431030059,0.0393311807389,0.079820806684,0.0164066628544,1,0.1,30,15,3,4,20,0.00015094600855,9.90356762094e-05,0.00015094600855,0.000199149043081,0.00527446194733,0.000417223556616,0.00015094600855,9.90356762094e-05,0.00015094600855,0.307744927484,0.377823103438,0.307739279145
749,0.0197575437874,0.0447441726568,0.05641243342,0.200963523802,0.052658035719,0.113637293521,0.256911820107,0.0542807521079,0.0217939909765,0.144987629262,0.0076813997543,0.0261714048857,1,0.1,30,15,3,4,20,0.000614970365047,0.000403482056507,0.000614970365047,0.0195474747774,0.00620155433775,0.00124336710587,0.000614970365047,0.000403482056507,0.000614970365047,0.300443575002,0.368859122532,0.300438060672
750,0.103461285447,0.0211561298625,0.10301979876,0.0635817993437,0.238439031472,0.00740289158923,0.0995016598786,0.114167740634,0.0517177246214,0.00392591683334,0.153615035104,0.0400109864539,1,0.1,30,15,3,4,20,0.000153795384454,0.00010090515174,0.000153795384454,0.0640966615532,0.0009844438294,0.00694295298453,0.000153795384454,0.00010090515174,0.000153795384454,0.287250945279,0.352662331426,0.287245673086
751,0.0213159832843,0.133782832797,0.02646195132,0.0793796225774,0.0629216987051,0.0348337942347,0.0340195434003,0.204852883037,0.0112571627911,0.0180763974309,0.251033458433,0.122064671989,1,0.1,30,15,3,4,20,7.70579671387e-05,5.05577322397e-05,7.70579671387e-05,0.016500681846,0.000246532576054,0.00107411369969,7.70579671387e-05,5.05577322397e-05,7.70579671387e-05,0.304170246736,0.373434413802,0.304164664007
752,0.095534804597,0.339943960223,0.00106597894704,0.206317925529,0.087373693181,0.0197925198449,0.0175775008841,0.0171327056328,0.040073725722,0.0338771413139,0.0924272629674,0.0488827811579,1,0.1,30,15,3,4,20,0.000369445731859,0.000242393344673,0.000369445731859,0.0087445015713,0.00433982784528,0.00366841237803,0.000369445731859,0.000242393344673,0.000369445731859,0.304020097577,0.373250073408,0.304014517604
753,0.259742891747,0.00298597326208,0.00310607363415,0.153540630989,0.0498501676818,0.0787282581829,0.0908911560748,0.0577326835007,0.0742209078666,0.185694364221,0.0406266947194,0.00288019812132,1,0.1,30,15,3,4,20,0.000151716972897,9.9541505918e-05,0.000151716972897,0.00762156523677,0.00621321954981,0.000903226442417,0.000151716972897,9.9541505918e-05,0.000151716972897,0.305002640083,0.374456355708,0.304997042076
754,0.0513641626935,0.0393760014839,0.0434263475043,0.226326841392,0.0297435908864,0.167416597066,0.0980895517167,0.0896750305934,0.0260465673078,0.1282663864,0.0393133570615,0.0609555658938,1,0.1,30,15,3,4,20,5.40022089325e-05,3.54308492806e-05,5.40022089325e-05,0.00250285936341,0.00411837381891,0.00148803596315,5.40022089325e-05,3.54308492806e-05,5.40022089325e-05,0.30721716733,0.377175164313,0.307211528678
755,0.0400919577536,0.213333150612,0.0270252543898,0.00314010522846,0.0523977583157,0.0441992045185,0.264149876523,0.147069150753,0.110888789043,0.061137898657,0.0230700096149,0.0134968445906,1,0.1,30,15,3,4,20,0.000103829544534,6.81225641686e-05,0.000103829544534,0.118929929616,0.000276476956706,0.0200411675244,0.000103829544534,6.81225641686e-05,0.000103829544534,0.266506094738,0.327193564562,0.266501203296
756,0.053149513853,0.0261344997733,0.132701871181,0.0190139058305,0.155903899276,0.040232216113,0.108327573664,0.0704873872123,0.00384889723372,0.0213349536682,0.355617123498,0.0132481586979,1,0.1,30,15,3,4,20,1.95400414386e-05,1.28202211878e-05,1.95400414386e-05,0.00698918859786,2.62515169087e-05,0.000192055584776,1.95400414386e-05,1.28202211878e-05,1.95400414386e-05,0.307553271818,0.377587804878,0.307547626997
757,0.0778580685067,0.116680052786,0.0608414028252,0.110395310062,0.0223521795976,0.115835123723,0.0324394809946,0.0671084967261,0.0248657852184,0.195692887219,0.0154699592724,0.160461253069,1,0.1,30,15,3,4,20,2.22348087945e-05,1.458825805e-05,2.22348087945e-05,0.0225883537682,0.00153019815186,0.00119293959779,2.22348087945e-05,1.458825805e-05,2.22348087945e-05,0.301939884867,0.370696164791,0.301934343073
758,0.00136783187062,0.0587911343556,0.155672527799,0.0823511384641,0.155770564029,0.109344510316,0.0541931655162,0.205653103325,0.04394156224,0.0574478036905,0.0467990705394,0.0286675878558,1,0.1,30,15,3,4,20,0.000768178323238,0.000504001797877,0.000768178323238,0.040433960147,0.00518031802969,0.0138064807448,0.000768178323238,0.000504001797877,0.000768178323238,0.290144517708,0.356214814075,0.290139192407
759,0.00138118999697,0.266583261676,0.0863640992237,0.00719399046371,0.00240298219666,0.0560450756866,0.0743285161265,0.0428884686742,0.012625102794,0.224264011164,0.0139695363138,0.211953765684,1,0.1,30,15,3,4,20,8.72426195602e-06,5.72398826934e-06,8.72426195602e-06,0.000122613853856,0.000416820171283,0.000235373766196,8.72426195602e-06,5.72398826934e-06,8.72426195602e-06,0.309564037991,0.38005645293,0.309558356264
760,0.0302293937466,0.114358375498,0.188604790174,0.111136469141,0.000346624332009,0.0556618290271,0.057626531923,0.00703021864262,0.0456910997504,0.0361933760545,0.0315008522474,0.321620439463,1,0.1,30,15,3,4,20,0.000102319671688,6.71319365946e-05,0.000102319671688,0.0122798223604,0.00255698698839,0.000947049714934,0.000102319671688,6.71319365946e-05,0.000102319671688,0.304759916077,0.374158359774,0.304754322525
761,0.0148126382696,0.0142133073526,0.00965256014618,0.241180148933,0.229850609811,0.0297908854796,0.0595738515012,0.0044408372759,0.0919202086613,0.185332326976,0.0532573600834,0.0659752655107,1,0.1,30,15,3,4,20,0.000247205118234,0.000162191278073,0.000247205118234,0.0410224723308,0.000307103820805,0.00486032975231,0.000247205118234,0.000162191278073,0.000247205118234,0.295101106877,0.362300093587,0.295095690603
762,0.013495242456,0.0743496225635,0.0635648498667,0.181847627602,0.000787791559385,0.00746631795996,0.0439402033932,0.24141180827,0.0920379190783,0.0211503643515,0.0980189077521,0.161929345148,1,0.1,30,15,3,4,20,0.000309564392722,0.000203105198065,0.000309564392722,0.00670785451597,0.00233114731339,0.00097325998897,0.000309564392722,0.000203105198065,0.000309564392722,0.306206976369,0.375934937587,0.306201356258
763,0.132870393432,0.0776493586903,0.111177068452,0.0499369844653,0.0641772967042,0.0883309971689,0.154412899781,0.0528931144958,0.0552735586402,0.112518475604,0.0323183574099,0.0684414951569,1,0.1,30,15,3,4,20,4.22772479187e-05,2.77381023595e-05,4.22772479187e-05,0.0807213559443,0.000930078371948,0.000756093173222,4.22772479187e-05,2.77381023595e-05,4.22772479187e-05,0.284217493515,0.348938116801,0.284212276998
764,0.0367898066885,0.0631834325924,0.218366398016,0.0994468016314,0.207274896724,0.0214511432152,0.00682552065853,0.172006651367,0.115629511987,0.0283237188302,0.000879212331745,0.0298229059584,1,0.1,30,15,3,4,20,0.000460535103671,0.000302157081518,0.000460535103671,0.0122362182332,0.017670266839,0.0392000481313,0.000460535103671,0.000302157081518,0.000460535103671,0.287650010779,0.353152270178,0.287644731262
765,0.00138914598177,0.0574842823669,0.0712287146847,0.0784982873023,0.00307703968868,0.019192571478,0.117671709146,0.0272536075086,0.132364823235,0.115517198831,0.244474848561,0.131847771216,1,0.1,30,15,3,4,20,1.15428457733e-05,7.57326111183e-06,1.15428457733e-05,2.74862984585e-05,8.78642187867e-05,3.48060613714e-05,1.15428457733e-05,7.57326111183e-06,1.15428457733e-05,0.309752927584,0.380288355541,0.309747242391
766,0.000148711161429,0.0270686513806,0.0159346138684,0.00344350527837,0.0277200623342,0.00862617337872,0.0479340124428,0.430489359358,0.0425399676279,0.0597118530636,0.013875326229,0.322507763877,1,0.1,30,15,3,4,20,1.37109252915e-05,8.99573808374e-06,1.37109252915e-05,1.38006705597e-05,0.00041223692363,2.39564157949e-05,1.37109252915e-05,8.99573808374e-06,1.37109252915e-05,0.309656464154,0.380169925928,0.309650780731
767,0.0148548339315,0.0148254426216,0.104764915918,0.00610907001514,0.293245995319,0.0409601946727,0.239860438192,0.00851630653539,0.0288409595738,0.161367163731,0.0136723912383,0.0729822882513,1,0.1,30,15,3,4,20,8.8573500918e-05,5.81130739523e-05,8.8573500918e-05,0.0184082196762,0.000370148864727,0.00165727510792,8.8573500918e-05,5.81130739523e-05,8.8573500918e-05,0.303341331094,0.372416741527,0.303335763579
768,0.020140200744,0.0962428461741,0.13106330754,0.0703827572995,0.121700940977,0.221359816975,0.112424385473,0.0612531096281,0.0184105410068,0.013001863963,0.00584447558551,0.128175754635,1,0.1,30,15,3,4,20,0.000231396894056,0.00015181950219,0.000231396894056,0.0501628299667,0.0141687268062,0.000721329532538,0.000231396894056,0.00015181950219,0.000231396894056,0.28928302505,0.355157146504,0.28927771556
769,0.00188483085438,0.0482342141688,0.0936849578841,0.187406076603,0.111925554065,0.148133376656,0.172130332762,0.121059742138,0.0118842189111,0.0287178342147,0.00209657356774,0.0728422881751,1,0.1,30,15,3,4,20,0.00120993207518,0.000793836434528,0.00120993207518,0.0184294326012,0.00891685730076,0.00241326471502,0.00120993207518,0.000793836434528,0.00120993207518,0.298607059863,0.36660440511,0.29860157924
770,0.0160463815178,0.0287197542618,0.0217047576867,0.193000917826,0.289961720795,0.0115482608853,0.023539026706,0.0101533147932,0.0784669389457,0.0746792837156,0.154999952468,0.0971796903986,1,0.1,30,15,3,4,20,4.15150403228e-05,2.72380179558e-05,4.15150403228e-05,0.000223230759229,0.000873133565251,0.000462925277458,4.15150403228e-05,2.72380179558e-05,4.15150403228e-05,0.309267023416,0.379691803643,0.309261347141
771,0.0278789320013,0.0703229983493,0.0170974045294,0.207037707311,0.0458294330112,0.0782802278722,0.222399652318,0.0854169605415,0.0133421293971,0.116767415427,0.0384410373713,0.0771861018707,1,0.1,30,15,3,4,20,0.000241911573546,0.000158718183404,0.000241911573546,0.0193901320206,0.00889197999529,0.00021702837174,0.000241911573546,0.000158718183404,0.000241911573546,0.300590744572,0.369039804839,0.30058522754
772,0.00102046655065,0.282009962407,0.0305166203062,0.0474662198789,0.202177105446,0.0830921015847,0.0692670629267,0.0978250711221,0.137263192275,0.0196723470069,0.0144302894077,0.0152595610875,1,0.1,30,15,3,4,20,0.000898700383895,0.000589637321874,0.000898700383895,0.000731414440048,0.0609095546107,0.00264654778491,0.000898700383895,0.000589637321874,0.000898700383895,0.288421890835,0.354099919,0.28841659715
773,0.123466706637,0.0938163143557,0.114738546318,0.00823085364393,0.151795467563,0.0328502440471,0.0833585383154,0.104947684356,0.0517678229751,0.0604778135598,0.0523428351015,0.122207173126,1,0.1,30,15,3,4,20,0.000137663871594,9.03212661527e-05,0.000137663871594,0.0464646324846,0.00273822514408,0.00265519273137,0.000137663871594,9.03212661527e-05,0.000137663871594,0.293525296075,0.360365446824,0.293519908722
774,0.0288085287279,0.254661831793,0.0405821771678,0.0285758727712,0.094593041163,0.157075179095,0.0644264873546,0.00397187333956,0.0454593065208,0.124974969933,0.111854222705,0.0450165094296,1,0.1,30,15,3,4,20,0.000171240474784,0.000112350875506,0.000171240474784,0.0145973443429,0.00405017806622,0.00173072097517,0.000171240474784,0.000112350875506,0.000171240474784,0.303223059998,0.372271538314,0.303217494654
775,0.109679544717,0.00543765425573,0.0627058974519,0.0366174307249,0.0311165552671,0.336560045718,0.0587747030048,0.131979122787,0.00324334246997,0.0110479299845,0.0524494780894,0.16038829553,1,0.1,30,15,3,4,20,0.000118519268573,7.77604921105e-05,0.000118519268573,0.0105532497764,0.000577676572265,0.00740860333996,0.000118519268573,7.77604921105e-05,0.000118519268573,0.303879496905,0.373077455836,0.303873919512
776,0.0487168554372,0.0270207217483,0.0435921771029,0.258831294482,0.179760452794,0.0324341105065,0.0685936097115,0.00444066262913,0.0140091743046,0.264950321346,0.00637727683923,0.0512733430989,1,0.1,30,15,3,4,20,8.4908692433e-05,5.57085931053e-05,8.4908692433e-05,0.0088472750567,0.00571214679775,0.000324474753482,8.4908692433e-05,5.57085931053e-05,8.4908692433e-05,0.305067396342,0.374535857947,0.305061797147
777,8.54366990598e-05,0.0581294789768,0.237073750714,0.110494703327,0.0399173005139,0.0824889665932,0.0220611158533,0.136507605101,0.0798694939542,0.149684359878,0.0421852869432,0.0415025014464,1,0.1,30,15,3,4,20,1.52921720436e-08,1.00331940778e-08,1.52921720436e-08,1.80694686985e-07,3.08134766079e-07,6.21153645511e-08,1.52921720436e-08,1.00331940778e-08,1.52921720436e-08,0.309818250419,0.380368553374,0.309812564027
778,0.034424375313,0.101242158449,0.105029923682,0.0134561857069,0.356438941157,0.0627127374882,0.0234081633914,0.0157026622372,0.118007901786,0.0580276904561,0.0715541681846,0.0399950921489,1,0.1,30,15,3,4,20,0.000334141074471,0.000219229958961,0.000334141074471,0.00785480781633,0.00890368131433,0.00051586396289,0.000334141074471,0.000219229958961,0.000334141074471,0.3039165978,0.373123005165,0.303911019726
779,0.0804718789933,0.047820016152,0.0011223385805,0.078690145681,0.0740890334732,0.148034922461,0.0267418029642,0.125104697194,0.138786071518,0.156589875856,0.0375070715338,0.0850421455927,1,0.1,30,15,3,4,20,6.52184610056e-05,4.27898322658e-05,6.52184610056e-05,0.0413046929273,0.00160115787062,0.000884299827781,6.52184610056e-05,4.27898322658e-05,6.52184610056e-05,0.296144112163,0.363580606957,0.296138676745
780,0.0228020015665,0.0555290707127,0.0924042638417,0.107401327349,0.00789938146152,0.0212964357766,0.231377224631,0.144545043056,0.0146438069628,0.227254593808,0.0378615556348,0.0369852951994,1,0.1,30,15,3,4,20,9.2267978626e-05,6.05370207765e-05,9.2267978626e-05,0.0127896998317,0.000220919762273,0.00537193969957,9.2267978626e-05,6.05370207765e-05,9.2267978626e-05,0.303971334063,0.373190205703,0.303965754984
781,0.174929976839,0.00509266728668,0.081472350796,0.0369046638942,0.0802027849651,0.102479976466,0.120086962479,0.133914518064,0.0229099639833,0.0365065260771,0.108260376248,0.0972392329017,1,0.1,30,15,3,4,20,0.000216906334125,0.000142312245819,0.000216906334125,0.00670262124857,0.000106284036953,0.00427275728998,0.000216906334125,0.000142312245819,0.000216906334125,0.306028154547,0.375715395331,0.306022537718
782,0.0172244032048,0.0061334680207,0.0353949793064,0.0306206227174,0.223598369964,0.193809143459,0.0223368757735,0.00170414129436,0.22690349544,0.146981783321,0.0340143331708,0.0612783843275,1,0.1,30,15,3,4,20,7.84175839947e-05,5.14497768589e-05,7.84175839947e-05,0.0480963240835,0.000436983295014,0.00190851279143,7.84175839947e-05,5.14497768589e-05,7.84175839947e-05,0.294061578892,0.361023849352,0.294056181696
783,0.164273202076,0.030859240282,0.0589375403148,0.059455515859,0.0239407011544,0.0466875904739,0.076462018832,0.0200569913536,0.0376418067597,0.300495666754,0.0362075528233,0.144982173318,1,0.1,30,15,3,4,20,1.79672347996e-05,1.1788302752e-05,1.79672347996e-05,0.016110449293,0.000726082936837,0.000140601465577,1.79672347996e-05,1.1788302752e-05,1.79672347996e-05,0.304529046306,0.373874917462,0.304523456991
784,0.232188268328,0.0600793352402,0.0525539226182,0.104686859365,0.00194654692128,0.0154195415316,0.195361152199,0.114892455483,0.000338928283038,0.0434656630751,0.026694979282,0.152372347674,1,0.1,30,15,3,4,20,3.47569071726e-05,2.28040067959e-05,3.47569071726e-05,0.0563827337469,0.00219398993016,0.00316738341,3.47569071726e-05,2.28040067959e-05,3.47569071726e-05,0.290631779428,0.35681303266,0.290626445183
785,0.12583752616,0.0404676192507,6.62332607978e-05,0.0573691129873,0.100477052255,0.0701805136836,0.0270332819005,0.0163915723891,0.191462030709,0.13405137325,0.0308685989428,0.205795085212,1,0.1,30,15,3,4,20,1.02657440103e-05,6.73535464518e-06,1.02657440103e-05,0.0451993789245,0.000280129841984,0.000332032795533,1.02657440103e-05,6.73535464518e-06,1.02657440103e-05,0.29560829011,0.362922770116,0.295602864527
786,0.0464731499647,0.113217868579,0.246799530119,0.0622839851235,0.00738809773589,0.105706294607,0.0353248371518,0.10555587572,0.154419835085,0.0744090722371,0.0031810174672,0.0452404362103,1,0.1,30,15,3,4,20,0.000175268146283,0.000114993430776,0.000175268146283,0.00495271310982,0.00020543079056,0.0171208559958,0.000175268146283,0.000114993430776,0.000175268146283,0.302627541757,0.371540411559,0.302621987342
787,0.0625795452872,0.0390311306122,0.0674575492276,0.0329584028982,0.0070940442303,0.0800564707748,0.136228399249,0.0612723951318,0.214007176493,0.0939164232424,0.139213182051,0.066185280803,1,0.1,30,15,3,4,20,0.000103292043154,6.77699095131e-05,0.000103292043154,0.00279658934907,0.00313847572035,0.000223213975226,0.000103292043154,6.77699095131e-05,0.000103292043154,0.307740497977,0.377817665266,0.30773484972
788,0.0214770246944,0.192344029277,0.0586074633133,0.0109165217616,0.105135296085,0.173251701117,0.179955180717,0.0100862512399,0.01028145972,0.0495513754745,0.180821081132,0.00757261546843,1,0.1,30,15,3,4,20,0.000129146925416,8.47332977656e-05,0.000129146925416,0.00787075327361,0.00436112010873,0.000357437801225,0.000129146925416,8.47332977656e-05,0.000129146925416,0.305705493173,0.37531925908,0.305699882266
789,0.265948227027,0.0984338359305,0.0333401963618,0.0160906120373,0.0453410244986,0.0071248248747,0.119522108206,0.0506666616631,0.176665447671,0.111586718803,0.0551550310427,0.020125311884,1,0.1,30,15,3,4,20,3.45698667826e-05,2.26812895961e-05,3.45698667826e-05,2.39141681154e-05,0.000306077702663,0.00213939436961,3.45698667826e-05,2.26812895961e-05,3.45698667826e-05,0.308996489178,0.379359664666,0.308990817869
790,0.0704736058461,0.226521789216,0.0678329197011,0.0452833870734,0.134377758783,0.0210520205168,0.205503795798,0.097771694661,0.0746774349866,0.0382923676251,0.0149745525946,0.00323867319883,1,0.1,30,15,3,4,20,0.000552068901196,0.000362212406075,0.000552068901196,0.175983313303,0.0582254641592,0.000257039155203,0.000552068901196,0.000362212406075,0.000552068901196,0.236268006583,0.290069806253,0.236263670129
791,0.0124746122083,0.100368664952,0.00566681253652,0.0398759055359,0.00810034898183,0.0437160276035,0.122499148612,0.294294011634,0.0690725362954,0.0773746218481,0.118897141609,0.107660168183,1,0.1,30,15,3,4,20,6.76143810425e-05,4.4361795402e-05,6.76143810425e-05,0.0217669885261,0.000683132180146,0.00179708809842,6.76143810425e-05,4.4361795402e-05,6.76143810425e-05,0.302194932787,0.371009290981,0.302189386312
792,0.0403452794101,0.0528576576877,0.0505967346613,0.0260843263292,0.128324683857,0.0379959783026,0.019780897769,0.201699172042,0.00674456263229,0.0674320062422,0.233282820949,0.134855880117,1,0.1,30,15,3,4,20,2.39137108535e-05,1.5689785691e-05,2.39137108535e-05,0.0207217857809,0.000109435026272,0.000282968983775,2.39137108535e-05,1.5689785691e-05,2.39137108535e-05,0.3032375232,0.372289295005,0.30323195759
793,0.0229550873702,0.305753125878,0.0662962431934,0.0106156105471,0.013042861707,0.0870486801798,0.126922161162,0.150520725146,0.0237975879371,0.0372901284118,0.00790011533437,0.147857673133,1,0.1,30,15,3,4,20,0.000143408037889,9.40900136593e-05,0.000143408037889,0.00441122610265,0.0023845871732,0.00604071006239,0.000143408037889,9.40900136593e-05,0.000143408037889,0.305605431098,0.375196411357,0.305599822028
794,0.389104338291,0.07503088443,0.0259576723676,0.204608636767,0.0586050724929,0.010270457967,0.0364477817606,0.0436659143629,0.0757840289698,0.0644174644988,0.0130788217318,0.00302892636069,1,0.1,30,15,3,4,20,8.75184128575e-05,5.74208306758e-05,8.75184128575e-05,0.183677074402,0.0184000643835,0.00389537062088,8.75184128575e-05,5.74208306758e-05,8.75184128575e-05,0.2458603241,0.301846439593,0.245855811589
795,0.0722175948137,0.0306483008171,0.0336907539507,0.232985031044,0.0109500257313,0.00723666653851,0.108187441874,0.0678253970352,0.0566137598518,0.110646176748,0.243247827694,0.0257510239021,1,0.1,30,15,3,4,20,2.24128289322e-05,1.47050570624e-05,2.24128289322e-05,3.19082685686e-05,8.61935011864e-05,2.01700639869e-05,2.24128289322e-05,1.47050570624e-05,2.24128289322e-05,0.309738719688,0.380270912293,0.309733034756
796,0.0512438891668,0.0902032569507,0.0637492212593,0.00712131326877,0.173664545336,0.0241217283236,0.0103221115805,0.283292178091,0.0625300459403,0.0519885428369,0.168939303719,0.012823863527,1,0.1,30,15,3,4,20,1.30615053614e-05,8.56965366763e-06,1.30615053614e-05,0.00525751926867,0.00491951613483,3.43050580554e-05,1.30615053614e-05,8.56965366763e-06,1.30615053614e-05,0.306633287789,0.376458326567,0.306627659853
797,0.00566444354274,0.0846806754705,0.0158294787489,0.114085467934,0.0509114632788,0.0118208494219,0.248641812553,0.108857010622,0.0442567270625,0.0561319020244,0.0372235392555,0.221896630086,1,0.1,30,15,3,4,20,7.34084466881e-05,4.81632818721e-05,7.34084466881e-05,0.0126032121959,0.00323265157118,0.00054127165046,7.34084466881e-05,4.81632818721e-05,7.34084466881e-05,0.304623690721,0.373991113842,0.304618099669
798,0.0465998167952,0.150656659153,0.00387987636733,0.00700399872837,0.144081448061,0.0856654268953,0.0145369733785,0.0881413164157,0.266709673496,0.149674825971,0.00452308202778,0.03852690271,1,0.1,30,15,3,4,20,0.000116651289835,7.65349112607e-05,0.000116651289835,0.0114917332765,0.00644574950082,4.60110568191e-05,0.000116651289835,7.65349112607e-05,0.000116651289835,0.304054841422,0.373292728952,0.304049260811
799,0.0484724398955,0.113861185233,0.1513501071,0.185059419825,0.128732243908,0.010445935424,0.126329621978,0.0136494307684,9.58018518333e-05,0.0412972486614,0.143795729863,0.036910835492,1,0.1,30,15,3,4,20,6.62416816599e-05,4.3461167337e-05,6.62416816599e-05,0.045890174078,0.00105153890697,0.00963345157579,6.62416816599e-05,4.3461167337e-05,6.62416816599e-05,0.292181394976,0.358715519113,0.292176032289
800,0.0385968296345,0.0523951775125,0.191472793166,0.134375281382,0.124124049356,0.0993883973734,0.0289248194677,0.0592825505801,0.0931282474556,0.0856740665953,0.033011008388,0.0596267790892,1,0.1,30,15,3,4,20,0.000225691799348,0.000148076389552,0.000225691799348,0.0846118423313,0.000705930246881,0.00446969738902,0.000225691799348,0.000148076389552,0.000225691799348,0.281629184315,0.345760410437,0.281624015304
801,0.0937743273903,0.376921352117,0.0218392716195,0.0285449167461,0.088629093399,0.0422785743976,0.0295583755263,5.30399022599e-05,0.132594216488,0.01101365775,0.0573888427116,0.117404331952,1,0.1,30,15,3,4,20,1.42767397737e-05,9.36696896556e-06,1.42767397737e-05,0.000306393994377,0.005685064202,0.000286761576048,1.42767397737e-05,9.36696896556e-06,1.42767397737e-05,0.307849841076,0.377951907443,0.307844190812
802,0.0393308590518,0.0445684596849,0.0348069400552,0.115101368236,0.0343668334697,0.00747424809562,0.153355533607,0.222531506885,0.114292317091,0.00642126352533,0.164091066084,0.0636596042134,1,0.1,30,15,3,4,20,9.79047338617e-05,6.42352958867e-05,9.79047338617e-05,0.0382079954218,0.0024889277297,0.00600631554355,9.79047338617e-05,6.42352958867e-05,9.79047338617e-05,0.295187788102,0.362406513439,0.295182370237
803,0.110998900784,0.0379892927444,0.0561299549038,0.114168004279,0.143050222534,0.154431612766,0.0514912838349,0.00528126492001,0.241652695261,6.02159108838e-05,0.0822533028666,0.00249324919625,1,0.1,30,15,3,4,20,0.00118163198705,0.000775268746704,0.00118163198705,0.0483338464686,0.0263410246319,0.00490490457377,0.00118163198705,0.000775268746704,0.00118163198705,0.283218413163,0.347711530738,0.283213214983
804,0.0551589424549,0.0676019404549,0.0338411441257,0.187422394737,0.0265525955739,0.0789393255453,0.0485353989904,0.0786781435528,0.150701443135,0.00134678393815,0.0149087179093,0.256313169582,1,0.1,30,15,3,4,20,6.87702381223e-05,4.5120153232e-05,6.87702381223e-05,0.000173383205053,0.000299738753617,0.000648385018948,6.87702381223e-05,4.5120153232e-05,6.87702381223e-05,0.309357799466,0.379803250773,0.309352121525
805,0.49387514859,0.0485219524851,0.0747523679507,0.110468423296,0.0176280193131,0.185637402009,0.00581709436529,0.00890660681763,0.0253628434184,0.0189502771714,0.00178004953702,0.00829981504609,1,0.1,30,15,3,4,20,0.0025439632393,0.00166909428131,0.0025439632393,0.377011952832,0.0189178194995,0.00381775287125,0.0025439632393,0.00166909428131,0.0025439632393,0.181782389771,0.223176990163,0.181779053344
806,0.311666675751,0.0366860662243,0.045620870508,0.0380122566383,0.12452078724,0.0972745398442,0.0495969311017,0.0113438091611,0.0905717159307,0.105779053619,0.0744640912676,0.0144632027142,1,0.1,30,15,3,4,20,0.00037038288162,0.000243008208631,0.00037038288162,0.0036698823367,0.00104646585323,0.00278797598634,0.00037038288162,0.000243008208631,0.00037038288162,0.306883885577,0.376765989262,0.306878253041
807,0.0773424766299,0.000153694194781,0.0445385311266,0.0346344941631,0.185069537016,0.00520214384342,0.0813658989298,0.194397029324,0.0427937679515,0.138299744591,0.135224636043,0.0609780461868,1,0.1,30,15,3,4,20,0.000352721699262,0.000231420706886,0.000352721699262,0.0100465800276,0.000387479318871,0.00128964379336,0.000352721699262,0.000231420706886,0.000352721699262,0.305605711226,0.375196755274,0.30560010215
808,0.177922958035,0.0421101285427,0.00274337054323,0.0721647440375,0.00158392758713,0.0506505457237,0.19939359682,0.0147301030435,0.0226707766623,0.0383401586473,0.0848589686811,0.292830721677,1,0.1,30,15,3,4,20,6.00162484625e-06,3.93766606162e-06,6.00162484625e-06,2.38712349614e-06,0.000355829164831,7.62250295939e-05,6.00162484625e-06,3.93766606162e-06,6.00162484625e-06,0.309673970767,0.380191419062,0.309668287022
809,0.130693024173,0.0522225783999,0.325047536797,0.00189140720462,0.142449076667,0.108184770881,0.0156187807775,0.0264204017328,0.0172478305945,0.122739065925,0.0567165392758,0.000768987571684,1,0.1,30,15,3,4,20,0.000207879187061,0.000136389534631,0.000207879187061,0.0339795434563,0.00011817624069,0.0154966038119,0.000207879187061,0.000136389534631,0.000207879187061,0.294111078812,0.361084621153,0.294105680708
810,0.0548700667017,0.0260047485358,0.159075199537,0.0125563649117,0.0705125693689,0.0212451757092,0.112491863886,0.0670928827693,0.117995548073,0.0379891137558,0.0624607532489,0.257705713503,1,0.1,30,15,3,4,20,4.52985460681e-07,2.97203760753e-07,4.52985460681e-07,1.06912688795e-06,3.56145300047e-06,8.71898967242e-07,4.52985460681e-07,2.97203760753e-07,4.52985460681e-07,0.309815995979,0.380365785564,0.309810309628
811,0.0173974273745,0.377703488819,0.00100227479508,0.0741723123215,0.0549527744944,0.16606429549,0.00770732236592,0.0176705242458,0.00301378067312,0.141967444037,0.069979835677,0.068368519706,1,0.1,30,15,3,4,20,0.000205580512881,0.000134881374501,0.000205580512881,0.00158889124628,0.000322341142055,0.000800051842168,0.000205580512881,0.000134881374501,0.000205580512881,0.308640092396,0.378922110945,0.308634427628
812,0.0110331110092,0.121525069598,0.127025603425,0.0167289777266,0.00417857629136,0.00881110845966,0.131482734896,0.0441090074076,0.0403898706477,0.00420806179463,0.0555651372221,0.434942741522,1,0.1,30,15,3,4,20,4.74173184097e-05,3.11105026086e-05,4.74173184097e-05,0.00933785521725,0.000177023335415,0.000523127834891,4.74173184097e-05,3.11105026086e-05,4.74173184097e-05,0.306630446483,0.376454838252,0.306624818599
813,0.0079665266661,0.17109362957,0.0713149583599,0.0919873481345,0.0367073156399,0.0670220844776,0.113113494384,0.113702996291,0.140744295935,0.0213610590172,0.139470794327,0.0255154971974,1,0.1,30,15,3,4,20,7.66942163471e-05,5.03190753453e-05,7.66942163471e-05,0.00784883528644,0.00696887518473,0.000687947411674,7.66942163471e-05,5.03190753453e-05,7.66942163471e-05,0.304888282759,0.374315957491,0.304882686851
814,0.00670282836238,0.153624209516,0.0359493739702,0.00627435898225,0.355268951853,0.0502923564442,0.00910342787533,0.00166033353003,0.0820754507746,0.0057333235891,0.040337443343,0.25297794176,1,0.1,30,15,3,4,20,0.000110469591649,7.24790990811e-05,0.000110469591649,0.00918612821531,0.00189380595212,0.00121595387418,0.000110469591649,7.24790990811e-05,0.000110469591649,0.305827140559,0.375468607416,0.305821527419
815,0.00993849765439,0.121763009993,0.00143611348398,0.155216776105,0.177136469771,0.00342555374933,0.0373655010597,0.223658498013,0.0815902827316,0.0468536704822,0.0777917286497,0.0638238983065,1,0.1,30,15,3,4,20,9.14232711774e-05,5.99828082195e-05,9.14232711774e-05,4.18304409658e-05,0.000763102339001,0.000203836495847,9.14232711774e-05,5.99828082195e-05,9.14232711774e-05,0.309355444926,0.379800360069,0.309349767028
816,0.0657203693469,0.136266780476,0.00637170011156,0.0426114734261,0.148184724676,0.0262455856371,0.15104964065,0.00952516465443,0.280432648254,0.0176644748451,0.0728040888178,0.0431233491057,1,0.1,30,15,3,4,20,0.000343895438896,0.000225629797459,0.000343895438896,0.137414848795,0.00365215611577,0.000453814514782,0.000343895438896,0.000225629797459,0.000343895438896,0.265406696741,0.325843817007,0.265401825476
817,0.0713392650492,0.0738435569064,0.128512093726,0.0999704941091,0.100334705115,0.0920289041959,0.0683669681133,0.0531127667966,0.0836731806127,0.0673700851742,0.104091415159,0.0573565650433,1,0.1,30,15,3,4,20,0.000286452326074,0.000187941371137,0.000286452326074,0.0274959633644,0.000761764442819,0.00301423510244,0.000286452326074,0.000187941371137,0.000286452326074,0.299658367054,0.367895110855,0.299652867135
818,0.00723616663097,0.0287651169876,0.085073612245,0.0290670801244,0.153244232608,0.0508105905711,0.0294383786417,0.119009908334,0.053640706477,0.0274287194159,0.323426433023,0.0928590549417,1,0.1,30,15,3,4,20,3.33812075901e-05,2.19014102999e-05,3.33812075901e-05,0.0205942913678,0.000279978683681,0.000310370311227,3.33812075901e-05,2.19014102999e-05,3.33812075901e-05,0.303200114541,0.372243367828,0.303194549617
819,0.0172488069857,0.101967200336,0.156389997547,0.141488295791,0.0425987735869,0.105009810956,0.112917245211,0.139356304779,0.0735483552779,0.0256319588741,0.0628557661255,0.0209874845302,1,0.1,30,15,3,4,20,0.000267523346254,0.000175522067477,0.000267523346254,0.023259754824,0.000368970139411,0.0262462089135,0.000267523346254,0.000175522067477,0.000267523346254,0.29392597714,0.36085736903,0.293920582433
820,0.101010134344,0.0992054436155,0.1127179238,0.0899749981547,0.084344486763,0.246756088492,0.031926958252,0.0225069000255,0.0274648305686,0.143467546112,0.010351023643,0.03027366623,1,0.1,30,15,3,4,20,5.48222082098e-05,3.59688508064e-05,5.48222082098e-05,0.0139451109345,0.000186686850126,0.0138438546515,5.48222082098e-05,3.59688508064e-05,5.48222082098e-05,0.301060845756,0.369616955176,0.301055320097
821,0.0759148419263,0.0744180019432,0.040065845832,0.0756582497266,0.134122923898,0.0689113360185,0.0440399291265,0.351303410432,0.03896903144,0.0103648206218,0.0322421009629,0.053989508072,1,0.1,30,15,3,4,20,0.000444098805188,0.000291373226084,0.000444098805188,0.0763726085529,0.00135976198719,0.00719558040955,0.000444098805188,0.000291373226084,0.000444098805188,0.282775294864,0.347167507697,0.282770104816
822,0.0272428297288,0.0708975766826,0.00460923230871,0.0715522676482,0.303994676942,0.0601390467873,0.0423172212484,0.00270974120557,0.00491683707672,0.0477199989013,0.0924172023482,0.271483369123,1,0.1,30,15,3,4,20,7.54257259981e-05,4.94868188273e-05,7.54257259981e-05,0.0013661782793,0.000494751086403,0.00053726403961,7.54257259981e-05,4.94868188273e-05,7.54257259981e-05,0.308951304742,0.37930419105,0.308945634261
823,0.231970932347,0.141738422073,0.0500350186834,0.105314294604,0.00771284653127,0.127005944809,0.103904012187,0.0717258210925,0.00083407890763,0.0436826788026,0.081951869897,0.034124080065,1,0.1,30,15,3,4,20,0.000270401229058,0.000177410246385,0.000270401229058,0.0683676799082,0.00440040526874,0.0109656835795,0.000270401229058,0.000177410246385,0.000270401229058,0.283431149055,0.34797270981,0.28342594697
824,0.00977810304656,0.125168130864,0.0884684789362,0.0221144382232,0.0783802872182,0.191873722446,0.0347039918487,0.0274755156932,0.217436037186,0.109245348247,0.0649632287569,0.0303927175354,1,0.1,30,15,3,4,20,0.000118312591646,7.76248913787e-05,0.000118312591646,0.0471623500375,0.000914656341382,0.000590278740182,0.000118312591646,7.76248913787e-05,0.000118312591646,0.29454570268,0.361618215452,0.294540296599
825,0.111306809595,0.294238725714,0.0170770261321,0.0378231216151,0.16952946318,0.0336239470067,0.0446783169747,0.0089763584703,0.0662294981529,0.101649972029,0.105151280249,0.00971548088086,1,0.1,30,15,3,4,20,6.58039784901e-05,4.31739902873e-05,6.58039784901e-05,0.00123705499701,0.00251500085444,0.00212613162726,6.58039784901e-05,4.31739902873e-05,6.58039784901e-05,0.307888974026,0.377999951558,0.307883323043
826,0.200787827671,0.126037481857,0.0419196531298,0.00748143752731,0.121197614496,0.00538866331424,1.75358923045e-05,0.0290283375609,0.0902776677928,0.0460570676103,0.262010337741,0.0697963754072,1,0.1,30,15,3,4,20,8.83663518577e-05,5.79771634539e-05,8.83663518577e-05,0.019625946202,0.00035530031307,0.00149323463479,8.83663518577e-05,5.79771634539e-05,8.83663518577e-05,0.303019821003,0.372022018724,0.303014259389
827,0.211557678925,0.027799065169,0.0846496474886,0.0531165016498,0.0928992325504,0.00117966863923,0.0202455970339,0.0870756991222,0.0421247967516,0.039895920672,0.186496777589,0.15295941441,1,0.1,30,15,3,4,20,1.13189670004e-05,7.42637424899e-06,1.13189670004e-05,0.0106917768976,0.0013247174394,0.00316819845297,1.13189670004e-05,7.42637424899e-06,1.13189670004e-05,0.305095319398,0.374570139505,0.30508971969
828,0.0309655892345,0.00777192259149,0.0752605941974,0.00370544167168,0.074482352497,0.0654598573823,0.0653579149909,0.364799261498,0.0802594073931,0.19140862522,0.0304961683171,0.0100328650062,1,0.1,30,15,3,4,20,6.57255882151e-05,4.31225584279e-05,6.57255882151e-05,0.0457058531027,0.000789890176561,0.000491161441917,6.57255882151e-05,4.31225584279e-05,6.57255882151e-05,0.295152864137,0.362363636759,0.295147446913
829,0.0351126033324,0.300596614442,0.0293362139473,0.0427295415164,0.0672780379486,0.0180308518832,0.047513721146,0.0449502041513,0.0325833794863,0.0930975216638,0.119214341066,0.169556969416,1,0.1,30,15,3,4,20,6.62393005401e-05,4.34596050843e-05,6.62393005401e-05,0.0065292454987,0.00228491755925,0.000333090814685,6.62393005401e-05,4.34596050843e-05,6.62393005401e-05,0.306875440494,0.376755621107,0.306869808114
830,0.193564570233,0.110317037455,0.339640507281,0.00519186969123,0.025857355421,0.0597671780439,0.017217267506,0.0544428423516,0.0737374481217,0.0349423193614,0.0841163473721,0.00120525716145,1,0.1,30,15,3,4,20,0.000289342585759,0.000189837670517,0.000289342585759,0.15228941339,0.000903035559128,0.00150134453424,0.000289342585759,0.000189837670517,0.000289342585759,0.261415250428,0.320943457982,0.261410452423
831,0.158484350832,0.0688978194543,0.180911524988,0.0572808269401,0.191898690107,0.000476103092314,0.0472727009525,0.102704108254,0.0836246667758,0.0431442553125,0.0198275712163,0.0454773820746,1,0.1,30,15,3,4,20,0.000308032689563,0.000202100247622,0.000308032689563,0.00376161069924,0.0131831947307,0.00362303139274,0.000308032689563,0.000202100247622,0.000308032689563,0.302939185426,0.371923021206,0.302933625291
832,0.0216007147666,0.178605506725,0.0640951301499,0.162394367703,0.0559708025065,0.0593631502215,0.155806525215,0.160419523564,0.0358443498807,0.0348836975559,0.021852072965,0.0491641587466,1,0.1,30,15,3,4,20,0.000366617708375,0.000240537878465,0.000366617708375,0.000868950811399,0.000379747666219,0.0104252959311,0.000366617708375,0.000240537878465,0.000366617708375,0.305598241612,0.375187584716,0.305592632673
833,0.0718918652246,0.0403637183404,0.0332819280326,0.039966659087,0.191529038803,0.0317064637483,0.040710979173,0.0524871118848,0.0726503974961,0.191225793659,0.13600259094,0.0981834536108,1,0.1,30,15,3,4,20,0.000121023598975,7.94035832876e-05,0.000121023598975,0.0088457381917,0.000539151398657,0.000515267533265,0.000121023598975,7.94035832876e-05,0.000121023598975,0.306552012219,0.37635854332,0.306546385775
834,0.0367493875597,0.0191444817084,0.0990654325197,0.0567715839416,0.119254939944,0.0374375385357,0.0166100829179,0.0232513965597,0.132493817135,0.18800866258,0.256344729587,0.0148679470113,1,0.1,30,15,3,4,20,4.71420730167e-05,3.09299141062e-05,4.71420730167e-05,0.0159687848804,0.0014848745945,0.000123557200502,4.71420730167e-05,3.09299141062e-05,4.71420730167e-05,0.304295113069,0.373587714088,0.304289528048
835,0.0246994597428,0.100499212744,0.0277075386404,0.0261066726117,0.0153353211902,0.00646205006842,0.146007420554,0.354521837815,0.152111437177,0.0869117232585,0.0268841704903,0.0327531557063,1,0.1,30,15,3,4,20,0.00110749261856,0.000726625907036,0.00110749261856,0.0483686069741,0.00250642000605,0.00668974081511,0.00110749261856,0.000726625907036,0.00110749261856,0.290161088573,0.356235158376,0.290155762967
836,0.0433551277797,0.118953729121,0.0479451503243,0.231457606828,0.180481901579,0.0564308934328,0.0451150068701,0.0306617701893,0.0022429943756,0.0148278039086,0.21099929647,0.0175287191218,1,0.1,30,15,3,4,20,9.27446327607e-05,6.08497535543e-05,9.27446327607e-05,0.00106712900211,0.000101287686724,0.00343928536818,9.27446327607e-05,6.08497535543e-05,9.27446327607e-05,0.308238254444,0.378428768411,0.30823259705
837,0.107279367626,0.115418106843,0.0590864137259,0.120749723567,0.084633047386,0.0172638475872,0.0569184791181,0.00732154656125,0.0298234937079,0.0719223026815,0.0805974930536,0.248986178142,1,0.1,30,15,3,4,20,1.82779157718e-05,1.19921405379e-05,1.82779157718e-05,0.0128031976559,0.00126062897049,0.000828266520979,1.82779157718e-05,1.19921405379e-05,1.82779157718e-05,0.305174519005,0.37466737406,0.305168917843
838,0.00201444979196,0.0180076282886,0.018815451583,0.00742415377415,0.187578365246,0.108733870319,0.00477772068122,0.0621158066045,0.175178405994,0.0616463099425,0.0892655957266,0.264442242048,1,0.1,30,15,3,4,20,7.53296096839e-06,4.94237569136e-06,7.53296096839e-06,0.0122469123672,0.00301365535106,5.83709786814e-05,7.53296096839e-06,4.94237569136e-06,7.53296096839e-06,0.305059958615,0.374526726537,0.305054359556
839,0.000736779267445,0.0716291183485,0.069929388323,0.00971815147724,0.255781088144,0.0121935739926,0.029405090479,0.369776234456,0.0448747303202,0.0230946893049,0.00596941334293,0.106891742544,1,0.1,30,15,3,4,20,0.000219450809024,0.000143981675801,0.000219450809024,0.00254897495337,0.0051276913917,0.00457672927155,0.000219450809024,0.000143981675801,0.000219450809024,0.305660942296,0.375264563294,0.305655332206
840,0.14136400902,0.0454564769126,0.00741712390873,0.0506581809468,0.0416724596605,0.193391590964,0.145676543527,0.00429660691208,0.0923956785968,0.14960320846,0.0980071690445,0.0300609520466,1,0.1,30,15,3,4,20,9.80476800988e-05,6.43290829128e-05,9.80476800988e-05,0.000341005115591,0.000674891165812,4.40803964236e-05,9.80476800988e-05,6.43290829128e-05,9.80476800988e-05,0.30932867736,0.379767497123,0.309322999953
841,0.0577350158798,0.00444849337716,0.0180252728816,0.0765528175485,0.138091201704,0.160869787224,0.135533301097,0.154642263251,0.00842927707087,0.0421073145013,0.0238143845432,0.179750870921,1,0.1,30,15,3,4,20,0.000298957002292,0.000196145689204,0.000298957002292,0.00522650028072,0.000751791499953,0.00345840581645,0.000298957002292,0.000196145689204,0.000298957002292,0.306402754611,0.376175297497,0.306397130907
842,0.00490443833759,0.110375185481,0.00665336230633,0.0495038414349,0.0140766945331,0.0304410854384,0.169601782037,0.0685733906157,0.0303494223509,0.309961981808,0.11633800417,0.0892208114876,1,0.1,30,15,3,4,20,9.32430266787e-06,6.11767498039e-06,9.32430266787e-06,6.0545450681e-05,4.46296236743e-05,0.000445374428073,9.32430266787e-06,6.11767498039e-06,9.32430266787e-06,0.309632529788,0.380140541345,0.309626846804
843,0.020448556777,0.0469968018015,0.235068922292,0.035213220081,0.0847020170354,0.00601098642667,0.19140440379,0.100924939263,0.071729193086,0.110966025842,0.0335145385307,0.0630203950735,1,0.1,30,15,3,4,20,0.000276292462009,0.000181275484324,0.000276292462009,0.00675387559192,0.00089431802647,0.00186331277233,0.000276292462009,0.000181275484324,0.000276292462009,0.306416879165,0.376192638426,0.306411255202
844,0.150327471821,0.0874406867697,0.280248034656,0.0784876316,0.14397221929,0.0364707385849,0.0114443046014,0.0392869878916,0.128850818628,0.0241636454519,0.00226022510339,0.017047235602,1,0.1,30,15,3,4,20,0.000345005440129,0.000226358069269,0.000345005440129,0.350294267908,0.00115150450137,0.0230762465007,0.000345005440129,0.000226358069269,0.000345005440129,0.193216800275,0.237215188934,0.193213253981
845,0.0049460279787,0.0316197122885,0.00174169040455,0.0178414092325,0.0472438268739,0.0246319634085,0.0438195766199,0.135203298867,0.0236337281844,0.103016067231,0.202651774649,0.363650924262,1,0.1,30,15,3,4,20,1.15369516305e-05,7.56939396475e-06,1.15369516305e-05,0.00269577759908,0.000230018803743,6.4792113822e-05,1.15369516305e-05,7.56939396475e-06,1.15369516305e-05,0.308872919075,0.379207955781,0.308867250033
846,0.0526599105016,0.00999000313625,0.0301669286451,0.24314720684,0.153556764054,0.00814002943989,0.108300243643,0.0505113999097,0.0808198736102,0.159064975524,0.00112962659266,0.102513038104,1,0.1,30,15,3,4,20,0.000383547479087,0.000251645501029,0.000383547479087,0.040890274121,0.00243168739103,0.00294201720479,0.000383547479087,0.000251645501029,0.000383547479087,0.294853763103,0.361996425894,0.294848351368
847,0.102791394621,0.0544829240949,0.174682488805,0.0436481845472,0.0424750629942,0.0443675000528,0.103856748655,0.00597814119586,0.10025634238,0.0981979692082,0.0481214693818,0.181141774063,1,0.1,30,15,3,4,20,3.71259029216e-05,2.43583049069e-05,3.71259029216e-05,0.000106075051186,0.000110632184085,0.000451204868368,3.71259029216e-05,2.43583049069e-05,3.71259029216e-05,0.309550412327,0.380039724497,0.309544730851
848,0.0931307463059,0.219966838188,0.0154366716811,0.0100098002536,0.00812612634599,0.0601783301392,0.0940815087245,0.0606581746443,0.14089021572,0.0198545071889,0.139337828164,0.138329252644,1,0.1,30,15,3,4,20,8.77304613671e-06,5.7559955703e-06,8.77304613671e-06,0.0305909686032,0.000587434411135,0.000191585732454,8.77304613671e-06,5.7559955703e-06,8.77304613671e-06,0.300085006274,0.368418902279,0.300079498525
849,0.152699505007,0.0400097556477,0.0154631794176,0.00361100761021,0.00998816810624,0.197321261956,0.100003873733,0.00910224858962,0.0435377166965,0.144989282404,0.127923942594,0.155350058238,1,0.1,30,15,3,4,20,7.97805747438e-07,5.23440350894e-07,7.97805747438e-07,9.69822425131e-06,9.76463601186e-05,4.53357463865e-05,7.97805747438e-07,5.23440350894e-07,7.97805747438e-07,0.309769830055,0.38030910696,0.309764144551
850,0.0658395715403,0.0501300865093,0.0068764367903,0.20925826236,0.000898069007028,0.028714056924,0.00305795715823,0.093905156497,0.412667289329,6.67340438636e-05,0.0605915992082,0.0679947806324,1,0.1,30,15,3,4,20,4.68397971918e-05,3.07315909376e-05,4.68397971918e-05,4.32019770631e-05,0.0105832427095,4.2749289342e-05,4.68397971918e-05,3.07315909376e-05,4.68397971918e-05,0.306435843419,0.376215921127,0.306430219107
851,0.182976518276,0.2408870556,0.0598344091398,0.0151440294864,0.241746820378,0.000491102938127,0.0926946692947,0.0106983376585,0.0149720380037,0.0194943859991,0.116447710019,0.00461292320683,1,0.1,30,15,3,4,20,0.000161229725447,0.000105782822866,0.000161229725447,0.00815543835547,0.000191670593679,0.0168893280734,0.000161229725447,0.000105782822866,0.000161229725447,0.30173437786,0.37044386073,0.301728839839
852,0.149292900291,0.099913335105,0.0116803283629,0.0148240777022,0.249478832479,0.0668316250018,0.0357105900472,0.0821804286716,0.0352057084641,0.141788248036,0.0344680517598,0.0786258740793,1,0.1,30,15,3,4,20,7.19688722851e-05,4.72187771063e-05,7.19688722851e-05,0.0540891601243,8.78606825172e-05,0.00234337588542,7.19688722851e-05,4.72187771063e-05,7.19688722851e-05,0.292188937161,0.358724778768,0.292183574336
853,0.0498592038882,0.0406038245785,0.0475186500989,0.23001410633,0.0486329730607,0.224270450594,0.0224666120321,0.0607862384838,0.119525025053,0.145754339753,0.00459628052454,0.0059722956032,1,0.1,30,15,3,4,20,4.78096100997e-05,3.13678851864e-05,4.78096100997e-05,0.00236855283745,0.010293066367,6.24930556759e-05,4.78096100997e-05,3.13678851864e-05,4.78096100997e-05,0.305797595694,0.375432334738,0.305791983097
854,0.0129230442581,0.258812210789,0.0627220311198,0.104182675017,0.276087238108,0.0603028116783,0.0128814957446,0.00732124997564,0.0418021241326,0.0465712944927,0.0312756224973,0.0851182021862,1,0.1,30,15,3,4,20,0.000150570884262,9.87895571644e-05,0.000150570884262,0.0178411261738,0.000431481400062,0.00744552838883,0.000150570884262,9.87895571644e-05,0.000150570884262,0.301602681151,0.370282174688,0.301597145547
855,0.0679134392059,0.114565222227,0.0231823498989,0.126006613983,0.0375288580155,0.152517595407,0.0067235808576,0.0124940658827,0.133560643137,0.0905598018717,0.0866263561242,0.14832147339,1,0.1,30,15,3,4,20,6.91840256875e-05,4.53916392535e-05,6.91840256875e-05,0.0491094444851,0.000805890426373,0.00216457607151,6.91840256875e-05,4.53916392535e-05,6.91840256875e-05,0.293569264893,0.360419428008,0.293563876734
856,0.129960246331,0.161363420399,0.0934318896953,0.148913542908,0.00752580349922,0.0443339828072,0.017973238928,0.0772836784245,0.0424575088213,0.0240168135738,0.231221174414,0.0215187001993,1,0.1,30,15,3,4,20,3.04635053786e-05,1.99871058789e-05,3.04635053786e-05,0.00018929919584,0.00170183617459,0.000459505758523,3.04635053786e-05,1.99871058789e-05,3.04635053786e-05,0.309040036926,0.379413128895,0.309034364817
857,0.0294911795374,0.0236889307918,0.0378735697254,0.194844835687,0.0339786326081,0.0151100787483,0.214355442922,0.0688450668602,0.149667647926,0.147900587319,0.0322540216487,0.0519900062268,1,0.1,30,15,3,4,20,4.65477041706e-05,3.05399487063e-05,4.65477041706e-05,0.00235483544287,0.00291482874422,0.00335194398708,4.65477041706e-05,3.05399487063e-05,4.65477041706e-05,0.307070704003,0.37699534907,0.307065068039
858,0.024583391092,0.00450438107367,0.43616470962,0.00592741145001,0.0126335014437,0.100952402497,0.0275656875193,0.0969658903542,0.0196398695728,0.183596095671,0.0594321792536,0.0280344804527,1,0.1,30,15,3,4,20,2.98068827857e-05,1.95562957957e-05,2.98068827857e-05,6.19796730629e-05,0.000283001624531,0.00107235605844,2.98068827857e-05,1.95562957957e-05,2.98068827857e-05,0.309330272332,0.379769455294,0.309324594896
859,0.0277042153209,0.0014735904418,0.0455050481916,0.113978934207,0.0114478773409,0.0677972649332,0.0675707858812,0.0166943034854,0.289647636047,0.00337274621391,0.206231877928,0.14857572001,1,0.1,30,15,3,4,20,5.32745231762e-05,3.49534146559e-05,5.32745231762e-05,0.000235054467401,0.000158569739685,0.000279467670748,5.32745231762e-05,3.49534146559e-05,5.32745231762e-05,0.309522229855,0.380005124449,0.309516548896
860,0.00508431480336,0.124899859562,0.00330994848667,0.0471075604436,0.128515461007,0.0902802445597,0.0162181141329,0.00901968133076,0.30754731648,0.104221173404,0.02276344662,0.141032879169,1,0.1,30,15,3,4,20,3.98083728009e-05,2.61182733947e-05,3.98083728009e-05,0.0238659047816,0.00224258641529,0.00108584961466,3.98083728009e-05,2.61182733947e-05,3.98083728009e-05,0.301327620544,0.369944478619,0.301322089988
861,0.00179462251915,0.127630094054,0.145408135735,0.0187360241622,0.210910754485,0.0989151284169,0.0386462203644,0.0775956634123,0.203404832426,0.050815704973,0.00931642127244,0.0168263981798,1,0.1,30,15,3,4,20,0.00149698272716,0.000982170367293,0.00149698272716,0.108748209635,0.00573828190089,0.0198955472021,0.00149698272716,0.000982170367293,0.00149698272716,0.265720651386,0.326229263875,0.265715774359
862,0.0472839135522,0.0667272780166,0.0118751173232,0.0162184752487,0.361542951265,0.00345455535009,0.143141805709,0.0604244768383,0.0270035074432,0.0496945272207,0.0336271423419,0.179006249691,1,0.1,30,15,3,4,20,4.82440966869e-05,3.16529518363e-05,4.82440966869e-05,0.000379831516765,0.00147650442346,0.00108041534714,4.82440966869e-05,3.16529518363e-05,4.82440966869e-05,0.308829185578,0.379154263505,0.308823517339
863,0.0599733138912,0.0309412697675,0.0018177140248,0.0583478084272,0.036188089048,0.223602090302,0.0186995798582,0.0383604237179,0.00774038588518,0.219241830414,0.291081669724,0.0140058249412,1,0.1,30,15,3,4,20,0.000139450013521,9.14931538714e-05,0.000139450013521,0.00359013162817,0.000102838461903,0.000834088702697,0.000139450013521,9.14931538714e-05,0.000139450013521,0.308186370679,0.378365069928,0.308180714238
864,0.111940589401,0.100626105714,0.17275354448,0.0747922580785,0.0403487811532,0.0854719988501,0.144597298536,0.0472284932202,0.0695642787719,0.0180938801523,0.122925757131,0.0116570145119,1,0.1,30,15,3,4,20,0.000329621060681,0.000216264377913,0.000329621060681,0.050407109883,0.00730284712415,0.00936631486744,0.000329621060681,0.000216264377913,0.000329621060681,0.288494483819,0.354189042505,0.288489188802
865,0.0304117499423,0.0154669524954,0.054221166228,0.260527351834,0.0516748028517,0.181648726088,0.0297668509117,0.0596738752515,0.00521931731346,0.11687301791,0.012673654847,0.181842534327,1,0.1,30,15,3,4,20,8.14262726475e-05,5.3423777484e-05,8.14262726475e-05,0.000299206053159,0.000272464240927,0.000292597978435,8.14262726475e-05,5.3423777484e-05,8.14262726475e-05,0.309416667238,0.379875523627,0.309410988216
866,0.119538214549,0.0107393939429,0.115551020855,0.024946558876,0.0160409078726,0.117703736366,0.0455566233454,0.0811264752021,0.198425297997,0.191152470494,0.0390114294308,0.0402078710688,1,0.1,30,15,3,4,20,6.82196531307e-05,4.4758914419e-05,6.82196531307e-05,0.000137737724482,0.000270463503458,0.000146378849124,6.82196531307e-05,4.4758914419e-05,6.82196531307e-05,0.30953435004,0.380020004583,0.309528668858
867,0.101891683312,0.00992340130823,0.117324591469,0.0919369321744,0.0584569781328,0.0364527610562,0.0215290382161,0.335020947513,0.0581127221619,0.113076751264,0.032316575915,0.0239576174775,1,0.1,30,15,3,4,20,4.35453826532e-05,2.85701255588e-05,4.35453826532e-05,0.0644600167033,0.0137012213385,0.00200930327685,4.35453826532e-05,2.85701255588e-05,4.35453826532e-05,0.284908465976,0.349786434146,0.284903236777
868,0.0627517549231,0.17933602248,0.148912453009,0.061327238688,0.0198914044375,0.0803318226282,0.0336809906554,0.297444791639,0.0100416956817,0.0129031682518,0.0183238327768,0.0750548248291,1,0.1,30,15,3,4,20,0.000362899070624,0.000238098080237,0.000362899070624,0.116579530993,0.00318287802362,0.0231460507533,0.000362899070624,0.000238098080237,0.000362899070624,0.264945503655,0.325277603278,0.264940640855
869,0.0692660955859,0.0973224509695,0.00490635531216,0.0232693152682,0.0861472955771,0.173679384964,0.00256583284658,0.000911412758313,0.436058252517,0.0344086711913,0.0323309085067,0.0391340245032,1,0.1,30,15,3,4,20,0.000312501408492,0.000205032174112,0.000312501408492,0.0910719254245,0.00351904785632,0.00407414051836,0.000312501408492,0.000205032174112,0.000312501408492,0.278735853718,0.342208224689,0.278730737811
870,0.259858193547,0.013421995409,0.0339790408698,0.127401099204,0.201099376693,0.0149028303095,0.0408536085544,0.0449053522196,0.122332169762,0.0531767016846,0.00835996257056,0.0797096691758,1,0.1,30,15,3,4,20,0.000647998904998,0.000425152081569,0.000647998904998,0.0648810018457,0.00446251538547,0.00408457069695,0.000647998904998,0.000425152081569,0.000647998904998,0.286002582195,0.35112969718,0.285997332914
871,0.0934053353732,0.16414967884,0.210464552342,0.0511716516525,0.043443506446,0.0118100398613,0.135610083132,0.00282399374242,0.140724185225,0.0329352271791,0.0394922920225,0.0739694541832,1,0.1,30,15,3,4,20,7.02510638188e-05,4.60917229715e-05,7.02510638188e-05,0.131637259487,0.0011938316948,0.00118814965239,7.02510638188e-05,4.60917229715e-05,7.02510638188e-05,0.26818119288,0.329250107893,0.268176270692
872,0.0615369710867,0.0917215633022,0.127967189544,0.0106820037633,0.0623260417,0.0737164872237,0.121368075016,0.00774232401013,0.198002188236,0.127804321013,0.0121777977554,0.10495503735,1,0.1,30,15,3,4,20,4.00451986718e-05,2.62736548485e-05,4.00451986718e-05,0.0196140152806,0.00169635687368,0.00274414946845,4.00451986718e-05,2.62736548485e-05,4.00451986718e-05,0.302300004674,0.371138289327,0.302294456271
873,0.0669202799034,0.0278224125041,0.0671278297509,0.0089633714843,0.0978879629619,0.12302287161,0.0792812379633,0.0477772551947,0.0282349100614,0.190116425404,0.196625315763,0.0662201273983,1,0.1,30,15,3,4,20,6.85741474113e-06,4.49914981166e-06,6.85741474113e-06,0.000697084214297,0.00164375019602,8.54995862403e-05,6.85741474113e-06,4.49914981166e-06,6.85741474113e-06,0.309055437198,0.379432036041,0.309049764806
874,0.0937784279209,0.0432460408567,0.1870137335,0.101638000083,0.0180669668426,0.00182006196282,0.200078798676,0.210673371665,0.042424920954,0.031563065299,0.0167311468925,0.0529654653463,1,0.1,30,15,3,4,20,0.000303674110798,0.000199240584094,0.000303674110798,0.150291030419,0.00702652813775,0.0161901664823,0.000303674110798,0.000199240584094,0.000303674110798,0.25556276031,0.313758267319,0.255558069721
875,0.10018520277,0.0924628115806,0.256941241517,0.0207720641289,0.0326916654152,0.182192970268,0.0436539363168,0.0243900277232,0.000899419965177,0.0486775024698,0.145034893412,0.0520982644341,1,0.1,30,15,3,4,20,0.000484214405903,0.000317693071713,0.000484214405903,0.0203547217478,0.00313239628288,0.00258292690761,0.000484214405903,0.000317693071713,0.000484214405903,0.300944536896,0.369474161028,0.300939013371
876,0.120956862714,0.0473750134273,0.0738042698813,0.253051548956,0.146328341225,0.0391988960156,0.00125329283127,0.0974813711289,0.131046123538,0.0420696082557,0.0315362661678,0.015898405859,1,0.1,30,15,3,4,20,0.000734411670468,0.000481847496994,0.000734411670468,0.0207275155113,0.0230826448018,0.00355906112918,0.000734411670468,0.000481847496994,0.000734411670468,0.293933880075,0.360867071583,0.293928485224
877,0.059037857131,0.0253052221012,0.00565755033479,0.311273702383,0.0154603359222,0.0135747589377,0.0114699032295,0.0306630596515,0.370711574833,0.00825742429429,0.0699917666805,0.0785968445011,1,0.1,30,15,3,4,20,0.000373511884985,0.000245061147739,0.000373511884985,0.0165390325173,0.0125221478623,0.000620137824284,0.000373511884985,0.000245061147739,0.000373511884985,0.300007893975,0.368324230344,0.300002387642
878,0.0179883873896,0.0101618558151,0.0756963430847,0.0512287367696,0.279576085918,0.189388983271,0.0221463191849,0.017069715096,0.0590442780834,0.0548408507134,0.0373625629714,0.185495881703,1,0.1,30,15,3,4,20,0.000229739055436,0.000150731794272,0.000229739055436,0.0477008935134,0.00346099195422,0.000347450269623,0.000229739055436,0.000150731794272,0.000229739055436,0.293481795344,0.360312040319,0.29347640879
879,0.186654158104,0.0332384364623,0.0910187501419,0.00396527381196,0.171597576683,0.0959310335045,0.0172761854123,0.00259737116993,0.053373317695,0.0715838260116,0.117567970266,0.155196100738,1,0.1,30,15,3,4,20,7.4231375951e-05,4.87032057614e-05,7.4231375951e-05,0.000816440844661,0.000634211751959,0.000530475469984,7.4231375951e-05,4.87032057614e-05,7.4231375951e-05,0.309082484959,0.379465242988,0.309076812071
880,0.018888249148,0.307791480823,0.060019126663,0.104175581146,0.201935200035,0.0555548502913,0.000258379668377,0.00400341292648,0.131072561941,0.0574811483284,0.0459113672836,0.012908641745,1,0.1,30,15,3,4,20,0.000795630928839,0.000522013452411,0.000795630928839,0.0868694784647,0.00870099052065,0.00412496491039,0.000795630928839,0.000522013452411,0.000795630928839,0.277621498503,0.340840113932,0.277616403049
881,0.166579193584,0.0646784993391,0.0954581116948,0.0153679383455,0.120130779048,0.0279019981275,0.00347926429077,0.00233950827108,0.097910848426,0.196293044297,0.121187291519,0.0886735230566,1,0.1,30,15,3,4,20,9.27339087173e-05,6.08427175094e-05,9.27339087173e-05,0.00469247824756,0.000635872762321,0.000571048888756,9.27339087173e-05,6.08427175094e-05,9.27339087173e-05,0.307838080275,0.37793746853,0.307832430227
882,0.0488992482215,0.0404083450557,0.0015511572353,0.00691625934348,0.0390577555326,0.24750322151,0.0853055058391,0.177060950848,0.0455610207063,0.000340484560337,0.253546230362,0.0538498207862,1,0.1,30,15,3,4,20,4.81457683349e-05,3.15884386045e-05,4.81457683349e-05,0.000558367290879,0.00112829832895,0.000253702189701,4.81457683349e-05,3.15884386045e-05,4.81457683349e-05,0.30913804539,0.379533455368,0.309132371482
883,0.0521312150029,0.034499289862,0.0635926724326,0.0568101355168,0.317453804656,0.0545335865564,0.154999714913,0.0266439779086,0.0630908114265,0.00447973681408,0.0360341274739,0.135730927437,1,0.1,30,15,3,4,20,8.35822319566e-05,5.48383023867e-05,8.35822319566e-05,0.0984830223298,0.00519159825472,0.000959459404426,8.35822319566e-05,5.48383023867e-05,8.35822319566e-05,0.277263317086,0.340400369187,0.277258228205
884,0.0312506709328,0.219978576933,0.0143027758217,0.00121119326009,0.252830777047,0.160472008891,0.062843460831,0.0230210232255,0.0121015958277,0.0490488243579,0.150891623311,0.0220474695614,1,0.1,30,15,3,4,20,0.000251856332493,0.000165242939748,0.000251856332493,0.0652265907329,0.00134577888136,0.00404078605874,0.000251856332493,0.000165242939748,0.000251856332493,0.28752667853,0.35300085331,0.287521401277
885,0.119684070513,0.0310938482283,0.0960348421222,0.00211814691498,0.0272313657042,0.082543234401,0.00435258162851,0.316621942012,0.041727385376,0.0639786875843,0.0163690888612,0.198244806654,1,0.1,30,15,3,4,20,0.000141400466579,9.27728461222e-05,0.000141400466579,0.00187544556167,0.00145680473618,0.00116910413758,0.000141400466579,9.27728461222e-05,0.000141400466579,0.308191124273,0.378370905988,0.308185467745
886,0.185065624364,0.0102243410637,0.0776877721037,0.00309022125958,0.0289416848482,0.0282753077124,0.203740626448,0.221877171463,0.0380452103912,0.141598501451,0.0386294697563,0.0228240691375,1,0.1,30,15,3,4,20,9.11869929415e-05,5.98277860689e-05,9.11869929415e-05,0.00471526474987,0.000267893728131,0.00234076112431,9.11869929415e-05,5.98277860689e-05,9.11869929415e-05,0.307399283735,0.377398751379,0.30739364174
887,0.104025351627,0.0523168396967,0.0209472686067,0.0099597379422,0.143723900456,0.0225443510509,0.185386430715,0.0254119890653,0.0226455619832,0.118400066625,0.169327851961,0.125310650271,1,0.1,30,15,3,4,20,7.02641643601e-05,4.61003182366e-05,7.02641643601e-05,0.0189969761891,9.20721965129e-05,0.00221662874649,7.02641643601e-05,4.61003182366e-05,7.02641643601e-05,0.303101912499,0.372122803696,0.303096349378
888,0.0832523109878,0.0495912084568,0.20464795171,0.372063792205,0.0220492429987,0.0343330183482,0.0637491576956,0.00965722049109,0.0296910958952,0.0353857212162,0.0908417333805,0.00473754661516,1,0.1,30,15,3,4,20,0.000613401240444,0.000402452553855,0.000613401240444,0.0286743098005,0.0121915204803,0.0057805228303,0.000613401240444,0.000402452553855,0.000613401240444,0.294356999108,0.361386541221,0.29435159649
889,0.102714189791,0.114351211487,0.0500404650227,0.068892035054,0.0651061921623,0.0440326619735,0.150711494994,0.0851248496779,0.066333092174,0.190253712772,0.0306309271843,0.0318091677057,1,0.1,30,15,3,4,20,0.000110277553953,7.23531031484e-05,0.000110277553953,0.00586793484351,0.00121510127283,0.00212917550704,0.000110277553953,7.23531031484e-05,0.000110277553953,0.306782836455,0.376641929726,0.306777205774
890,0.0437233471072,0.179758798146,0.0705966248547,0.0129177328673,0.0698026481006,0.333444811983,0.000827414144742,0.0392810900697,0.0363703021025,0.0665070682648,0.0798138541219,0.0669563082371,1,0.1,30,15,3,4,20,0.000185852073884,0.000121937545675,0.000185852073884,0.0036369819668,0.00490647030587,0.000315980657435,0.000185852073884,0.000121937545675,0.000185852073884,0.30676775193,0.376623410227,0.306762121526
891,0.0297174646174,0.0193409333776,0.268401817273,0.00207369171129,0.00377427021651,0.343727136478,0.0786737328895,0.0268042740972,0.0298844467931,0.0305362303403,0.0196605486093,0.147405453597,1,0.1,30,15,3,4,20,0.000135444523188,8.88651516636e-05,0.000135444523188,0.0113659150182,6.0959672622e-05,0.011671965755,0.000135444523188,8.88651516636e-05,0.000135444523188,0.302439082449,0.371309037216,0.302433531494
892,0.217649859722,0.0648412147785,0.0643467357844,0.0310876391609,0.0977749596383,0.208225379771,0.0594615805246,0.0241841967972,0.0251080843601,0.0293829045058,0.0109287205244,0.167008724433,1,0.1,30,15,3,4,20,0.000114438678978,7.50832172772e-05,0.000114438678978,0.00199366357099,0.00133911833491,0.00204086675967,0.000114438678978,7.50832172772e-05,0.000114438678978,0.307965245614,0.37809359134,0.307959593231
893,0.0164573259863,0.0587438949105,0.0465195924568,0.0515707835466,0.0932367489704,0.0427543146446,0.178551849259,0.0227512656613,0.140673523387,0.260293367325,8.63975307759e-06,0.0884386940996,1,0.1,30,15,3,4,20,7.57778937775e-06,4.97178761074e-06,7.57778937775e-06,0.0369019449851,0.00091691965067,2.73162682575e-05,7.57778937775e-06,4.97178761074e-06,7.57778937775e-06,0.298080529656,0.36595797601,0.298075058697
894,0.114166685858,0.142857442804,0.0161977133126,0.225263616012,0.028866693558,0.217464818152,0.025081691084,0.0811660244059,0.0298829539946,0.106613282205,0.00358605123387,0.00885302738056,1,0.1,30,15,3,4,20,0.000488634210705,0.000320592905644,0.000488634210705,0.0230537660272,0.00171427309409,0.0153195056499,0.000488634210705,0.000320592905644,0.000488634210705,0.296594382684,0.364133410888,0.296588939002
895,0.0287904017831,0.243257438361,0.0953605069159,0.0458122139985,0.0714367591762,0.148011715462,0.0754764549686,0.0129399469017,0.0512558377596,0.0639570093924,0.0709934533536,0.0927082619283,1,0.1,30,15,3,4,20,5.69321646668e-05,3.73531932379e-05,5.69321646668e-05,0.00032827551788,0.00292003160268,0.00010165949782,5.69321646668e-05,3.73531932379e-05,5.69321646668e-05,0.308686864872,0.37897953422,0.308681199245
896,0.0780518377048,0.0246067054388,0.0266998776074,0.0377245892484,0.0345154611944,0.142836234923,0.0282821774231,0.00507133247144,0.10304186383,0.0691386277553,0.210551142626,0.239480149778,1,0.1,30,15,3,4,20,4.20128592332e-06,2.75646369429e-06,4.20128592332e-06,0.0119251592072,0.000602009771283,6.45209013495e-05,4.20128592332e-06,2.75646369429e-06,4.20128592332e-06,0.305910393935,0.375570818846,0.305904779268
897,0.131840025808,0.0534108245604,0.0964365688785,0.0433954555675,0.0499673554734,0.0121394904918,0.342862824297,0.0332137839956,0.103843647389,0.0280599132982,0.0385237479601,0.0663063622809,1,0.1,30,15,3,4,20,3.69649424297e-05,2.42526987281e-05,3.69649424297e-05,0.11380228951,0.00746335045517,0.000681088888978,3.69649424297e-05,2.42526987281e-05,3.69649424297e-05,0.271976262667,0.333909372487,0.271971270824
898,0.0567157077591,0.0588291808242,0.0935386505622,0.0112613762747,0.186781184453,0.0462260832177,0.119522277716,0.00235694738907,0.256355770225,0.110984460069,0.0201788307061,0.0372495308043,1,0.1,30,15,3,4,20,3.34336334237e-05,2.19358068893e-05,3.34336334237e-05,0.0586914259711,0.00687895699199,0.0101874045717,3.34336334237e-05,2.19358068893e-05,3.34336334237e-05,0.286292260592,0.351485339731,0.286287005995
899,0.0986887440103,0.184326443507,0.146920878563,0.0129595672856,0.0126593922345,0.0202368181464,0.00334506878342,0.00485461469899,0.0192144861717,0.158469893808,0.26498867972,0.0733354130705,1,0.1,30,15,3,4,20,1.37806273484e-05,9.04146960331e-06,1.37806273484e-05,0.00606872065936,0.000972648165284,4.72380453977e-05,1.37806273484e-05,9.04146960331e-06,1.37806273484e-05,0.307599584715,0.377644663922,0.307593939044
900,0.0741790794285,0.0276062970122,0.158041011033,0.134262500929,0.0635785634217,0.188051139255,0.0887507525158,0.00366873773957,0.0480308174926,0.0681135708437,0.0842896331726,0.0614278971562,1,0.1,30,15,3,4,20,0.000284851405958,0.000186891007449,0.000284851405958,0.0291729646946,0.00356611561578,0.00352742834665,0.000284851405958,0.000186891007449,0.000284851405958,0.298113599473,0.365998576324,0.298108127907
901,0.082763586307,0.0944419366272,0.0917749796731,0.0147564346287,0.0951680901183,0.0349773017058,0.0473374696131,0.336682676661,0.0954826737044,0.0423927216168,0.0370616307234,0.0271604986208,1,0.1,30,15,3,4,20,0.00120458655334,0.000790329237648,0.00120458655334,0.149009183423,0.00146024936186,0.00543153565194,0.00120458655334,0.000790329237648,0.00120458655334,0.259534920775,0.318634948818,0.259530157281
902,0.00681360967194,0.0777449235658,0.0894354300197,0.0397710768186,0.197244839865,0.0146901703858,0.0753311957575,0.0377581007638,0.0256110660098,0.00366086580607,0.19059098765,0.241347733687,1,0.1,30,15,3,4,20,6.40306624625e-05,4.20105176416e-05,6.40306624625e-05,0.00317594406768,0.00103314748521,8.33688942392e-05,6.40306624625e-05,4.20105176416e-05,6.40306624625e-05,0.308383180066,0.37860669579,0.308377520012
903,0.0420014952378,0.309980205295,0.0394696481441,0.0449617694386,0.0433586139503,0.0622125678087,0.228106376123,0.0172252323953,0.0407323266875,0.0440623012088,0.116417515603,0.0114719481074,1,0.1,30,15,3,4,20,0.000168570124223,0.000110598858503,0.000168570124223,0.0981798734858,0.00448455137677,0.00018645510255,0.000168570124223,0.000110598858503,0.000168570124223,0.277675910782,0.34090691671,0.277670814329
904,0.0490269559338,0.16268385274,0.0834508129125,0.0705768184931,0.110156637012,0.0201826242538,0.0716414206143,0.0266123024089,0.180965225414,0.0274370606583,0.00677897523473,0.190487314325,1,0.1,30,15,3,4,20,8.51077915486e-05,5.5839222035e-05,8.51077915486e-05,0.000309787546515,0.00154880412779,0.000220503894993,8.51077915486e-05,5.5839222035e-05,8.51077915486e-05,0.309034232224,0.379406002375,0.309028560222
905,0.0768362059934,0.0568567130019,0.0907228637828,0.0974109880801,0.0728654972896,0.0847569052346,0.0502785378452,0.262213800016,0.0179743211974,0.0047653076792,0.0175345135272,0.167784346352,1,0.1,30,15,3,4,20,8.39039549478e-05,5.50493848413e-05,8.39039549478e-05,0.0297186645927,2.85552646931e-05,0.0160114049224,8.39039549478e-05,5.50493848413e-05,8.39039549478e-05,0.295503489645,0.362794105,0.295498065985
906,0.0468197734876,0.0864241805965,0.38068083474,0.0426784749062,0.0291758476291,0.112094478841,0.0109797422434,0.0593970296448,0.00226214426445,0.0962150279874,0.103136901708,0.0301355639526,1,0.1,30,15,3,4,20,3.25727557202e-05,2.1370985028e-05,3.25727557202e-05,0.0772931802509,0.00248816066385,0.00127705072658,3.25727557202e-05,2.1370985028e-05,3.25727557202e-05,0.284651452511,0.349470894826,0.284646228029
907,0.0489438683679,0.0504069111615,0.150848376071,0.00143457060724,0.17411300703,0.111554801605,0.0254205029004,0.00840156399799,0.0140226293979,0.01151848692,0.16770808171,0.235627200231,1,0.1,30,15,3,4,20,3.94599443367e-05,2.58896694793e-05,3.94599443367e-05,0.00497441481692,0.00218603527215,0.000148938836985,3.94599443367e-05,2.58896694793e-05,3.94599443367e-05,0.307488918891,0.377508797816,0.307483275251
908,0.0530746779049,0.0935960600917,0.227279253924,0.0720566577489,0.0115406105643,0.0397483173273,0.00576589190991,0.195053530819,0.0919546733481,0.00601457091168,0.0420410944745,0.161874660976,1,0.1,30,15,3,4,20,0.000271305638355,0.000178003629325,0.000271305638355,0.00178859015835,0.00140522545726,0.000455642239107,0.000271305638355,0.000178003629325,0.000271305638355,0.308241257337,0.378432455108,0.308235599888
909,0.0633271779123,0.0103662703668,0.00421874748361,0.0858738543934,0.230182833944,0.104060703363,0.0597457636425,0.00963351315813,0.223244642877,0.113774245915,0.019885254025,0.0756869929187,1,0.1,30,15,3,4,20,9.85231748796e-05,6.46410550385e-05,9.85231748796e-05,0.0740316767048,4.39895353395e-05,0.0029947966291,9.85231748796e-05,6.46410550385e-05,9.85231748796e-05,0.28577844405,0.350854519389,0.285773198883
910,0.091563214856,0.0501898673052,0.02390566193,0.0722336055612,0.153001028823,0.103034232831,0.0144810193124,0.0152750963682,0.041030819872,0.0730934839189,0.198806396095,0.163385573127,1,0.1,30,15,3,4,20,1.11150669844e-05,7.29259544846e-06,1.11150669844e-05,4.61636250799e-05,0.000130370968624,0.000438819945005,1.11150669844e-05,7.29259544846e-06,1.11150669844e-05,0.309609504721,0.380112273122,0.30960382216
911,0.0818218048153,0.0168019327911,0.0111774572348,0.128073070153,0.0819089501016,0.011891617279,0.0454141388967,0.0064132558141,0.205032977453,0.111414263895,0.25682970129,0.0432208302756,1,0.1,30,15,3,4,20,8.23593721948e-06,5.4035984097e-06,8.23593721948e-06,0.0132673301806,0.00121920328,0.00225748924229,8.23593721948e-06,5.4035984097e-06,8.23593721948e-06,0.304617284332,0.373983248622,0.304611693398
912,0.00503696402118,0.000301048446359,0.0834242960141,0.181015868595,0.0486327862609,0.210889128672,0.00899237892139,0.0545503136429,0.0847655161409,0.203618222674,0.0204954424472,0.0982780341638,1,0.1,30,15,3,4,20,1.71940981372e-05,1.12810477878e-05,1.71940981372e-05,0.00305540647433,0.00107973318932,0.00351746931404,1.71940981372e-05,1.12810477878e-05,1.71940981372e-05,0.307419228508,0.377423237879,0.307413586147
913,0.178226048306,0.116947309534,0.0676315411743,0.158546960227,0.00262480678192,0.078862762263,0.110399768965,0.110970746334,0.065990216783,0.0393775293325,0.0476058876849,0.0228164226147,1,0.1,30,15,3,4,20,0.000854605204914,0.000560706474944,0.000854605204914,0.0277394004812,0.00785471639904,0.0128499715767,0.000854605204914,0.000560706474944,0.000854605204914,0.293403049818,0.360215363246,0.29339766471
914,0.0581648187227,0.141157844133,0.0199281659143,0.320011320455,0.15325271073,0.0968422668824,0.00558645523316,0.0106681056609,0.0305180587985,0.0961403114711,0.0653493356292,0.00238060636923,1,0.1,30,15,3,4,20,8.83879221154e-05,5.79913156999e-05,8.83879221154e-05,0.102458066948,0.00598658591008,0.000397759250216,8.83879221154e-05,5.79913156999e-05,8.83879221154e-05,0.275951588878,0.338789940621,0.275946524073
915,0.0833181048582,0.164431679174,0.0849808586931,0.165403966144,0.186155876811,0.0409326176115,0.0151695325073,0.0275498517905,0.13685742397,0.0241657907236,0.0305306963559,0.0405036013608,1,0.1,30,15,3,4,20,0.00010646279453,6.98502394912e-05,0.00010646279453,0.0718705335336,6.22734451258e-05,0.000357500089514,0.00010646279453,6.98502394912e-05,0.00010646279453,0.287246357328,0.352656698728,0.287241085219
916,0.0978106007926,0.133038073642,0.125174651964,0.036335101546,0.0236100734356,0.202095105362,0.048081331476,0.14825235165,0.00787810605906,0.0085805842714,0.138016853913,0.031127165888,1,0.1,30,15,3,4,20,0.000130501650209,8.56221327019e-05,0.000130501650209,0.0172276594063,0.00139289658275,0.0105205033102,0.000130501650209,8.56221327019e-05,0.000130501650209,0.300575226659,0.369020753263,0.300569709913
917,0.0391377172731,0.195727730699,0.115412529916,0.11115535295,0.0600658824184,0.0385854462609,0.0561941752414,0.0832880964688,0.0339720608043,0.0450080676744,0.200886192808,0.0205667474854,1,0.1,30,15,3,4,20,4.43387301268e-05,2.90906408362e-05,4.43387301268e-05,0.00310197806351,0.00507844925547,5.35697393425e-05,4.43387301268e-05,2.90906408362e-05,4.43387301268e-05,0.307194428645,0.377147247685,0.30718879041
918,0.04392279768,0.0757125978636,0.173634170342,0.0893643473109,0.0656177715931,0.186742633759,0.0310286849348,0.106244223383,0.0104413746208,0.0374388253255,0.0431300768361,0.136722496351,1,0.1,30,15,3,4,20,0.000121938666171,8.00039588748e-05,0.000121938666171,0.000553559080782,0.000555281994319,0.000302176700233,0.000121938666171,8.00039588748e-05,0.000121938666171,0.309180598149,0.379585698034,0.309174923459
919,0.211586331844,0.135230673345,0.0178261688392,0.0387863607306,0.00124429704932,0.127950267248,0.0991199773096,0.0229326079232,0.0340312162429,0.0130491072388,0.21475426268,0.0834887295491,1,0.1,30,15,3,4,20,0.000150719654569,9.88871653627e-05,0.000150719654569,0.0153212096654,0.000999105382381,0.00208140928954,0.000150719654569,9.88871653627e-05,0.000150719654569,0.303869195584,0.373064808749,0.303863618381
920,0.0222605568509,0.0601495889305,0.347469359909,0.0747403561211,0.0294362322698,0.0367654789283,0.0716342017312,0.00754010136152,0.0308522455199,0.161473320304,0.0866429532155,0.0710356048585,1,0.1,30,15,3,4,20,9.77659320254e-06,6.41442280018e-06,9.77659320254e-06,0.0285689500165,0.000333181611995,0.00242651384056,9.77659320254e-06,6.41442280018e-06,9.77659320254e-06,0.300096163528,0.36843260021,0.300090655575
921,0.00565884091208,0.10788347403,0.105345643533,0.137664402675,0.0344694437315,0.0766548065067,0.0253201083231,0.0342110895188,0.0742336921308,0.0244186422161,0.31478279558,0.0593570608426,1,0.1,30,15,3,4,20,4.11482403747e-06,2.69973605098e-06,4.11482403747e-06,0.000142247229547,0.00135543459352,1.61629071943e-05,4.11482403747e-06,2.69973605098e-06,4.11482403747e-06,0.309342657008,0.379784660148,0.309336979345
922,0.0124838114551,0.0298535761326,0.0653078455174,0.192153348493,0.0787274285552,0.00458437188951,0.164216485202,0.00279512294746,0.127621976816,0.132073843432,0.180141578439,0.0100406111222,1,0.1,30,15,3,4,20,0.000142421956368,9.34430455732e-05,0.000142421956368,0.0323553581635,0.000463517403529,0.000959781043347,0.000142421956368,9.34430455732e-05,0.000142421956368,0.299118794816,0.367232669855,0.299113304801
923,0.0277753882356,0.0772295945123,0.0792026407965,0.044341860869,0.0710765370925,0.0155951678909,0.0358765506708,0.0305800573602,0.10915290939,0.0851479232485,0.319876451455,0.104144918479,1,0.1,30,15,3,4,20,1.76071748626e-05,1.15520674274e-05,1.76071748626e-05,0.000415072028552,0.000587647432967,0.000219950923736,1.76071748626e-05,1.15520674274e-05,1.76071748626e-05,0.309410662244,0.379868151205,0.309404983332
924,0.0343763006418,0.0864195639323,0.10463486218,0.119257430432,0.0535904526908,0.174395159865,0.0362431797399,0.0690328774375,0.0317434608441,0.112520077537,0.0988947395328,0.0788918951671,1,0.1,30,15,3,4,20,6.90037840593e-05,4.52733827213e-05,6.90037840593e-05,0.00616592606742,0.00516754597478,0.000753461113722,6.90037840593e-05,4.52733827213e-05,6.90037840593e-05,0.305960123791,0.375631872942,0.30595450821
925,0.00235644738145,0.482441050839,0.116302870028,0.0721423344998,0.0473056456441,0.0136335886019,0.118958263543,0.00745346679255,0.070975159594,0.0312885222424,0.0285214053723,0.00862124546188,1,0.1,30,15,3,4,20,0.00180807440848,0.0011862776194,0.00180807440848,0.00135213958762,0.00228749831868,0.0171980410534,0.00180807440848,0.0011862776194,0.00180807440848,0.300386788367,0.368789404721,0.300381275079
926,0.269477806995,0.0377087316743,0.042111625661,0.127278842251,0.0393315985738,0.0336991289915,0.0178789419498,0.0158816629759,0.00512387201199,0.0209161240672,0.357622212591,0.0329694522564,1,0.1,30,15,3,4,20,4.71890428664e-05,3.09607310246e-05,4.71890428664e-05,0.000969449940824,0.000621637270037,0.000806099710044,4.71890428664e-05,3.09607310246e-05,4.71890428664e-05,0.308998088998,0.379361628789,0.308992417659
927,0.069540399693,0.132416396739,0.00535733094,0.0460108063845,0.158179302626,0.0476501158517,0.0276785165157,0.0944737835945,0.0817338713331,0.0269870210515,0.210349745367,0.0996227099032,1,0.1,30,15,3,4,20,5.28188654367e-05,3.4654457613e-05,5.28188654367e-05,0.00151862588286,0.000275235264572,0.00179692513279,5.28188654367e-05,3.4654457613e-05,5.28188654367e-05,0.308619024238,0.378896245248,0.308613359856
928,0.10577512474,0.1537275247,0.00364733542192,0.16444276835,0.0947634245964,0.0065759146471,0.125548737798,0.0564813791402,0.0151694057105,0.203064035828,0.0541079003699,0.0166964486978,1,0.1,30,15,3,4,20,0.000207717656643,0.000136283554523,0.000207717656643,0.0546058880767,0.00321891756854,0.000633977920227,0.000207717656643,0.000136283554523,0.000207717656643,0.29136497142,0.357713183561,0.291359623718
929,0.0311992557031,0.163699044266,0.153133350379,0.0381006363482,0.0350795382361,0.0644357114068,0.0839755507276,0.0256221658242,0.0564303101862,0.1902488876,0.115298015624,0.0427775336982,1,0.1,30,15,3,4,20,5.68376063826e-05,3.72911535476e-05,5.68376063826e-05,0.0208914719124,0.0003931008005,0.00106951543757,5.68376063826e-05,3.72911535476e-05,5.68376063826e-05,0.302799193091,0.371751150499,0.302793635526
930,0.0515187375804,0.0547526628592,0.0299385225534,0.0551413920986,0.213073007541,0.263922812599,0.0362699498086,0.0505422760188,0.0318978621915,0.0297972719117,0.0152058043528,0.167939700485,1,0.1,30,15,3,4,20,9.53415347046e-05,6.25535809197e-05,9.53415347046e-05,0.0070005986783,0.00419793239726,0.00516977882525,9.53415347046e-05,6.25535809197e-05,9.53415347046e-05,0.304590327167,0.373950152903,0.304584736728
931,0.13960778836,0.0309606389294,0.0725359373879,0.479022558797,0.064273475492,0.0857553391287,0.0164826274551,0.00777580992354,0.0366460147654,0.0506691953695,0.0124080078412,0.0038626065499,1,0.1,30,15,3,4,20,0.00214124808062,0.00140487286569,0.00214124808062,0.0712172122733,0.00652430632824,0.0264179475369,0.00214124808062,0.00140487286569,0.00214124808062,0.274023818645,0.33642318794,0.274018789222
932,0.0843021712731,0.243016032982,0.117131339725,0.00531831719825,0.0113498180906,0.0680063827105,0.0276566406258,0.041498321347,0.124379731514,0.0437651352821,0.198835008365,0.0347411008863,1,0.1,30,15,3,4,20,6.78053134575e-05,4.44870661595e-05,6.78053134575e-05,0.01687548036,0.00121425677128,0.00337207443316,6.78053134575e-05,4.44870661595e-05,6.78053134575e-05,0.303057585992,0.372068383373,0.303052023685
933,0.11717881765,0.0318855027142,0.0118371853064,0.190334913754,0.080268404867,0.177922081939,0.050518080358,0.0149440935799,0.0306773293595,0.0892435056944,0.108852299258,0.0963377855199,1,0.1,30,15,3,4,20,2.66606447742e-05,1.74920490363e-05,2.66606447742e-05,0.000926718424726,0.000842253736846,0.00236747418083,2.66606447742e-05,1.74920490363e-05,2.66606447742e-05,0.308493020344,0.378741548361,0.308487358275
934,0.225189595612,0.0854407746259,0.101622268387,0.0985144980131,0.10498185557,0.0923692919432,0.0257566238648,0.0405812882015,0.000493058093749,0.0194669584631,0.124683568298,0.0809002189283,1,0.1,30,15,3,4,20,0.000126790664816,8.3187355186e-05,0.000126790664816,0.0157643351057,0.000906859056615,0.00204415524619,0.000126790664816,8.3187355186e-05,0.000126790664816,0.303811411504,0.372993866358,0.30380583536
935,0.0330416627974,0.0575357381811,0.0369366125194,0.0472804975933,0.0363708835278,0.029684625238,0.0253852980951,0.124108111547,0.452163500866,0.114057539529,0.0174612258288,0.0259743042775,1,0.1,30,15,3,4,20,0.000862697566905,0.000566015873646,0.000862697566905,0.0403129185501,0.00585083141406,0.00469159794767,0.000862697566905,0.000566015873646,0.000862697566905,0.292642678609,0.359281844008,0.292637307456
936,0.0602737681032,0.129074701319,0.179193282295,0.0371707391566,0.0225728562483,0.294002149713,0.0102283541017,0.00693308088225,0.0301693006904,0.053432623255,0.0289233819152,0.14802576232,1,0.1,30,15,3,4,20,0.000162785036377,0.000106803262367,0.000162785036377,0.0793573821225,0.000280257424221,0.000400253081688,0.000162785036377,0.000106803262367,0.000162785036377,0.284753316273,0.349595954508,0.284748089921
937,0.0251719494383,0.0195618255529,0.0397485228334,0.177408496141,0.168409684368,0.00959448839289,0.0089564153046,0.141672631751,0.113744007639,0.0149574946677,0.224910078712,0.0558644051995,1,0.1,30,15,3,4,20,0.000216746893692,0.000142207636951,0.000216746893692,0.0227010616862,0.00349398818083,0.000807302064327,0.000216746893692,0.000142207636951,0.000216746893692,0.301095893717,0.369659984088,0.301090367415
938,0.198495867326,0.173712329035,0.0650015018711,0.0350701312159,0.123712215546,0.0297547649149,0.0210593761511,0.00823429318844,0.0735384342927,0.0589002398374,0.205488021952,0.00703282467015,1,0.1,30,15,3,4,20,6.55648463823e-05,4.30170957114e-05,6.55648463823e-05,0.0080692133659,0.00127956361483,0.00151827615026,6.55648463823e-05,4.30170957114e-05,6.55648463823e-05,0.306343724989,0.376102825936,0.306338102367
939,0.0473372369124,0.111983144948,0.308623807114,0.0905447033756,0.0318703472767,0.0267436600637,0.0428512882673,0.0225560346358,0.139841313651,0.117270252932,0.0473768682768,0.0130013425473,1,0.1,30,15,3,4,20,0.000406222190501,0.000266522379188,0.000406222190501,0.0407629237341,0.00520802882923,0.0026799071047,0.000406222190501,0.000266522379188,0.000406222190501,0.294076944917,0.361042714454,0.29407154744
940,0.0316881657534,0.0373361544471,0.194949308308,0.0189357749298,0.119540833634,0.061844510408,0.0828040166106,0.0311430423846,0.172372786211,0.0144158668502,0.128669789927,0.106299750536,1,0.1,30,15,3,4,20,0.000116687270661,7.65585182806e-05,0.000116687270661,0.000636868270192,0.000241539319144,0.00155271507478,0.000116687270661,7.65585182806e-05,0.000116687270661,0.308873193676,0.379208292912,0.308867524629
941,0.200642720563,0.0737616631315,0.0230295109432,0.0766946372095,0.0349639453815,0.0133632708682,0.00286107186551,0.0374167676745,0.212470873084,0.000918913803619,0.218859790408,0.105016835068,1,0.1,30,15,3,4,20,0.000113792343517,7.46591565813e-05,0.000113792343517,0.0265715747667,0.00144170914751,9.25209733783e-05,0.000113792343517,7.46591565813e-05,0.000113792343517,0.300923468042,0.369448294478,0.300917944904
942,0.253720669172,0.189704157817,0.00673048325982,0.0443742961803,0.0880782105477,0.0189041197752,0.181753995293,0.0459357359236,0.025342561845,0.00428814351306,0.0527682804337,0.08839934624,1,0.1,30,15,3,4,20,3.27860220832e-05,2.15109090888e-05,3.27860220832e-05,0.132616646004,0.000419077540561,0.000796579391267,3.27860220832e-05,2.15109090888e-05,3.27860220832e-05,0.268300770312,0.329396914916,0.26829584593
943,0.103365395484,0.0383005877945,0.137220623556,0.0516230508546,0.0212589221911,0.0315187893277,0.0903225235091,0.179022565455,0.0458327277461,0.0870254849896,0.0481763496504,0.166332979441,1,0.1,30,15,3,4,20,0.00014165476519,9.2939691441e-05,0.00014165476519,0.00409361616058,0.000426940180264,0.00196399376761,0.00014165476519,9.2939691441e-05,0.00014165476519,0.307576275142,0.377616046407,0.307570629899
944,0.0229072864602,0.16543392969,0.125399399954,0.145810790595,0.00561693097241,0.0277733305463,0.426965233333,0.00154985222004,0.0546112339376,0.0112404447898,0.00337177253727,0.00931979496444,1,0.1,30,15,3,4,20,0.00329161065545,0.00215962575104,0.00329161065545,0.219393907665,0.122992427235,0.0073293334142,0.00329161065545,0.00215962575104,0.00329161065545,0.196052690698,0.24069685451,0.196049092354
945,0.0252985857373,0.0129924413973,0.0742467302679,0.143366971441,0.18581149733,0.00759486618437,0.0630812026778,0.0570287825619,0.00676291467902,0.0418529087041,0.278829486576,0.103133612443,1,0.1,30,15,3,4,20,1.51972302712e-05,9.97090278093e-06,1.51972302712e-05,1.63538484138e-05,2.17664026338e-05,0.000520164315357,1.51972302712e-05,9.97090278093e-06,1.51972302712e-05,0.309620467555,0.380125732359,0.309614784793
946,0.0413680472633,0.0446797990033,0.0927507715968,0.107692075671,0.0760246722828,0.0968481086232,0.139168683157,0.274280140876,0.0157800517468,0.0446789856268,0.00139130394742,0.0653373602059,1,0.1,30,15,3,4,20,0.000477217860003,0.000313102637948,0.000477217860003,0.00181346121812,0.00496560960821,0.00273699373502,0.000477217860003,0.000313102637948,0.000477217860003,0.306084780414,0.375784915764,0.306079162545
947,0.126908943303,0.0143097676534,0.0249557696907,0.113373648778,0.0566144857031,0.100697438606,0.189067986861,0.168192948037,0.0144134142019,0.181363851131,0.0031261452898,0.00697560074583,1,0.1,30,15,3,4,20,0.00016689907845,0.000109502485371,0.00016689907845,0.063488543117,0.00131366352125,0.00704944706399,0.00016689907845,0.000109502485371,0.00016689907845,0.287282793135,0.352701431521,0.287277520358
948,0.0578166386499,0.0260506449907,0.00897839879294,0.263061991796,0.0639451568993,0.00420056410523,0.0726460829362,0.142030671841,0.138679786388,0.0423103524022,0.12782408134,0.052455629858,1,0.1,30,15,3,4,20,7.67717120211e-05,5.0369920257e-05,7.67717120211e-05,0.02768808994,0.000719735167908,0.0100297452092,7.67717120211e-05,5.0369920257e-05,7.67717120211e-05,0.297783425735,0.365593217031,0.297777960229
949,0.185811808943,0.0180807831373,0.0339779716097,0.0313992341238,0.0754289467774,0.0279864403758,0.163431580672,0.162813259536,0.0609311567243,0.118192359126,0.0448118824478,0.0771345765269,1,0.1,30,15,3,4,20,0.000118981158782,7.80635382771e-05,0.000118981158782,0.000624104050195,0.00140641190601,0.000310568361149,0.000118981158782,7.80635382771e-05,0.000118981158782,0.308897313895,0.37923790567,0.308891644405
950,0.0425195386491,0.0202424988347,0.0347012166449,0.145700984566,0.0311086210156,0.18031653857,0.132395294437,0.0894508968644,0.13695392756,0.116741705119,0.0557809498238,0.0140878279163,1,0.1,30,15,3,4,20,1.44237138337e-05,9.46339864627e-06,1.44237138337e-05,0.1261197244,0.00015255006278,0.000545742938633,1.44237138337e-05,9.46339864627e-06,1.44237138337e-05,0.270504146367,0.332102033035,0.270499181544
951,0.148483653291,0.0237450975813,0.184561355405,0.0173255853297,0.0196584941638,0.0777256132301,0.112111486495,0.115241427436,0.000150722364702,0.10471826108,0.119057066425,0.0772212371989,1,0.1,30,15,3,4,20,6.16035159823e-05,4.0418066836e-05,6.16035159823e-05,0.000207692053094,0.00065123965789,0.000234439379917,6.16035159823e-05,4.0418066836e-05,6.16035159823e-05,0.3093783116,0.37982843383,0.309372633282
952,0.0528820881421,0.296431699247,0.171735224967,0.115233126847,0.000370973601789,0.0494492699324,0.0150834353569,0.108734953925,0.0284431817615,0.0987802946933,0.0244194279964,0.0384363235298,1,0.1,30,15,3,4,20,0.000107402903553,7.04670450211e-05,0.000107402903553,0.0907197739615,0.00141463772229,0.00386841341448,0.000107402903553,7.04670450211e-05,0.000107402903553,0.279898234586,0.343635297267,0.279893097344
953,0.114539356138,0.00965918858973,0.0464223906693,0.0603226486737,0.0111683455437,0.255478682648,0.213476039381,0.0666391972911,0.0671056410659,0.0385137621074,0.0431461189138,0.0735286289788,1,0.1,30,15,3,4,20,6.70251552802e-05,4.39752043793e-05,6.70251552802e-05,0.000412165823553,8.3039774693e-05,0.00643858075057,6.70251552802e-05,4.39752043793e-05,6.70251552802e-05,0.30755992019,0.377595967185,0.307554275247
954,0.194022505514,0.126069117504,0.0202446143897,0.0746556393801,0.0169452516644,0.017088582838,0.109118200576,0.106538247294,0.054569962634,0.00910072346646,0.226106365471,0.0455407892679,1,0.1,30,15,3,4,20,0.000249441789461,0.000163658758065,0.000249441789461,0.0192788685972,0.000669984220344,0.00305364128081,0.000249441789461,0.000163658758065,0.000249441789461,0.302281313623,0.371115342041,0.302275765563
955,0.0934016422257,0.152174451449,0.128076052782,0.145434590033,0.0709127085064,0.00536064101962,0.102225185577,0.029159987112,0.0176456918566,0.111122882093,0.0469835980635,0.0975025692821,1,0.1,30,15,3,4,20,0.000130747942217,8.57837248885e-05,0.000130747942217,0.0705880997903,0.000184565736174,0.00380405129314,0.000130747942217,8.57837248885e-05,0.000130747942217,0.286498016489,0.351737949359,0.286492758115
956,0.0926617922327,0.00719633651514,0.0493125134991,0.00967997040212,0.234889221647,0.19743044815,0.0639611875753,0.0565254213528,0.0900464612748,0.10036714918,0.0093195322714,0.0886099658994,1,0.1,30,15,3,4,20,4.30418854824e-05,2.8239781065e-05,4.30418854824e-05,0.0194108912477,0.0127416384525,4.93661060598e-05,4.30418854824e-05,2.8239781065e-05,4.30418854824e-05,0.299770865864,0.368033227345,0.299765363881
957,0.00850787961761,0.274929055075,0.149898539602,0.015374777376,0.0865798671525,0.0329779341221,0.190409171216,0.0284792775421,0.0317046927694,0.0289956790167,0.058545344751,0.0935977817596,1,0.1,30,15,3,4,20,0.000437978948388,0.000287357988037,0.000437978948388,0.0563700130983,0.00121153851104,0.00924584934358,0.000437978948388,0.000287357988037,0.000437978948388,0.288393251308,0.35406475782,0.288387958149
958,0.0502768686659,0.0916334785831,0.075723655576,0.204871923776,0.214881057783,0.0139857819157,0.172287758989,0.0218414835573,0.0697976551409,0.0512471271708,0.0127616445226,0.0206915643197,1,0.1,30,15,3,4,20,0.000919015783642,0.000602966255647,0.000919015783642,0.00736139905335,0.00468366937869,0.0143820696625,0.000919015783642,0.000602966255647,0.000919015783642,0.30011829911,0.368459776399,0.30011279075
959,0.059092619869,0.0714108969212,0.0629822245296,0.403868956567,0.0886286601375,0.0313803983907,0.0063373628455,0.0527416628767,0.0792931260434,0.0271353274932,0.0160062434428,0.101122520883,1,0.1,30,15,3,4,20,4.53176412525e-05,2.97329044258e-05,4.53176412525e-05,0.158364076741,0.0033035655079,0.000825885388016,4.53176412525e-05,2.97329044258e-05,4.53176412525e-05,0.259400369448,0.318469758118,0.259395608423
960,0.0299910695495,0.370872154795,0.0354648223527,0.151389574561,0.0739962293466,0.0264426794592,0.0903864668236,0.0180150497701,0.122860504245,0.00383948744852,0.0288098751736,0.047932086475,1,0.1,30,15,3,4,20,0.000106878234658,7.01228097594e-05,0.000106878234658,0.0508463904509,0.0410217343222,0.00777846051042,0.000106878234658,7.01228097594e-05,0.000106878234658,0.278770193976,0.342250384744,0.278765077439
961,0.0388414177294,0.0168007472447,0.0143233405075,0.0827784374619,0.41273590844,0.0391379437102,0.0130657568908,0.0557855556937,0.0463744553269,0.138803524082,0.0812180043568,0.0601349085563,1,0.1,30,15,3,4,20,0.000170296259487,0.00011173137585,0.000170296259487,0.0307102192673,0.000127038792695,0.000644295637975,0.000170296259487,0.00011173137585,0.000170296259487,0.299784603654,0.368050093439,0.299779101419
962,0.0187129184763,0.276594383694,0.00592829176442,0.110924045243,0.26929039091,0.0323190827061,0.0366741499426,0.0250955566879,0.13224894166,0.0315428820982,0.0466683299697,0.0140010268475,1,0.1,30,15,3,4,20,0.00113806691401,0.000746685702285,0.00113806691401,0.0555572764579,0.0142577876715,0.0161142906046,0.00113806691401,0.000746685702285,0.00113806691401,0.281322896606,0.345384376383,0.281317733216
963,0.0165138014379,0.0102353451498,0.298649400669,0.109264820949,0.0488313796057,0.0764439177267,0.0293339353349,0.0564118525823,0.142792757663,0.00167281033361,0.0921276146359,0.117722363912,1,0.1,30,15,3,4,20,4.75216636493e-05,3.11789635203e-05,4.75216636493e-05,0.0125741862666,0.0115305346284,0.000233919876061,4.75216636493e-05,3.11789635203e-05,4.75216636493e-05,0.302199674424,0.371015112361,0.302194127862
964,0.0696928361168,0.0497815015979,0.00634573654511,0.00342807612966,0.0300975726279,0.0563644475148,0.0869851591734,0.0171472278412,0.0199512609774,0.398676337206,0.103519776143,0.158010068126,1,0.1,30,15,3,4,20,9.55021041173e-06,6.26589305114e-06,9.55021041173e-06,0.000922573781947,0.000122493672164,0.000329888026188,9.55021041173e-06,6.26589305114e-06,9.55021041173e-06,0.309376741806,0.37982650657,0.309371063517
965,0.017505500258,0.0397208811731,0.181808957837,0.0258128097401,0.0991940637826,0.0967727337562,0.0858212965231,0.201515225773,0.0251647380667,0.0735075056857,0.141748858759,0.0114274286448,1,0.1,30,15,3,4,20,0.000114694026304,7.52507506579e-05,0.000114694026304,0.00154545346552,0.000828647390834,0.00269649596027,0.000114694026304,7.52507506579e-05,0.000114694026304,0.308058716411,0.378208346852,0.308053062313
966,0.13258540929,0.212668032689,0.0806888013471,0.0196928147591,0.0500025303501,0.0883405479819,0.150130921451,0.00399483395052,0.00355479399824,0.110308891237,0.06046062936,0.0875717935849,1,0.1,30,15,3,4,20,6.1824072387e-05,4.05627738931e-05,6.1824072387e-05,0.0171412496583,0.0029143417974,0.00180225391493,6.1824072387e-05,4.05627738931e-05,6.1824072387e-05,0.302944731445,0.371929830138,0.302939171209
967,0.0708831538757,0.00535086729044,0.0248961632483,0.0778491667891,0.115096115745,0.210882917338,0.109002649576,0.178160636045,0.0468062294335,0.107455717349,0.00453464031491,0.0490817429945,1,0.1,30,15,3,4,20,0.000447157223937,0.000293379854625,0.000447157223937,0.0832755252627,0.0100915912983,0.00207089148309,0.000447157223937,0.000293379854625,0.000447157223937,0.279514051705,0.343163630131,0.279508921515
968,0.0443358165867,0.0837317981437,0.00208382601173,0.0669223859401,0.00196021490732,0.185560791194,0.0524602501799,0.104143389303,0.0643462049354,0.17964529583,0.0440283390455,0.170781687923,1,0.1,30,15,3,4,20,2.80138088033e-05,1.83798599559e-05,2.80138088033e-05,0.0293984257138,0.000638781918232,0.00160304282942,2.80138088033e-05,1.83798599559e-05,2.80138088033e-05,0.299969607424,0.368277225366,0.299964101793
969,0.473262538287,0.0259298843691,0.0215130498317,0.028744242561,0.101938697565,0.0360665735175,0.0284975756755,0.0412117489881,0.0439945071138,0.125771231329,0.0544254279173,0.0186445228453,1,0.1,30,15,3,4,20,0.000420884966599,0.000276142626585,0.000420884966599,0.0123156994826,0.00748177481428,0.000214231817075,0.000420884966599,0.000276142626585,0.000420884966599,0.30292575072,0.371906527215,0.302920190832
970,0.387950409881,0.104903261897,0.12446510925,0.0967500972488,0.00418227890515,0.0452535014423,0.00253351620372,0.0660424330676,0.0949919077885,0.0208572721842,0.0451443042234,0.00692590790908,1,0.1,30,15,3,4,20,0.000354807792231,0.000232789392483,0.000354807792231,0.148804472034,0.0013459561179,0.0171076297363,0.000354807792231,0.000232789392483,0.000354807792231,0.257414865766,0.316032125209,0.257410141183
971,0.0464428114837,0.0187743822976,0.0974588929774,0.154523762516,0.0357473934642,0.0424712679396,0.0232022344288,0.14118631992,0.320661903797,0.0465804273793,0.0334334817771,0.0395171220194,1,0.1,30,15,3,4,20,0.00140769734654,0.000923590229067,0.00140769734654,0.0748500456725,0.0103711820225,0.00385633119171,0.00140769734654,0.000923590229067,0.00140769734654,0.279903762389,0.343642083834,0.279898625046
972,0.324226703477,0.054136644042,0.173193640988,0.025390085843,0.0548681157021,0.215278389632,0.0392886923429,0.015870820423,5.07202124514e-05,0.0527506487809,0.00030251977319,0.044643018784,1,0.1,30,15,3,4,20,5.06761331604e-07,3.32486109666e-07,5.06761331604e-07,1.0804151481e-05,6.23576305739e-06,3.29579091546e-05,5.06761331604e-07,3.32486109666e-07,5.06761331604e-07,0.309802121995,0.380348752264,0.309796435899
973,0.11351249918,0.0214905087422,0.00499709348575,0.164796052268,0.0689713735612,0.0762740844279,0.151802375654,0.212920396827,0.0383687381338,0.0112811620235,0.0909572684522,0.0446284472444,1,0.1,30,15,3,4,20,0.000133771919518,8.77677563956e-05,0.000133771919518,0.000647297392839,0.00189641844954,0.00600076584566,0.000133771919518,8.77677563956e-05,0.000133771919518,0.306951044066,0.376848440756,0.306945410299
974,0.240168398972,0.123862629383,0.0729990590003,0.0155504022036,0.127976860904,0.034140870184,0.0828646175163,0.0253662648851,0.0469092391342,0.0187613381748,0.0641288392341,0.147271480409,1,0.1,30,15,3,4,20,0.000119528277856,7.84225031011e-05,0.000119528277856,0.000521248303116,0.00120949605124,9.26308189346e-05,0.000119528277856,7.84225031011e-05,0.000119528277856,0.30905680928,0.379433720567,0.309051136863
975,0.0584151019203,0.0117552104474,0.0479591817651,0.226652986818,0.102716427105,0.151585675453,0.00945257777294,0.123852714248,0.149773357666,0.0487016542097,0.051823242781,0.0173118698127,1,0.1,30,15,3,4,20,0.00107421470771,0.000704792269727,0.00107421470771,0.0700990703381,0.00723928575857,0.00869112261176,0.00107421470771,0.000704792269727,0.00107421470771,0.281396965434,0.345475311803,0.281391800684
976,0.0232944115091,0.0382513436672,0.17478939666,0.081079400601,0.0629581899426,0.0714136706393,0.161144188523,0.0219061477521,0.00551595840835,0.265249139874,0.0360396148908,0.0583585375334,1,0.1,30,15,3,4,20,8.28729740229e-07,5.43729582564e-07,8.28729740229e-07,7.41057982935e-07,4.7968370774e-06,4.32661774211e-07,8.28729740229e-07,5.43729582564e-07,8.28729740229e-07,0.309815232554,0.380364848295,0.309809546217
977,0.00805923609417,0.182342669073,0.0144047699556,0.00157413249283,0.0284815669581,0.121206921776,0.0282373918581,0.164707882685,0.115631478504,0.0864401078456,0.144049325658,0.1048645171,1,0.1,30,15,3,4,20,5.38085375363e-05,3.53037814776e-05,5.38085375363e-05,0.00378811312409,0.00247343335273,0.00154436099257,5.38085375363e-05,3.53037814776e-05,5.38085375363e-05,0.307311473121,0.377290944959,0.307305832738
978,0.118278714131,0.00819030062577,0.113608704249,0.0223787939856,0.0578603475736,0.185615835884,0.108743651134,0.0169276183273,0.184389676871,0.0364111745658,0.00287890658192,0.144716276072,1,0.1,30,15,3,4,20,5.34878219672e-05,3.50933599927e-05,5.34878219672e-05,0.000145140252865,0.00434289920353,0.000795766324667,5.34878219672e-05,3.50933599927e-05,5.34878219672e-05,0.308093394587,0.378250921773,0.308087739852
979,0.00974441695225,0.0362184528421,0.0687843297572,0.0540783504429,0.240143899116,0.000238951997007,0.156929781374,6.8223808058e-05,0.108957717201,0.0332362615352,0.19161025854,0.0999893564342,1,0.1,30,15,3,4,20,3.78237183554e-05,2.4816141613e-05,3.78237183554e-05,0.0454587488577,0.00207228260929,0.000256541175729,3.78237183554e-05,2.4816141613e-05,3.78237183554e-05,0.294950723833,0.362115466049,0.294945310319
980,0.0822833342968,0.0235535104404,0.078801938092,0.130109040476,0.236348790214,0.0210733743137,0.0307668847245,0.0273073516504,0.0267061760016,0.0516646540747,0.211352632371,0.0800323133448,1,0.1,30,15,3,4,20,0.000193089837157,0.000126686242159,0.000193089837157,0.0339969445643,9.94245724162e-05,0.00230839328329,0.000193089837157,0.000126686242159,0.000193089837157,0.298221788707,0.366131401884,0.298216315156
981,0.0367851544622,0.0653717574149,0.015660319328,0.0309650918297,0.06265896831,0.0169430347792,0.410354221542,0.0999023897728,0.0819523502006,0.0247319020462,0.0227895261377,0.131885284176,1,0.1,30,15,3,4,20,5.92465369341e-06,3.88716528825e-06,5.92465369341e-06,0.0019370708143,0.00910635697682,0.000160670568417,5.92465369341e-06,3.88716528825e-06,5.92465369341e-06,0.306337459035,0.37609513313,0.306331836529
982,0.0565044567961,0.214397526508,0.0352117111682,0.0557943648935,0.0818102111233,0.242234111825,0.00499529066885,0.0357443151002,0.141313154216,0.0260069920894,0.000113341427599,0.105874524184,1,0.1,30,15,3,4,20,0.000133266455637,8.74361215434e-05,0.000133266455637,0.124214136766,0.00108818580071,0.00197205814822,0.000133266455637,8.74361215434e-05,0.000133266455637,0.270167163124,0.331688313609,0.270162204486
983,0.0165863989717,0.0241443811833,0.136202022405,0.00335218912347,0.135432188409,0.154814510887,0.0329267223319,0.15550245574,0.00254885147266,0.221841695418,0.0629561963444,0.053692387713,1,0.1,30,15,3,4,20,4.56671713539e-05,2.99622311253e-05,4.56671713539e-05,0.0240503589019,0.00165282680802,0.00026829920689,4.56671713539e-05,2.99622311253e-05,4.56671713539e-05,0.301696841344,0.370397776581,0.301691304011
984,0.0220295253627,0.108662603117,0.00614805237917,0.00488775474273,0.187587521054,0.0119813089483,0.341975396015,0.113493295122,0.00277638543419,0.0905256078249,0.089872877764,0.0200596722374,1,0.1,30,15,3,4,20,0.000100084761082,6.56656117462e-05,0.000100084761082,0.00172281861436,0.00170511473995,0.0031218122183,0.000100084761082,6.56656117462e-05,0.000100084761082,0.307624493027,0.377675244234,0.307618846899
985,0.00142945055578,0.0248599182346,0.345853543987,0.0721755144144,0.0380302043412,0.0942718384789,0.0247907851799,0.134072485047,0.0167792757545,0.00132176961412,0.0776917452196,0.168723469173,1,0.1,30,15,3,4,20,9.963868859e-05,6.53729435839e-05,9.963868859e-05,0.0266697233332,0.00461375225819,0.0019237462462,9.963868859e-05,6.53729435839e-05,9.963868859e-05,0.299366249303,0.367536473472,0.299360754746
986,0.000713694482433,0.0470889368309,0.12813070513,0.078326207561,0.129875521093,0.0133355111234,0.283391362283,0.0211299189396,0.143429694357,0.0813639951976,0.060977199738,0.0122372532646,1,0.1,30,15,3,4,20,0.000253432812614,0.000166277268356,0.000253432812614,0.112272642182,0.000816667997595,0.00224822645687,0.000253432812614,0.000166277268356,0.000253432812614,0.273667645711,0.33598590904,0.273662622825
987,0.216016832628,0.106347427476,0.0552452062746,0.0644386988016,0.221126475985,0.0654610514699,0.00645416916074,0.0731932962419,0.0444638447181,0.0428505753078,0.0261446380166,0.0782577839194,1,0.1,30,15,3,4,20,0.000788228761455,0.000517156890391,0.000788228761455,0.0452144332234,0.00235623935888,0.00439432977925,0.000788228761455,0.000517156890391,0.000788228761455,0.292421449258,0.359010237387,0.292416082166
988,0.167031856433,0.219505766318,0.0303230197113,0.0558586309491,0.079692324481,0.0594662448023,0.0104753052202,0.119634193448,0.0105867550241,0.0621900028749,0.169072381718,0.0161635190199,1,0.1,30,15,3,4,20,8.81779187201e-05,5.78535324722e-05,8.81779187201e-05,0.0330607051964,0.000950366776094,0.00105377900894,8.81779187201e-05,5.78535324722e-05,8.81779187201e-05,0.298809583864,0.366853046891,0.298804099524
989,0.152023524881,0.0245750537756,0.0744655479835,0.195654322741,0.00964123512775,0.0662453886993,0.218788372645,0.13793807193,0.0205719606245,0.00236437538428,0.0702656410505,0.0274665051585,1,0.1,30,15,3,4,20,0.000383690240693,0.000251739166918,0.000383690240693,6.68704781005e-05,0.00601048053078,0.00406779570338,0.000383690240693,0.000251739166918,0.000383690240693,0.306043808557,0.375734613995,0.30603819144
990,0.0784031957925,0.062262675689,0.0679654549536,0.00171241634225,0.0949827453541,0.0409629673806,0.180862017522,0.0826573497868,0.119369449261,0.0418997616862,0.151750974934,0.0771709912984,1,0.1,30,15,3,4,20,4.13471253138e-05,2.71278489184e-05,4.13471253138e-05,3.32783365269e-05,0.000240775556527,0.000761197808605,4.13471253138e-05,2.71278489184e-05,4.13471253138e-05,0.309429656382,0.379891470596,0.309423977122
991,0.028154845706,0.0323713734487,0.164423872,0.114875671861,0.0188863241883,0.010190207366,0.0650856178656,0.0971882615828,0.25565698514,0.122269424504,0.0698357032595,0.0210617130778,1,0.1,30,15,3,4,20,7.18013784471e-05,4.71088843992e-05,7.18013784471e-05,0.00012983331564,3.93337743185e-05,0.00205528947178,7.18013784471e-05,4.71088843992e-05,7.18013784471e-05,0.309011096636,0.379377598462,0.309005425058
992,0.0934841084981,0.208302842005,0.0248994284885,0.0577884884354,0.022008617151,0.0112347675687,0.029670305805,0.0131502804082,0.116284439014,0.0213255062056,0.276730086811,0.125121129609,1,0.1,30,15,3,4,20,1.24171521368e-05,8.14689351695e-06,1.24171521368e-05,4.6344538215e-05,4.2525169065e-05,0.000590887058704,1.24171521368e-05,8.14689351695e-06,1.24171521368e-05,0.309587408728,0.380085145538,0.309581726573
993,0.215879239666,0.00507197647942,0.0731959406343,0.151631950371,0.035842862741,0.176498230928,0.10966269757,0.0105696355516,0.124680586385,0.0897199305691,0.00667491147078,0.000572037633417,1,0.1,30,15,3,4,20,0.000419712666451,0.000275373480458,0.000419712666451,0.161462870919,0.00344942738282,0.00118915506461,0.000419712666451,0.000275373480458,0.000419712666451,0.257666381601,0.316340915004,0.257661652402
994,0.0520346869518,0.0151334910456,0.213698890449,0.0993768902482,0.130560806725,0.100857289544,0.00680291682942,0.00356857595816,0.00159663375022,0.358963065439,0.00527406649236,0.0121326865679,1,0.1,30,15,3,4,20,6.94356514139e-05,4.55567308926e-05,6.94356514139e-05,0.000377398210863,0.000178023165099,0.000177605953271,6.94356514139e-05,4.55567308926e-05,6.94356514139e-05,0.309477062478,0.379949671777,0.309471382348
995,0.0811786238682,0.00685385205885,0.359259178988,0.0661145499026,0.0773495669458,0.104757972393,0.0290759725606,0.107089908012,0.00949976788057,0.0480373265667,0.0921084187485,0.0186748620757,1,0.1,30,15,3,4,20,0.000686815529805,0.000450619669105,0.000686815529805,0.0702414560177,0.00486562898154,0.00300335478792,0.000686815529805,0.000450619669105,0.000686815529805,0.284488018134,0.349270243969,0.284482796652
996,0.207823681624,0.0659143382881,0.0217016370614,0.0395723413856,0.0163213489283,0.0716028542048,0.130842237155,0.0177355648639,0.0342746855744,0.0322456103092,0.293546686881,0.0684190137245,1,0.1,30,15,3,4,20,1.31987436159e-06,8.65969568641e-07,1.31987436159e-06,0.0399701886012,5.51920941014e-05,0.000102035424538,1.31987436159e-06,8.65969568641e-07,1.31987436159e-06,0.297384060292,0.365102910035,0.297378602117
997,0.141935877146,0.192826881727,0.0173754457031,0.005509525886,0.0686118556823,0.0585482225522,0.0637817736166,0.00531199549084,0.312584593913,0.0260496888604,0.0114372218859,0.0960269175373,1,0.1,30,15,3,4,20,0.000274213595957,0.000179911540308,0.000274213595957,0.119324676702,0.00429884553645,0.00190731732646,0.000274213595957,0.000179911540308,0.000274213595957,0.270475371057,0.332066705151,0.270470406763
998,0.106948146951,0.135992110384,0.111184058113,0.120027039967,0.100302008497,0.0788037786842,0.0542544914522,0.0213677176588,0.165412095934,0.0893254699579,0.00139472469275,0.0149883577077,1,0.1,30,15,3,4,20,5.24683926035e-06,3.44245123871e-06,5.24683926035e-06,1.09733665605e-05,5.26952708637e-05,2.00466654193e-05,5.24683926035e-06,3.44245123871e-06,5.24683926035e-06,0.309783874395,0.380326349409,0.309778188633
999,0.0254796279212,0.158297971242,0.0013748578893,0.148659823944,0.0379526338353,0.221026585781,0.016411327947,0.0629583352903,0.0177447915457,0.13677233427,0.117797527007,0.0555241833276,1,0.1,30,15,3,4,20,3.36989777185e-05,2.21098992811e-05,3.36989777185e-05,0.0527003159995,0.0025277232728,5.67955464159e-05,3.36989777185e-05,2.21098992811e-05,3.36989777185e-05,0.292634722285,0.359272075909,0.292629351278
