run_ID,t1_initial,t2_initial,t3_initial,t4_initial,t5_initial,t6_initial,t7_initial,t8_initial,t9_initial,t10_initial,t11_initial,t12_initial,alpha,prior_cost_c,lambda,k,sample_amount,learning_parameter,generations,t1_final,t2_final,t3_final,t4_final,t5_final,t6_final,t7_final,t8_final,t9_final,t10_final,t11_final,t12_final
0,0.032221091507,0.00651315714351,0.101156994513,0.0352126246895,0.0518340056907,0.0297522333123,0.371130738939,0.0497167930669,0.00892244199314,0.159404047011,0.00494466779066,0.149191204344,1,0.1,30,20,1,8,20,3.98769133215e-09,1.71657036209e-09,3.98769133215e-09,2.91950459538e-08,1.3216912066e-08,0.00173774184414,3.98769133215e-09,1.71657036209e-09,3.98769133215e-09,0.284630857298,0.429014412495,0.284616926567
1,0.0116049665772,0.00239251086883,0.148859456858,0.121882868023,0.0418068708747,0.229818494675,0.177577336215,0.0119655490439,0.0237684670827,0.0032575100781,0.112771605814,0.114294363889,1,0.1,30,20,1,8,20,4.51644206628e-07,1.9441802154e-07,4.51644206628e-07,0.033335322818,0.000203527094607,0.00161717209209,4.51644206628e-07,1.9441802154e-07,4.51644206628e-07,0.275101816672,0.414651613589,0.275088352322
2,0.0855258422619,0.200291133731,0.0156758286077,0.0391956369376,0.262424619595,0.0175186444164,0.0187560757519,0.0955350036244,0.00865615762625,0.00669159782508,0.12233448213,0.127394977493,1,0.1,30,20,1,8,20,8.31767317707e-07,3.58048556622e-07,8.31767317707e-07,0.0655764870917,8.88775521117e-06,1.58293464403e-06,8.31767317707e-07,3.58048556622e-07,8.31767317707e-07,0.266424628156,0.401572782402,0.266411588495
3,0.144272686108,0.0227457824078,0.187923823462,0.00522961516244,0.066856873407,0.00741545625646,0.115284010632,0.111823767561,0.0340600424082,0.014017291944,0.0649818325622,0.225388818089,1,0.1,30,20,1,8,20,1.36880922546e-05,5.89227488306e-06,1.36880922546e-05,0.00129791025727,1.02610716042e-05,0.000467162376179,1.36880922546e-05,5.89227488306e-06,1.36880922546e-05,0.284601185059,0.428969688538,0.28458725578
4,0.0407407550725,0.0440603443847,0.000451517917976,0.0379886758726,0.204028755547,0.0104732479767,0.30604555426,0.0265508583316,0.130728287635,0.0301115883581,0.151493719693,0.0173266949514,1,0.1,30,20,1,8,20,1.46466383728e-05,6.30489755622e-06,1.46466383728e-05,0.0142581614601,0.00273302600704,8.62954666863e-05,1.46466383728e-05,6.30489755622e-06,1.46466383728e-05,0.280236810562,0.422391415267,0.280223094889
5,0.110017697775,0.00645870289984,0.0458925345886,0.221017937448,0.110702637763,0.201912133062,0.106927854596,0.00756840318821,0.00725325496336,0.0280788081733,0.0750883375332,0.0790816980093,1,0.1,30,20,1,8,20,1.38110584299e-08,5.94520778945e-09,1.38110584299e-08,2.16738333802e-13,0.00569455879708,1.56937992925e-08,1.38110584299e-08,5.94520778945e-09,1.38110584299e-08,0.283502658522,0.427313916844,0.283488783008
6,0.00262251522842,0.053295869612,0.0169490609083,0.121216046589,0.0975865057096,0.0351974333079,0.0398296900946,0.057157044018,0.208128497764,0.042387575715,0.199524100552,0.126105660502,1,0.1,30,20,1,8,20,3.22210247463e-06,1.38700946259e-06,3.22210247463e-06,0.0244292274886,0.000207807672943,1.58217990225e-05,3.22210247463e-06,1.38700946259e-06,3.22210247463e-06,0.278092705993,0.419159679359,0.278079095259
7,0.026505609891,0.0356169176626,0.187270922161,0.0643637845789,0.0115703684126,0.165711103619,0.0438529119995,0.0202906403796,0.116218891371,0.0496344442535,0.0768137222753,0.202150683396,1,0.1,30,20,1,8,20,1.12763990999e-06,4.85412005939e-07,1.12763990999e-06,0.0209730425447,0.000145934005715,0.000170398030408,1.12763990999e-06,4.85412005939e-07,1.12763990999e-06,0.279054626334,0.42060954918,0.279040968521
8,0.0817124579504,0.106976701884,0.0701185742106,0.00810241955313,0.0079871328818,0.252443823402,0.0171208326435,0.0837426151404,0.00994223008803,0.0896292887466,0.0368653353523,0.235358588147,1,0.1,30,20,1,8,20,2.51491262235e-06,1.08258741994e-06,2.51491262235e-06,0.00053123780601,0.000643477307529,0.000729826341169,2.51491262235e-06,1.08258741994e-06,2.51491262235e-06,0.284579830333,0.428937501287,0.2845659021
9,0.0138222236667,0.0492275237691,0.0372969105629,0.0338058394059,0.240185548561,0.00442597650461,0.115621540074,0.160278338234,0.0254247551094,0.0458412829657,0.182779469269,0.0912905918781,1,0.1,30,20,1,8,20,8.62352316376e-08,3.71214395668e-08,8.62352316376e-08,0.0641016817533,1.81039203762e-05,3.37875810659e-07,8.62352316376e-08,3.71214395668e-08,8.62352316376e-08,0.266843894541,0.402204728367,0.26683083436
10,0.0472668845701,0.250294408675,0.0472886044706,0.0640941729835,0.0173358871223,0.156924564611,0.0151791228533,0.0898984277341,0.0828963587592,0.134181225928,0.00253401028326,0.0921063320091,1,0.1,30,20,1,8,20,7.76733749772e-07,3.34358410177e-07,7.76733749772e-07,5.4475545424e-07,0.00146829484695,0.00211817248649,7.76733749772e-07,3.34358410177e-07,7.76733749772e-07,0.284102522703,0.428218071726,0.28408861783
11,0.0991616958517,0.134850164909,0.126387645032,0.027976856451,0.107267508517,0.143220462118,0.237625501237,0.0616340492185,0.0272179149283,0.0234838827827,0.00251703342981,0.00865728552458,1,0.1,30,20,1,8,20,2.50791303296e-05,1.07957432622e-05,2.50791303296e-05,0.208084258738,0.0579639929656,0.0128462386643,2.50791303296e-05,1.07957432622e-05,2.50791303296e-05,0.205571423396,0.309850816146,0.205561362083
12,0.0527048547907,0.0667889039828,0.229220291818,0.0742868431101,0.08860019808,0.0588331019838,0.100375394163,0.0785727716708,0.00791849282742,0.0214951424837,0.164182423386,0.057021581704,1,0.1,30,20,1,8,20,4.27268635413e-05,1.83925137407e-05,4.27268635413e-05,0.0625744408796,0.000272938924553,0.000304286330848,4.27268635413e-05,1.83925137407e-05,4.27268635413e-05,0.26706092819,0.402531855806,0.267047857387
13,0.243130373213,0.0611935899588,0.0352155371696,0.0990072005092,0.0260088085828,0.219746745538,0.0184356599018,0.0424047131591,0.127177012003,0.0157739786528,0.100524623843,0.0113817574692,1,0.1,30,20,1,8,20,8.77911637238e-07,3.77912173108e-07,8.77911637238e-07,4.94523760977e-05,0.00774827339696,0.00432174356313,8.77911637238e-07,3.77912173108e-07,8.77911637238e-07,0.281669554073,0.424550940842,0.281655768278
14,0.0485829278789,0.00839798693214,0.0284055898605,0.130779123444,0.0192213101797,0.087174923641,0.168250828066,0.0320214456303,0.0496732185074,0.124571674863,0.253064836041,0.0498561349557,1,0.1,30,20,1,8,20,1.25917703225e-08,5.42034423969e-09,1.25917703225e-08,1.05137755356e-10,0.000301093749284,0.000441972467177,1.25917703225e-08,5.42034423969e-09,1.25917703225e-08,0.284914465668,0.429441885747,0.284900521056
15,0.121748026168,0.110330321725,0.00614316419417,0.0358080647295,0.0782311379938,0.021720685596,0.00970786759065,0.0778430771555,0.102173910894,0.0750818702061,0.002385761306,0.358826112441,1,0.1,30,20,1,8,20,3.51968215153e-05,1.51510775586e-05,3.51968215153e-05,0.00195332588023,0.000104985500118,0.000448184679858,3.51968215153e-05,1.51510775586e-05,3.51968215153e-05,0.284362900725,0.428610530665,0.284348983109
16,0.15280072594,0.0171126740161,0.0959621656219,0.0971413362217,0.032449209591,0.212419693107,0.0424812496928,0.0873420829903,0.0516337854672,0.0315744136243,0.132482018018,0.0466006457109,1,0.1,30,20,1,8,20,8.60921849624e-11,3.70598626636e-11,8.60921849624e-11,0.0767086926601,0.00141985398297,2.94877849291e-07,8.60921849624e-11,3.70598626636e-11,8.60921849624e-11,0.262849759305,0.396184504145,0.26283689461
17,0.000867849837838,0.0420689342689,0.0686499812444,0.149425419301,0.0202090336538,0.040532033308,0.166895220219,0.176456389867,0.0291495504922,0.0499112514476,0.212482451647,0.0433518847124,1,0.1,30,20,1,8,20,2.73052600769e-07,1.17540191236e-07,2.73052600769e-07,0.0433784285438,0.000312524505918,0.00427459912702,2.73052600769e-07,1.17540191236e-07,2.73052600769e-07,0.271449729601,0.409146946935,0.271436443996
18,0.08173053006,0.012460628762,0.00500024764421,0.215264968742,0.053921528261,0.17811046742,0.048129784262,0.0742462070471,0.102286330223,0.00129403909374,0.161330443943,0.0662248245417,1,0.1,30,20,1,8,20,2.79392299111e-08,1.20269223494e-08,2.79392299111e-08,2.2966497899e-08,8.29259235348e-09,0.00335289119642,2.79392299111e-08,1.20269223494e-08,2.79392299111e-08,0.284170305641,0.428320238643,0.28415639745
19,0.154093262603,0.0870286960705,0.00561744891781,0.0550634641339,0.0207695328545,0.145766317218,0.108998984677,0.209323259383,0.0312973274459,0.0462146368093,0.0507373151736,0.0850897547137,1,0.1,30,20,1,8,20,7.37083778822e-08,3.17290397806e-08,7.37083778822e-08,0.103478219173,0.000267838396828,1.4699382608e-07,7.37083778822e-08,3.17290397806e-08,7.37083778822e-08,0.255545472022,0.385175000301,0.255532964822
20,0.00804642657379,0.104243079955,0.118547616738,0.0861319071572,0.0474373199893,0.156218166069,0.141175478491,0.0784210777297,0.0282669482632,0.0476788572456,0.142551511008,0.0412816107804,1,0.1,30,20,1,8,20,5.45805762665e-10,2.34951483856e-10,5.45805762665e-10,0.0378085083642,0.000992270502203,0.00121095545738,5.45805762665e-10,2.34951483856e-10,5.45805762665e-10,0.273717950351,0.412565758941,0.273704553732
21,0.03634493072,0.00155703457209,0.0683820214186,0.266695098605,0.266290484025,0.0106136429063,0.102925481143,0.0414385090179,0.00837596848266,0.0462626233049,0.0859393656883,0.065174840116,1,0.1,30,20,1,8,20,4.08956966149e-06,1.76042564228e-06,4.08956966149e-06,0.0797406560499,0.00181410624246,1.31166240614e-06,4.08956966149e-06,1.76042564228e-06,4.08956966149e-06,0.261866897083,0.39470306934,0.261854080492
22,0.0110155404342,0.116357462146,0.0354416405525,0.0622056362592,0.2133963161,0.105413184919,0.160706569943,0.0614167265293,0.0448290741415,0.00245445503696,0.146365896911,0.0403974970269,1,0.1,30,20,1,8,20,2.15939125027e-05,9.29547126801e-06,2.15939125027e-05,2.62945066862e-05,0.00334806769368,2.87659863105e-05,2.15939125027e-05,9.29547126801e-06,2.15939125027e-05,0.284126100645,0.428253609957,0.284112194619
23,0.0420415558132,0.177305700013,0.179685162318,0.0937764448956,0.0444874047133,0.0440594709469,0.0175939386207,0.0366168453469,0.173746112962,0.026132592949,0.124447682397,0.0401070890241,1,0.1,30,20,1,8,20,9.21809499774e-06,3.96808763519e-06,9.21809499774e-06,0.0356524375963,0.00120718426638,9.14468208421e-06,9.21809499774e-06,3.96808763519e-06,9.21809499774e-06,0.274601317941,0.413897228872,0.274587878087
24,0.206687308678,0.0683630277722,0.123271016522,0.155453778648,0.0152009043373,0.0806540737066,0.155459908265,0.10796213037,0.00907540076727,0.0115711122843,0.01060036399,0.0557009746592,1,0.1,30,20,1,8,20,0.000934101909788,0.000402100242962,0.000934101909788,1.09055466076e-05,0.00197310274654,0.00717140044691,0.000934101909788,0.000402100242962,0.000934101909788,0.281221255598,0.423875235794,0.281207491743
25,0.113703807248,0.0413863493822,0.0533043029315,0.013793853631,0.115408273953,0.167331204005,0.0479285117366,0.171692138133,0.0220050992109,0.0003238569677,0.108084127304,0.145038475497,1,0.1,30,20,1,8,20,5.9710148177e-06,2.57032608944e-06,5.9710148177e-06,0.00394218880612,0.000446513957961,0.00180801776994,5.9710148177e-06,2.57032608944e-06,5.9710148177e-06,0.283351226885,0.427085669087,0.283337358783
26,0.00173936445548,0.134838758722,0.00875118734837,0.0464404978967,0.0353919712131,0.091246689782,0.0580673602793,0.023864203623,0.0641166342237,0.146875742307,0.192471846342,0.196195743807,1,0.1,30,20,1,8,20,2.89905137342e-09,1.24794655636e-09,2.89905137342e-09,0.0171571367178,0.000292340635127,0.000124323286102,2.89905137342e-09,1.24794655636e-09,2.89905137342e-09,0.280115593243,0.422208708524,0.280101883503
27,0.0289214142477,0.0656401187479,0.0335343236711,0.261023074188,0.0810739083643,0.215731688679,0.065784032256,0.0112169865978,0.0540345927717,0.0763678211681,0.0385629923541,0.0681090469538,1,0.1,30,20,1,8,20,1.89124515848e-05,8.14119026796e-06,1.89124515848e-05,0.0797452137456,0.00171055960581,3.03089461928e-05,1.89124515848e-05,8.14119026796e-06,1.89124515848e-05,0.261866309324,0.39470218343,0.261853492762
28,0.0210624186183,0.101090267053,0.0283890429451,0.0433335265101,0.00116589883285,0.00724890211801,0.154107678447,0.287944675737,0.0745098403045,0.155481049832,0.00113495303554,0.124531746567,1,0.1,30,20,1,8,20,9.84761065141e-06,4.23907348228e-06,9.84761065141e-06,1.88877963437e-06,1.97746861739e-05,1.54207726919e-06,9.84761065141e-06,4.23907348228e-06,9.84761065141e-06,0.2851060858,0.429730708257,0.28509213181
29,0.24465571131,0.382338029263,0.0205600475128,0.00769818867928,0.0175845891586,0.12171644159,0.0629717379252,0.00874342122579,0.0582027145386,0.0151397921848,0.0248920638443,0.0354972627675,1,0.1,30,20,1,8,20,6.31484000129e-05,2.71833155695e-05,6.31484000129e-05,7.76797224735e-05,0.0421901628076,2.50100745755e-05,6.31484000129e-05,2.71833155695e-05,6.31484000129e-05,0.272980021725,0.411453504216,0.272966661223
30,0.00317761061175,0.243730726092,0.00116831908571,0.0636790589902,0.0270796323571,0.0258745221849,0.0830245128806,0.203347288004,0.161189666654,0.00157911104704,0.0185184806346,0.167631071458,1,0.1,30,20,1,8,20,4.92020329004e-05,2.1179861829e-05,4.92020329004e-05,0.0522035155458,0.000339499555551,0.00055586271252,4.92020329004e-05,2.1179861829e-05,4.92020329004e-05,0.269918268582,0.406838627817,0.269905057932
31,0.00774122514359,0.0439047494094,0.0482235390919,0.0402607456977,0.0111212373035,0.197336353121,0.0640417180913,0.0824283852662,0.198324151446,0.0033208485407,0.249590457281,0.0537065896077,1,0.1,30,20,1,8,20,5.14201151315e-05,2.21346734985e-05,5.14201151315e-05,9.07429174686e-05,4.60004214897e-05,0.000644225064506,5.14201151315e-05,2.21346734985e-05,5.14201151315e-05,0.284832408961,0.429318204463,0.284818468365
32,0.000580479484936,0.0942234881007,0.133646212217,0.0653609646051,0.0795121245291,0.0680176057197,0.0927819859195,0.027301778737,0.0106302239856,0.211964974992,0.133529484084,0.0824506776255,1,0.1,30,20,1,8,20,1.27874106454e-06,5.50456098367e-07,1.27874106454e-06,0.0169138315341,4.40783219979e-05,0.000203793299147,1.27874106454e-06,5.50456098367e-07,1.27874106454e-06,0.280231324802,0.422383146768,0.280217609398
33,0.102866869434,0.110301710695,0.0651539448198,0.0779497976655,0.276914490609,0.0267941732599,0.0811561074846,0.0475110510665,0.0720451869621,0.0336896807047,0.0437523399336,0.0618646473654,1,0.1,30,20,1,8,20,0.000171373927373,7.37708563832e-05,0.000171373927373,3.67321788077e-07,0.000310919785534,0.00461173388092,0.000171373927373,7.37708563832e-05,0.000171373927373,0.283485146978,0.42728752229,0.283471272322
34,0.0653162269477,0.023523929264,0.0115615343074,0.112704196531,0.113098437748,0.221010752758,0.00952091131857,0.103955630718,0.0222148644657,0.301803066843,0.0113237401488,0.00396670895062,1,0.1,30,20,1,8,20,2.84141178947e-06,1.22313460548e-06,2.84141178947e-06,2.31630038131e-08,3.74347025408e-06,0.00107375598702,2.84141178947e-06,1.22313460548e-06,2.84141178947e-06,0.284815182674,0.429292239867,0.284801242922
35,0.0458749056448,0.0342232849796,0.00972423552008,0.103058103523,0.0359126227086,0.0688885215488,0.0736122141516,0.306571135142,0.0941132926334,0.194670071554,0.0274511284449,0.00590048414978,1,0.1,30,20,1,8,20,8.31676181594e-05,3.58009325514e-05,8.31676181594e-05,0.0806781649334,0.000217765380546,0.00113479915946,8.31676181594e-05,3.58009325514e-05,8.31676181594e-05,0.261621959655,0.394333883482,0.261609155052
36,0.0285312193009,0.0722076977895,0.0242802313997,0.0175827999015,0.119188804541,0.0271024624663,0.300407728248,0.0914297847625,0.119846156669,0.0651753195096,0.0284366625031,0.105811132909,1,0.1,30,20,1,8,20,1.27018541283e-05,5.46773170844e-06,1.27018541283e-05,0.00790594628876,0.0125827106684,1.2974403896e-08,1.27018541283e-05,5.46773170844e-06,1.27018541283e-05,0.279266886694,0.420929482002,0.279253218492
37,0.126847341082,0.219375339042,0.0914467485362,0.0991402195384,0.118102067473,0.0177393629974,0.00744095557129,0.0611521506626,0.0824912537251,0.0590640462071,0.00729603300537,0.10990448216,1,0.1,30,20,1,8,20,5.59941713713e-05,2.41036547265e-05,5.59941713713e-05,0.0054935795028,0.00417471979083,0.00650343281168,5.59941713713e-05,2.41036547265e-05,5.59941713713e-05,0.280437757116,0.422694295175,0.280424031609
38,0.0106164052237,0.0629606796433,0.125278137009,0.00552066342373,0.0114374142038,5.60202179561e-05,0.286512482346,0.0230163310405,0.387478126908,0.0355664667745,0.0379359015812,0.0136213716288,1,0.1,30,20,1,8,20,3.07529076222e-05,1.32381183435e-05,3.07529076222e-05,0.00585625411238,0.00814604271185,0.0217907881217,3.07529076222e-05,1.32381183435e-05,3.07529076222e-05,0.27487817628,0.414314528031,0.274864722876
39,0.0413423140826,0.053329330587,0.16491707119,0.131512379536,0.112763765875,0.125689740347,0.0570204266078,0.0955680790591,0.043130997729,0.0431608435873,0.114418699398,0.0171463520022,1,0.1,30,20,1,8,20,4.50419299181e-10,1.93890739049e-10,4.50419299181e-10,0.0131279060489,0.0141822222984,1.36164469243e-10,4.50419299181e-10,1.93890739049e-10,4.50419299181e-10,0.277339513007,0.418024417183,0.277325939137
40,0.026979421827,0.0738666162553,0.132866934917,0.0410784133519,0.0623368238051,0.26292368704,0.0125406863861,0.00518383998173,0.342398129956,0.00161065314579,0.0371027730299,0.00111202030432,1,0.1,30,20,1,8,20,6.44470973684e-05,2.77423621968e-05,6.44470973684e-05,0.325772878102,0.000260866291758,0.0126389529024,6.44470973684e-05,2.77423621968e-05,6.44470973684e-05,0.188472518156,0.284078217717,0.188463293717
41,0.0303351962731,0.00475753850303,0.0753337139807,0.0245794421511,0.0263758462611,0.230851833208,0.0708665848778,0.114904763503,0.150175867447,0.120306322366,0.135147811064,0.0163650803654,1,0.1,30,20,1,8,20,2.33720980781e-05,1.00609218515e-05,2.33720980781e-05,1.41794167068e-07,4.99434995634e-05,3.54181993809e-05,2.33720980781e-05,1.00609218515e-05,2.33720980781e-05,0.285069578337,0.4296756818,0.285055626134
42,0.0238681360556,0.00633745083966,0.00216998856086,0.00913919611367,0.0738240251094,0.0409120462698,0.041447403059,0.0859162272659,0.0277003983039,0.450559891933,0.173225326453,0.0648999100361,1,0.1,30,20,1,8,20,3.47480402612e-06,1.49578919442e-06,3.47480402612e-06,1.35767858889e-05,1.27967188299e-05,0.0001535871703,3.47480402612e-06,1.49578919442e-06,3.47480402612e-06,0.285070223367,0.429676654031,0.285056271132
43,0.0364217592892,0.0554717119075,0.0529815489657,0.014111234951,0.0291643627912,0.155438140068,0.329498674362,0.0912639547368,0.0342198710692,0.0341282284864,0.0979236882431,0.0693768251301,1,0.1,30,20,1,8,20,2.22348510544e-05,9.57137429816e-06,2.22348510544e-05,0.00551439919238,2.24070323299e-10,0.00299743792224,2.22348510544e-05,9.57137429816e-06,2.22348510544e-05,0.282668584719,0.426056745763,0.282654750027
44,0.0510545194827,0.00437309287305,0.264288561774,0.0417946057957,0.101613542884,0.00589466754139,0.000599308266659,0.191262274607,0.00933979017536,0.167830515144,0.0933631891102,0.0685859323454,1,0.1,30,20,1,8,20,2.99805249488e-05,1.29056329291e-05,2.99805249488e-05,0.00941274165121,8.80330767252e-05,1.68569889107e-07,2.99805249488e-05,1.29056329291e-05,2.99805249488e-05,0.282375829193,0.425615485314,0.28236200883
45,0.0178293840119,0.170604909054,0.108649097132,0.0115975146152,0.0997798176432,0.0749488739167,0.000993661172421,0.230711738063,0.048976517745,0.0940387833388,0.141600848248,0.000268855060562,1,0.1,30,20,1,8,20,2.89996709565e-05,1.24834074476e-05,2.89996709565e-05,0.00174682807536,9.91074138983e-05,0.00250964926794,2.89996709565e-05,1.24834074476e-05,2.89996709565e-05,0.283844265942,0.427828810092,0.283830373709
46,0.14720868772,0.0996474062506,0.0148716394455,0.157670980194,0.0937552271753,0.116492275263,0.0125730359608,0.0198139854987,0.118493008568,0.0547936757104,0.0587648606234,0.105915217591,1,0.1,30,20,1,8,20,3.22296712946e-06,1.38738166814e-06,3.22296712946e-06,2.29210176961e-06,0.00394267888122,6.30462309878e-08,3.22296712946e-06,1.38738166814e-06,3.22296712946e-06,0.283997050782,0.428059097486,0.283983151071
47,0.0660028634942,0.0376409460177,0.246468563668,0.0188590023708,0.0263876536996,0.0955526719751,0.145177074896,0.154563676263,0.00431115398227,0.113572535987,0.0653471373587,0.026116720288,1,0.1,30,20,1,8,20,3.79855862894e-14,1.63515493502e-14,3.79855862894e-14,0.0634847766752,1.12651784236e-06,0.00231802994438,3.79855862894e-14,1.63515493502e-14,3.79855862894e-14,0.266363915577,0.401481272397,0.266350878888
48,0.0247420723708,0.00974750714232,0.0614294203885,0.0815458617546,0.0273515253291,0.0375728054338,0.055278085717,0.0424522416393,0.112957868275,0.259471241362,0.161820658997,0.12563071159,1,0.1,30,20,1,8,20,1.17699875308e-06,5.06659369412e-07,1.17699875308e-06,3.96362475678e-07,1.94373659365e-07,3.16441342812e-07,1.17699875308e-06,5.06659369412e-07,1.17699875308e-06,0.285124460951,0.429758404497,0.285110506061
49,0.182851838526,0.0947264321764,0.011136511731,0.182847096048,0.0676690191537,0.0613599439672,0.0570739041352,0.0455742793456,0.0708460378771,0.00435734251508,0.106713628158,0.114843966366,1,0.1,30,20,1,8,20,3.96260004089e-05,1.70576938395e-05,3.96260004089e-05,2.51719708164e-05,0.000557926634321,9.23553841632e-05,3.96260004089e-05,1.70576938395e-05,3.96260004089e-05,0.284878840314,0.429388188862,0.284864897445
50,0.0367025073722,0.226459165621,0.174732491843,0.0702477204095,0.0103117493105,0.115259098987,0.0871843731316,0.049018647952,0.0347478705788,0.106757396026,0.0159814630382,0.0725975157299,1,0.1,30,20,1,8,20,2.32179135062e-05,9.99455044905e-06,2.32179135062e-05,8.40018588186e-08,2.48198616234e-05,0.00115752619382,2.32179135062e-05,9.99455044905e-06,2.32179135062e-05,0.284757029366,0.429204587363,0.284743092459
51,0.00210033421978,0.00103174219369,0.0258059267206,0.0558078535085,0.164061739733,0.091505901219,0.0766238181904,0.18616822641,0.127684780628,0.179160424155,0.0510055447834,0.0390437082385,1,0.1,30,20,1,8,20,4.88423389683e-07,2.10250253855e-07,4.88423389683e-07,6.9828758838e-08,0.00207328744181,1.59327102642e-06,4.88423389683e-07,2.10250253855e-07,4.88423389683e-07,0.284534050887,0.428868499484,0.284520124894
52,0.127056888801,0.0414603159596,0.117184793076,0.00957935062559,0.171390428919,0.133162564962,0.0317214650505,0.0346298935453,0.0694700492022,0.0492974763294,0.166981891161,0.048064882368,1,0.1,30,20,1,8,20,4.18920574471e-11,1.80331570904e-11,4.18920574471e-11,0.0519582120342,0.00102066263119,1.04418111027e-10,4.18920574471e-11,1.80331570904e-11,4.18920574471e-11,0.270020677612,0.406992985465,0.270007461949
53,0.121326334248,0.123699211974,0.0647261489982,0.00995699277878,0.232802506722,0.0586759317003,0.0997545101636,0.0523522433343,0.0898637611842,0.0632327563273,0.0208643458535,0.0627452567158,1,0.1,30,20,1,8,20,1.48581994865e-09,6.39596767856e-10,1.48581994865e-09,0.0288077272211,0.00824910351196,6.29974169103e-09,1.48581994865e-09,6.39596767856e-10,1.48581994865e-09,0.27456046813,0.41383565734,0.274547030275
54,0.0863898335503,0.120318891035,0.00641219090388,0.0560117179195,0.11138106931,0.0729346025203,0.246291118283,0.0315916569952,0.0933696545779,0.0580767911465,0.0451392629164,0.072083210842,1,0.1,30,20,1,8,20,0.000229200208721,9.86631743794e-05,0.000229200208721,0.0139910981513,7.51188684403e-08,0.000608652328447,0.000229200208721,9.86631743794e-05,0.000229200208721,0.280645888893,0.423008005125,0.280632153199
55,0.0262702439716,0.123945136847,0.00531840026407,0.00414054773031,0.253907449955,0.0701372362581,0.273414628405,0.0646854789092,0.0507275371758,0.0716948370107,0.0253276566949,0.030430846779,1,0.1,30,20,1,8,20,1.28252793096e-06,5.52086220189e-07,1.28252793096e-06,0.030809010685,0.0170443018887,3.38558492259e-06,1.28252793096e-06,5.52086220189e-07,1.28252793096e-06,0.271479367637,0.409191619339,0.271466080581
56,0.0999503614798,0.00377127192532,0.2242971993,0.0248153944738,0.105435131479,0.0609357178242,0.00297685000643,0.00204919950765,0.0912396072083,0.0409746550413,0.0074772491352,0.336077362619,1,0.1,30,20,1,8,20,4.81839386553e-07,2.07416056398e-07,4.81839386553e-07,0.00420209860342,0.000268718078997,0.000196659462278,4.81839386553e-07,2.07416056398e-07,4.81839386553e-07,0.283794862647,0.427754346186,0.283780972832
57,0.0200628525555,0.00722651009884,0.104638410065,0.130621536414,0.0390028153369,0.00585122374187,0.127835558872,0.116328539484,0.231124350633,0.0406693841566,0.102059578817,0.074579239826,1,0.1,30,20,1,8,20,2.45632013569e-07,1.05736527568e-07,2.45632013569e-07,4.23054092186e-09,0.00387736962322,3.09688181087e-10,2.45632013569e-07,1.05736527568e-07,2.45632013569e-07,0.284020468921,0.42809439485,0.284006568064
58,0.0977980143938,0.0030528242191,0.117828391845,0.0094773422891,0.0241787560231,0.0699857186298,0.100138208167,0.127034192559,0.22618219916,0.0595706131662,0.155206381777,0.00954735777133,1,0.1,30,20,1,8,20,1.57168152778e-08,6.76557362273e-09,1.57168152778e-08,1.08471640998e-06,0.00141283182296,0.00219474104149,1.57168152778e-08,6.76557362273e-09,1.57168152778e-08,0.284097405757,0.428210359128,0.284083501135
59,0.0885342021034,0.0301803417592,0.128223335936,0.172788328936,0.0158525005634,0.0673050298218,0.0049061910183,0.108989053978,0.0203654768444,0.295028435807,0.0507947308306,0.0170323724011,1,0.1,30,20,1,8,20,3.46097123059e-08,1.48983462952e-08,3.46097123059e-08,3.31414988689e-08,0.00110679060505,0.000163591828045,3.46097123059e-08,1.48983462952e-08,3.46097123059e-08,0.284764073983,0.429215205475,0.284750136732
60,0.0250105323372,0.048403346668,0.0309451283507,0.0441518442923,0.0571453882932,0.0171522032523,0.21423465845,0.01117239182,0.403899291878,0.0187532681193,0.125997563299,0.00313438324061,1,0.1,30,20,1,8,20,0.000461308770576,0.000198578299418,0.000461308770576,0.00126446849901,3.21503178422e-07,0.0011939831878,0.000461308770576,0.000198578299418,0.000461308770576,0.283785924924,0.427740874659,0.283772035546
61,0.112479010652,0.042326555782,0.0263315830453,0.158302241237,0.227348368695,0.0636436986634,0.00246452934789,0.143547834292,0.0535114051546,0.0667072374854,0.00324466718569,0.10009286846,1,0.1,30,20,1,8,20,2.51574717538e-06,1.08294666765e-06,2.51574717538e-06,0.124263435691,0.000957510552984,0.00063115598076,2.51574717538e-06,1.08294666765e-06,2.51574717538e-06,0.24923911347,0.3756696405,0.249226914923
62,0.0126048717112,0.0564864835569,0.0746279279031,0.0255673373532,0.0905037684264,0.0146684826883,0.0625150304449,0.0738806696161,0.0921255206584,0.222478617469,0.266671066087,0.00787022408643,1,0.1,30,20,1,8,20,2.56205830828e-08,1.10288209182e-08,2.56205830828e-08,7.20216954882e-06,0.000700847654197,4.48312845629e-06,2.56205830828e-08,1.10288209182e-08,2.56205830828e-08,0.284923153478,0.429454980588,0.284909208441
63,0.0247635549287,0.0105127399036,0.157701380038,0.0360266230384,0.0223082240546,0.00012426675118,0.132305902071,0.143932615129,0.0351147684897,0.271946341758,0.0293064867565,0.135957097081,1,0.1,30,20,1,8,20,6.78205842755e-05,2.91945376937e-05,6.78205842755e-05,0.00454158768411,0.00203869943003,0.000941462998821,6.78205842755e-05,2.91945376937e-05,6.78205842755e-05,0.282887703739,0.426387016411,0.282873858324
64,0.444509305146,0.0328724288914,0.0181537140715,0.0916414748756,0.0465546469294,0.0163383758239,0.00622327054648,0.0827832095369,0.0183620082775,0.0663958330684,0.1599715181,0.0161942147329,1,0.1,30,20,1,8,20,3.45936536242e-05,1.48914335593e-05,3.45936536242e-05,2.77154235288e-07,6.9149921059e-05,5.86793762447e-05,3.45936536242e-05,1.48914335593e-05,3.45936536242e-05,0.285041878254,0.429633930406,0.285027927406
65,0.034179702667,0.0119380849145,0.00874769103724,0.0113269209164,0.118643390543,0.120763394298,0.0350465251919,0.00572837869374,0.206874029209,0.0185302492386,0.0921697088534,0.336051924437,1,0.1,30,20,1,8,20,1.18346103767e-07,5.09441171028e-08,1.18346103767e-07,0.0373453928352,1.71531381683e-05,5.55381005389e-06,1.18346103767e-07,5.09441171028e-08,1.18346103767e-07,0.274471556951,0.413701644544,0.274458123448
66,0.164664814949,0.0303895174644,0.229351627744,0.030517469943,0.00169455284416,0.0134386317854,0.0583527537328,0.0294462241894,0.299169183771,0.0173835550542,0.0317636066967,0.0938280618268,1,0.1,30,20,1,8,20,1.25720992854e-06,5.41187650324e-07,1.25720992854e-06,0.017678994208,1.24715431616e-06,0.00835856379654,1.25720992854e-06,5.41187650324e-07,1.25720992854e-06,0.277700258943,0.418568157266,0.277686667417
67,0.00491127580756,0.0848177309608,0.139205532939,0.0913160640421,0.0698087033261,0.0367095006311,0.0392685152223,0.00158963449949,0.320771181515,0.171540979603,0.00422552702098,0.035835354433,1,0.1,30,20,1,8,20,6.8497709898e-12,2.94860180712e-12,6.8497709898e-12,0.0284682259947,0.00153667572437,0.00159026338743,6.8497709898e-12,2.94860180712e-12,6.8497709898e-12,0.276117736766,0.416182875401,0.276104222694
68,0.0884975639242,0.242617316961,0.25191629238,0.103513271957,0.0125500737673,0.0033247039023,0.0801962519115,0.0089848247761,0.00514822883479,0.0775364744293,0.027084237669,0.0986307594869,1,0.1,30,20,1,8,20,2.63800213696e-07,1.13557341987e-07,2.63800213696e-07,0.0358773513759,0.000573113917332,0.00597217431646,2.63800213696e-07,1.13557341987e-07,2.63800213696e-07,0.273030172859,0.411529095315,0.273016809902
69,0.0926775322483,0.00104280614057,0.118368842299,0.225381178857,0.175812830223,0.093162089444,0.0482892025132,0.0269142802551,0.106926940822,0.0698906822698,0.0120303398884,0.0295032750399,1,0.1,30,20,1,8,20,1.22391213928e-06,5.26854043879e-07,1.22391213928e-06,0.185658820442,1.36499948426e-06,1.44546219755e-07,1.22391213928e-06,5.26854043879e-07,1.22391213928e-06,0.232188002192,0.349969080284,0.23217663818
70,0.130613986186,0.0116042463,0.200954054316,0.0191943282528,0.0470501405461,0.13720767374,0.10533699312,0.0559762370928,0.0461359266381,0.177243792541,0.000464388631782,0.0682182326364,1,0.1,30,20,1,8,20,1.69508436661e-10,7.29678238009e-11,1.69508436661e-10,0.0846880772855,4.42834278319e-08,0.00288546593294,1.69508436661e-10,7.29678238009e-11,1.69508436661e-10,0.260156813233,0.392125518102,0.260144080339
71,0.00682866976841,0.148182343432,0.0622000013906,0.0317170603976,0.0122174732527,0.0307277925461,0.160095151305,0.133257296415,0.154205253564,0.134962483792,0.0407830252036,0.0848234489337,1,0.1,30,20,1,8,20,1.83293770557e-10,7.8901958022e-11,1.83293770557e-10,7.0159430103e-12,0.000592727191906,0.00211049532598,1.83293770557e-10,7.8901958022e-11,1.83293770557e-10,0.28435559068,0.428599512483,0.284341673421
72,0.0205706565516,0.126026855178,0.0925531041501,0.0876124722585,0.12613199732,0.0318783894447,0.0309665314087,0.0591507499797,0.0699546303712,0.0566840751064,0.166730439422,0.131740098809,1,0.1,30,20,1,8,20,1.89647717583e-08,8.16371238706e-09,1.89647717583e-08,0.0512504610049,1.89613259837e-05,7.22412547509e-05,1.89647717583e-08,8.16371238706e-09,1.89647717583e-08,0.270487463436,0.407696555865,0.270474224927
73,0.0570190339386,0.0144211594298,0.0675680886111,0.011043862489,0.0415738658668,0.170997091991,0.00830591335715,0.0573607592167,0.0654207874081,0.0162748236633,0.317240401732,0.172774212296,1,0.1,30,20,1,8,20,1.78909366149e-10,7.70146156888e-11,1.78909366149e-10,0.014229803275,0.000141702847376,7.93264141366e-06,1.78909366149e-10,7.70146156888e-11,1.78909366149e-10,0.281026393758,0.423581527169,0.28101263944
74,0.00535886147239,0.00430561648477,0.178406003828,0.0955132882537,0.0632104652183,0.235846584326,0.0292852466982,0.0996735440033,0.0333205230061,0.102601596069,0.106560357879,0.0459179127618,1,0.1,30,20,1,8,20,3.80420939154e-05,1.63758740303e-05,3.80420939154e-05,3.78634643436e-05,2.12212775272e-05,2.91589946062e-05,3.80420939154e-05,1.63758740303e-05,3.80420939154e-05,0.285048464694,0.429643857922,0.285034513524
75,0.0814107302363,0.0461720795808,0.0102897764086,0.00346925676923,0.0184363714223,0.000612722091767,0.126904895109,0.0354899587489,0.168021849688,0.167624537202,0.302867351114,0.0387004716286,1,0.1,30,20,1,8,20,3.99977880569e-08,1.7217736231e-08,3.99977880569e-08,0.0168726656065,0.000860271236663,3.74130590026e-07,3.99977880569e-08,1.7217736231e-08,3.99977880569e-08,0.280070061225,0.422140079661,0.280056353713
76,0.0810030248053,0.0876745413788,0.155826488673,0.167561945932,0.0500572096943,0.0737937974072,0.23144700638,0.0133114633284,0.00598668288129,0.0624309817701,0.0250935688612,0.0458132888891,1,0.1,30,20,1,8,20,7.5460718272e-08,3.24833648591e-08,7.5460718272e-08,3.4739389258e-06,0.0111434250912,5.76197063741e-08,7.5460718272e-08,3.24833648591e-08,7.5460718272e-08,0.281947955248,0.424970565466,0.281934155827
77,0.0662065338113,0.0933801614056,0.0345236341459,0.105493282788,0.011913713266,0.183332493417,0.119543983263,0.0969095582818,0.0441767851701,0.0877661330203,0.0807770171219,0.0759767043091,1,0.1,30,20,1,8,20,3.92070236861e-05,1.68773380986e-05,3.92070236861e-05,2.10205480223e-05,0.000820488073896,0.001021532551,3.92070236861e-05,1.68773380986e-05,3.92070236861e-05,0.284540808607,0.428878685166,0.284526882283
78,0.108030367295,0.104826637591,0.0393983853742,0.0109971985357,0.131829825943,0.280701439367,0.0853179289589,0.0620594319444,0.031167956391,0.00328603653039,0.0935486446741,0.0488361473945,1,0.1,30,20,1,8,20,1.45845431092e-05,6.27816758135e-06,1.45845431092e-05,0.125377742473,2.63880075456e-05,0.000171365959966,1.45845431092e-05,6.27816758135e-06,1.45845431092e-05,0.249301253952,0.375763302736,0.249289052363
79,0.00844629332395,0.302449666556,0.0703838319002,0.0124448517949,0.3271306157,0.00945242310864,0.112851606064,0.0215080144412,0.0425825396433,0.0570591944791,0.0242923876378,0.0113985753512,1,0.1,30,20,1,8,20,0.000886470803795,0.000381596613656,0.000886470803795,7.98148500594e-06,0.00118168287765,2.24053300684e-06,0.000886470803795,0.000381596613656,0.000886470803795,0.283557876173,0.427397144532,0.283543997957
80,0.051068402839,0.26216075234,0.0944299759279,0.256325839509,0.00830279061709,0.032304986167,0.019500151989,0.0802408083078,0.00859499068489,0.0166058009269,0.0445687099786,0.125896790713,1,0.1,30,20,1,8,20,1.36042373924e-06,5.85617811447e-07,1.36042373924e-06,0.000106196614931,0.00640733083154,9.3092643399e-05,1.36042373924e-06,5.85617811447e-07,1.36042373924e-06,0.28324074391,0.426919141855,0.283226881215
81,0.119724917337,0.0370822629281,0.0872167254808,0.016393806138,0.0714337802667,0.0245974490386,0.0598579139257,0.0504390126931,0.0987960783432,0.0661191078691,0.154640328055,0.213698617925,1,0.1,30,20,1,8,20,3.04345913055e-06,1.31010936068e-06,3.04345913055e-06,5.28318828032e-06,5.66149578428e-07,0.000862168000529,3.04345913055e-06,1.31010936068e-06,3.04345913055e-06,0.284874638117,0.429381855035,0.284860695455
82,0.0734990255031,0.0241974323797,0.00653062514541,0.0769047180044,0.0542524735139,0.0387072785793,0.0400866148565,0.0132998844798,0.513811694124,0.0578506628015,0.0453533876445,0.0555062029675,1,0.1,30,20,1,8,20,3.68059020763e-06,1.58437339783e-06,3.68059020763e-06,0.154657253688,0.000399556135596,1.250934737e-05,3.68059020763e-06,1.58437339783e-06,3.68059020763e-06,0.240906900569,0.363110779326,0.240895109826
83,0.323091248584,0.00600229829343,0.0036789739569,0.0205676421951,0.204025984038,0.0969296462867,0.126073854665,0.0257724822194,0.0322322097092,0.131889994803,0.0243948733525,0.00534079189624,1,0.1,30,20,1,8,20,1.16992013364e-07,5.03612255849e-08,1.16992013364e-07,0.127933082742,2.3622640412e-08,4.52037556635e-07,1.16992013364e-07,5.03612255849e-08,1.16992013364e-07,0.248648960094,0.374780122383,0.24863679043
84,0.0485190441801,0.140144262629,0.0895539359144,0.0505427640548,0.0654035876693,0.0818643307499,0.180199157404,0.0275849907215,0.0352993658459,0.153143815381,0.0988893312978,0.0288554141527,1,0.1,30,20,1,8,20,8.39457656463e-05,3.61358995291e-05,8.39457656463e-05,0.0250392719204,2.95147721254e-05,0.00061689124805,8.39457656463e-05,3.61358995291e-05,8.39457656463e-05,0.277686340093,0.418547177857,0.277672749248
85,0.00809226949967,0.0224521011457,0.0460489091226,0.0374283519775,0.154672550377,0.0896968214775,0.132064783868,0.241752534826,0.197409031633,0.00266838866282,0.034067872981,0.0336463844295,1,0.1,30,20,1,8,20,3.57121767026e-06,1.53729210682e-06,3.57121767026e-06,0.177489139158,1.81844966137e-05,0.0121241779483,3.57121767026e-06,1.53729210682e-06,3.57121767026e-06,0.231052463201,0.348257520976,0.231041154765
86,0.0848938541512,0.0815516091963,0.0228075446318,0.167465178836,0.0257245272311,0.0697573301334,0.11929102565,0.0613995863966,0.0509094083585,0.145922123491,0.134769399136,0.0355084127886,1,0.1,30,20,1,8,20,1.35177037573e-09,5.81892822201e-10,1.35177037573e-09,1.66921532894e-07,0.00191319333855,6.88762729697e-10,1.35177037573e-09,5.81892822201e-10,1.35177037573e-09,0.28458079941,0.428938961942,0.284566871128
87,0.16880658176,0.0402061749716,0.0354101216754,0.00368172093631,0.245672824012,0.00223740031401,0.12158904664,0.0174196601861,0.169640381099,0.0971364225035,0.0781400311905,0.0200596347122,1,0.1,30,20,1,8,20,5.898838928e-07,2.53925673557e-07,5.898838928e-07,0.0983271750296,2.08774295149e-05,1.63561613519e-06,5.898838928e-07,2.53925673557e-07,5.898838928e-07,0.257083445667,0.387493135678,0.257070863193
88,0.133546670269,0.0465255549264,0.0850379476981,0.109653530442,0.0488360353903,0.173708235561,0.11737848305,0.0278182282324,0.0580649632626,0.147366732055,0.000835591407803,0.0512280277059,1,0.1,30,20,1,8,20,1.04246143023e-06,4.48745463403e-07,1.04246143023e-06,0.0138474325421,0.00549100702055,0.00116865009273,1.04246143023e-06,4.48745463403e-07,1.04246143023e-06,0.279277794436,0.420945922871,0.279264125701
89,0.203822593685,0.00731090604466,0.0263147870587,0.018759471637,0.0458276813505,0.0337212349318,0.137291106508,0.0521412880491,0.218427490624,0.0460419981823,0.03461575374,0.175725688189,1,0.1,30,20,1,8,20,9.95516301594e-07,4.28537124857e-07,9.95516301594e-07,0.0195092520254,0.00123483504521,2.13752915552e-06,9.95516301594e-07,4.28537124857e-07,9.95516301594e-07,0.279209675827,0.420843250008,0.279196010426
90,0.0424754812641,0.132132676724,0.159632291883,0.104155763214,0.206444718474,0.043092545515,0.0160929219089,0.0320543962471,0.201165003964,0.00192482022952,0.0505187327247,0.0103106478516,1,0.1,30,20,1,8,20,0.000677311106286,0.000291560222225,0.000677311106286,0.145935026665,0.000615652935354,0.000756506816019,0.000677311106286,0.000291560222225,0.000677311106286,0.242186450402,0.365039401279,0.242174597034
91,0.157888134296,0.135072423155,0.00670287779723,0.257936471497,0.119791835912,0.0613614287063,0.113006588969,0.00668893320207,0.00378189385126,0.0678061218351,0.00307897018464,0.0668843205949,1,0.1,30,20,1,8,20,3.48840836828e-05,1.50164541763e-05,3.48840836828e-05,2.49682171835e-05,0.00674244041571,9.2747079237e-05,3.48840836828e-05,1.50164541763e-05,3.48840836828e-05,0.283121991084,0.426740149759,0.283108134202
92,0.069883542255,0.0488102500099,0.0222035093023,0.0398496107797,0.083367822392,0.0613837843866,0.112331652293,0.07629461223,0.165068771658,0.0124411169402,0.170909335599,0.137455992154,1,0.1,30,20,1,8,20,0.000347985136202,0.000149796190702,0.000347985136202,0.00740517703881,0.00110224573141,0.000919740302122,0.000347985136202,0.000149796190702,0.000347985136202,0.281956117691,0.424982868439,0.281942317871
93,0.0372151643284,0.0457751011151,0.158579617101,0.0499200700377,0.0129073173847,0.095172030929,0.000740566502228,0.0688562641443,0.0254866443581,0.135782464089,0.13535683771,0.234207922301,1,0.1,30,20,1,8,20,3.72663076671e-06,1.60419234885e-06,3.72663076671e-06,0.0056850416297,1.87223282194e-05,0.000362663122789,3.72663076671e-06,1.60419234885e-06,3.72663076671e-06,0.283391487654,0.427146352775,0.283377617582
94,0.0371001832498,0.0155817717328,0.234089406141,0.0639038539308,0.00951398866891,0.217829856655,0.0705360122878,0.0206547601433,0.245539236117,0.0479627142203,0.0130512693954,0.0242369474575,1,0.1,30,20,1,8,20,2.07312298607e-05,8.924114678e-06,2.07312298607e-05,0.0818541856268,0.00126740950527,0.012303755732,2.07312298607e-05,8.924114678e-06,2.07312298607e-05,0.257889335752,0.3887078264,0.257876713835
95,0.207299670762,0.13906216791,0.0679248342327,0.155772965338,0.0437176115655,0.0214648986008,0.178300003262,0.036016918826,0.0170624095731,0.052664694422,0.0148209181772,0.0658929073315,1,0.1,30,20,1,8,20,3.41955531043e-06,1.47200643392e-06,3.41955531043e-06,7.65711548326e-07,0.0098386888428,5.6261710774e-06,3.41955531043e-06,1.47200643392e-06,3.41955531043e-06,0.28231451953,0.425523075343,0.282300702168
96,0.0743097570386,0.0158122692235,0.110887694284,0.0099701551503,0.0622692621942,0.159241833776,0.0257146936679,0.0817860479218,0.0308959237973,0.0263713324567,0.260220217806,0.142520812684,1,0.1,30,20,1,8,20,8.4457347622e-10,3.63561187949e-10,8.4457347622e-10,0.00146491658407,0.000711360957018,1.75753111926e-08,8.4457347622e-10,3.63561187949e-10,8.4457347622e-10,0.284505830653,0.428825964085,0.284491906041
97,0.0210055248541,0.0243278977275,0.199438877746,0.184434731837,0.0425859516145,0.0513900368837,0.243852829861,0.0887308636083,0.0197073387926,0.0885070671706,0.0200458577113,0.0159730221945,1,0.1,30,20,1,8,20,4.48154335897e-05,1.92915746623e-05,4.48154335897e-05,2.10899383868e-05,0.00848828270152,9.61989259866e-05,4.48154335897e-05,1.92915746623e-05,4.48154335897e-05,0.282610562374,0.425969290655,0.282596730522
98,0.050659057648,0.0199964199672,0.157368727436,0.0493656124625,0.00134955768547,0.212893199461,0.169487940343,0.0174382483691,0.117830974107,0.0217237777617,0.0913912683457,0.0904952164134,1,0.1,30,20,1,8,20,4.8411162358e-06,2.08394179931e-06,4.8411162358e-06,3.09146747866e-08,9.06655253406e-06,0.00320641802895,4.8411162358e-06,2.08394179931e-06,4.8411162358e-06,0.284202813016,0.428369235905,0.284188903235
99,0.0142563094683,0.0905009241487,0.00105801263701,0.290138815361,0.217494874199,0.00133141656468,0.174540331175,0.0543247667713,0.0256148925145,0.066097429585,0.0405617707259,0.0240804568493,1,0.1,30,20,1,8,20,0.00019164663112,8.24975906042e-05,0.00019164663112,4.11120193616e-05,0.000292000829072,0.000388785332377,0.00019164663112,8.24975906042e-05,0.00019164663112,0.284654900222,0.429050651577,0.284640968314
100,0.24168162054,0.0475425183789,0.0300828180145,0.098053262685,0.196893140507,0.0607112782495,0.109912648022,0.00625973026721,0.0220005161132,0.109227763825,0.0103480328652,0.0672866705315,1,0.1,30,20,1,8,20,1.96807385258e-05,8.47191260396e-06,1.96807385258e-05,6.70294798037e-09,2.92028164247e-10,4.98416136706e-09,1.96807385258e-05,8.47191260396e-06,1.96807385258e-05,0.285099070373,0.429720134142,0.285085116726
101,0.0356590530781,0.00932416444105,0.38457418449,0.0333169239451,0.0255240617493,0.188103785786,0.019308086433,0.0714553493663,0.047687639836,0.0880041222489,0.0779313158214,0.019111312805,1,0.1,30,20,1,8,20,0.000142966320063,6.15423129214e-05,0.000142966320063,0.000241184591539,0.000451967679379,0.000172454176149,0.000142966320063,6.15423129214e-05,0.000142966320063,0.28468139517,0.429090586511,0.284667461965
102,0.0450684286365,0.0453613892619,0.022266160891,0.194993074576,0.0114458820458,0.0253505602902,0.180662719656,0.104022758131,0.193130320797,0.0376455151417,0.0968444465391,0.0432087440346,1,0.1,30,20,1,8,20,6.67895603404e-05,2.87507156969e-05,6.67895603404e-05,2.4749568867e-05,0.00013093097064,0.000106072333128,6.67895603404e-05,2.87507156969e-05,6.67895603404e-05,0.284959149239,0.429509235775,0.28494520244
103,0.0866796580519,0.0821262588551,0.122694190918,0.0298522123478,0.493082610172,0.00504552177905,0.0979018525161,0.0477511101165,0.0101327346816,0.01870253872,0.00481160901911,0.00121970282264,1,0.1,30,20,1,8,20,2.59735937055e-08,1.11807804161e-08,2.59735937055e-08,0.368678281961,0.0445561321006,3.59613909181e-07,2.59735937055e-08,1.11807804161e-08,2.59735937055e-08,0.167302191823,0.252168904719,0.167294003526
104,0.0466433013931,0.070908861796,0.00862640780447,0.0362940908509,0.356883380774,0.0014896371613,0.0505740727357,0.0499965254459,0.083626826763,0.0719334792107,0.102220199681,0.120803216384,1,0.1,30,20,1,8,20,5.66173600082e-06,2.43719170003e-06,5.66173600082e-06,1.58822363453e-08,2.49886440544e-06,1.19146912972e-06,5.66173600082e-06,2.43719170003e-06,5.66173600082e-06,0.285117447113,0.429747832777,0.285103492567
105,0.0609900916805,0.357986453476,0.00377922341366,0.0360721059557,0.0739212501087,0.234513152797,0.0502542726753,0.0318813443741,0.000379802231647,0.0930395293146,0.0568112582541,0.000371515718646,1,0.1,30,20,1,8,20,1.91407546852e-07,8.23946726665e-08,1.91407546852e-07,0.115253778697,3.94141098284e-07,0.0135109859448,1.91407546852e-07,8.23946726665e-08,1.91407546852e-07,0.248411745773,0.374422577305,0.24839958772
106,0.0729497046245,0.159094507849,0.48947219711,0.00528336498193,0.0614842528689,0.0652143605684,0.00961836605548,0.00344196612109,0.0500619530847,0.033489637744,0.0380601999154,0.011829489077,1,0.1,30,20,1,8,20,0.000164791271216,7.09372387527e-05,0.000164791271216,0.126156339977,0.00805719462183,0.000383895736293,0.000164791271216,7.09372387527e-05,0.000164791271216,0.246520679268,0.371572237066,0.246508613769
107,0.0318351588069,0.309619242747,0.112225099999,0.0499656076251,0.0894112267172,0.00595294135352,0.106098106808,0.012895952878,0.163928948507,0.0596505102223,0.0100376525617,0.0483795517741,1,0.1,30,20,1,8,20,9.32870307322e-05,4.01570078485e-05,9.32870307322e-05,0.000291608593899,0.0115740190042,0.00111144795791,9.32870307322e-05,4.01570078485e-05,9.32870307322e-05,0.281296950705,0.423989328455,0.281283183146
108,0.0200699038573,0.0216009061407,0.171676209873,0.0049234900085,0.0814093173701,0.322663637285,0.0589340347394,0.264203422158,0.0167578762021,0.0335177560455,0.00209125385565,0.00215219246415,1,0.1,30,20,1,8,20,1.26133368606e-05,5.42962792719e-06,1.26133368606e-05,0.377492981095,0.00477830874991,0.000634549752932,1.26133368606e-05,5.42962792719e-06,1.26133368606e-05,0.175932324284,0.265176809914,0.175923713601
109,0.130276792809,0.316273290366,0.0113716542102,0.0219743009735,0.0696865562986,0.149004681124,0.00625058817928,0.111092122129,0.000153173370552,0.0619561661919,0.060555902358,0.0614047719897,1,0.1,30,20,1,8,20,2.66102015672e-05,1.14548192262e-05,2.66102015672e-05,4.14247888917e-05,0.000181048994821,0.00434485083579,2.66102015672e-05,1.14548192262e-05,2.66102015672e-05,0.283787205086,0.427742804204,0.283773315646
110,0.144507032939,0.0926795400059,0.00165043052814,0.0204090608673,0.138277318568,0.0683895853583,0.136668912742,0.0178286212571,0.0190066138759,0.142287060809,0.0169219005554,0.201373922494,1,0.1,30,20,1,8,20,6.78081697651e-07,2.9189193654e-07,6.78081697651e-07,0.0255158466229,4.45125527056e-05,1.23865414069e-08,6.78081697651e-07,2.9189193654e-07,6.78081697651e-07,0.277837475629,0.418774979311,0.277823877387
111,0.0376745063522,0.158924118953,0.141324954064,0.115340616101,0.0695276529029,0.250933650625,0.0621045361079,0.0103594667266,0.0634402418709,0.054704202983,0.0215491028468,0.0141169504667,1,0.1,30,20,1,8,20,0.000394812572032,0.000169953866355,0.000394812572032,0.00112687071998,0.0018269939454,0.0153260591136,0.000394812572032,0.000169953866355,0.000394812572032,0.279367060423,0.421080470458,0.279353387319
112,0.122600526223,0.141127723041,0.0285104451471,0.017579149704,0.004750187137,0.0682898521557,0.148289479501,0.161391264464,0.14815369911,0.110813675347,0.00611876488278,0.0423752332873,1,0.1,30,20,1,8,20,0.000177049196616,7.62138737001e-05,0.000177049196616,0.000969750172291,0.000303392242469,0.00252408822924,0.000177049196616,7.62138737001e-05,0.000177049196616,0.283798273658,0.427759487487,0.283784383677
113,0.0677430339437,0.0454663088476,0.0873766940706,0.154853574441,0.0411412866574,0.0382885195365,0.259391252227,0.17535762097,0.0813380001058,0.00244843798882,0.0153917240756,0.031203547136,1,0.1,30,20,1,8,20,3.42459925992e-08,1.47417768879e-08,3.42459925992e-08,1.11138271008e-06,0.0607082152348,0.0165588655335,3.42459925992e-08,1.47417768879e-08,3.42459925992e-08,0.263095105775,0.396554306535,0.263082229071
114,0.100422689286,0.0279102809625,0.0659954757472,0.0504656970026,0.25122751215,0.0478981606272,0.0156551178847,0.0902744870249,0.0964242014628,0.137332734529,0.10016331819,0.0162303251334,1,0.1,30,20,1,8,20,4.99311358182e-08,2.14937167278e-08,4.99311358182e-08,0.00572168862599,5.18373940497e-08,0.00722409544251,4.99311358182e-08,2.14937167278e-08,4.99311358182e-08,0.281435082753,0.424197530195,0.281421308434
115,0.108850107027,0.0273726627474,0.105460043967,0.0474745314616,0.188517694595,0.164265958146,0.0132051732011,0.0237642736584,0.0270599808998,0.164166849858,0.0108262888426,0.119036435596,1,0.1,30,20,1,8,20,8.50092742427e-07,3.65937051074e-07,8.50092742427e-07,0.00150893511373,0.0051426457862,0.00055013491842,8.50092742427e-07,3.65937051074e-07,8.50092742427e-07,0.283071773745,0.426664458872,0.28305791932
116,0.0415104821259,0.244894518957,0.113426594624,0.0163685515801,0.303666004148,0.0367343088506,0.0225126933135,0.10686947617,0.0976067183356,0.00216932706831,0.0131597334213,0.00108159140547,1,0.1,30,20,1,8,20,4.82159098182e-05,2.07553681771e-05,4.82159098182e-05,0.118149441832,0.206090447226,0.0691363529457,4.82159098182e-05,2.07553681771e-05,4.82159098182e-05,0.172897592181,0.260602661411,0.172889130028
117,0.30516470077,0.0284356523077,0.0106993468001,0.065316755037,0.152419761332,0.0774794330206,0.029468470976,0.0132707246381,0.0119793761751,0.143733574423,0.157104660571,0.00492754395001,1,0.1,30,20,1,8,20,1.85367286394e-06,7.97945385992e-07,1.85367286394e-06,0.0258955607303,0.000639955523488,0.00046739296903,1.85367286394e-06,7.97945385992e-07,1.85367286394e-06,0.277424540783,0.41815257666,0.277410962752
118,0.0349717965387,0.111946944859,0.101008375257,0.00922199478499,0.0052683222464,0.173465624654,0.0512219798417,0.14986866762,0.0746924712328,0.225000452776,0.0288106127421,0.0345227574472,1,0.1,30,20,1,8,20,3.95749528663e-06,1.70357195462e-06,3.95749528663e-06,3.33544932162e-10,6.41170506864e-10,9.99628393497e-08,3.95749528663e-06,1.70357195462e-06,3.95749528663e-06,0.285120837117,0.429752942415,0.285106882405
119,0.0867436290937,0.0491716403134,0.0169354035694,0.119585071647,0.0261056388208,0.222768878274,0.00269820863735,0.186724084316,0.0511184512715,0.119974141345,0.0644114745562,0.0537633781564,1,0.1,30,20,1,8,20,2.30036540625e-07,9.90231878409e-08,2.30036540625e-07,0.0693744918399,2.77307418391e-07,4.4900340713e-07,2.30036540625e-07,9.90231878409e-08,2.30036540625e-07,0.265345329287,0.399945991918,0.265332342451
120,0.0780428291494,0.0550617727213,0.234860995977,0.0216772369168,0.0438008803719,0.154315915212,0.163840742879,0.0501547722155,0.0722461643372,0.0301136947096,0.0932042552042,0.00268074030615,1,0.1,30,20,1,8,20,2.43817692879e-08,1.04955522002e-08,2.43817692879e-08,0.00957561810639,0.00529536591137,0.0197393907175,2.43817692879e-08,1.04955522002e-08,2.43817692879e-08,0.275257987264,0.414887004212,0.275244515271
121,0.0151804448447,0.0261239548907,0.0798268223514,0.0560071463745,0.0505505106254,0.00265290083989,0.0105085874825,0.0107666246714,0.227993773868,0.150841207369,0.214940065474,0.154607961208,1,0.1,30,20,1,8,20,2.47384564259e-08,1.06490943174e-08,2.47384564259e-08,0.00805546847095,0.00152076011192,4.10897819187e-08,2.47384564259e-08,1.06490943174e-08,2.47384564259e-08,0.282395869794,0.425645691831,0.282382048451
122,0.0775771162606,0.0109942318941,0.171146345153,0.112337256805,0.15126701145,0.23055692751,0.047971955599,0.057725292935,0.00823791446375,0.0709866097966,0.0304704407626,0.0307288973698,1,0.1,30,20,1,8,20,4.25195239181e-06,1.83032608316e-06,4.25195239181e-06,0.118004925952,0.00135475320061,3.00401124913e-11,4.25195239181e-06,1.83032608316e-06,4.25195239181e-06,0.251087868014,0.378456205358,0.251075578983
123,0.0405478021657,0.0661582636921,0.00307726546768,0.0146391156726,0.297058506928,0.0528917053499,0.01214501047,0.0600158236401,0.0528633581684,0.17951710003,0.0471845961065,0.173901452309,1,0.1,30,20,1,8,20,1.14869452854e-07,4.94475328841e-08,1.14869452854e-07,0.00202483643574,0.000591136517084,0.000445340608603,1.14869452854e-07,4.94475328841e-08,1.14869452854e-07,0.284253330537,0.428445379246,0.284239418283
124,0.103732180217,0.0188179312913,0.0220995417005,0.046722539265,0.0955355872295,0.124121848148,0.0843059107979,0.0240202392575,0.0566152729558,0.216533236695,0.123043336188,0.0844523762548,1,0.1,30,20,1,8,20,4.81766427007e-08,2.07384649705e-08,4.81766427007e-08,0.00680522771359,0.000626522201201,1.78757904893e-07,4.81766427007e-08,2.07384649705e-08,4.81766427007e-08,0.283007245434,0.426567197543,0.282993394167
125,0.02196909648,0.0512275004538,0.155628538173,0.00672136802339,0.142221977476,0.0708072759188,0.0104502789403,0.0233607821547,0.0129032798686,0.180812171866,0.164681881229,0.159215849416,1,0.1,30,20,1,8,20,1.6705380971e-07,7.19111873856e-08,1.6705380971e-07,2.89349860847e-05,0.000453101138989,4.01841324461e-07,1.6705380971e-07,7.19111873856e-08,1.6705380971e-07,0.284988563598,0.429553571038,0.28497461536
126,0.0359902953725,0.0565580958945,0.0976305754305,0.0254475530663,0.123954467949,0.029872637359,0.122235871812,0.0652229474686,0.00461820804298,0.109609695117,0.185417238779,0.143442413709,1,0.1,30,20,1,8,20,1.31845059299e-05,5.67549748288e-06,1.31845059299e-05,1.58505519211e-05,3.38467569023e-05,2.05289414253e-06,1.31845059299e-05,5.67549748288e-06,1.31845059299e-05,0.285093322094,0.429711469956,0.285079368728
127,0.0414536769918,0.155851156906,0.198216638487,0.177003203782,0.0918209945802,0.0722155905195,0.00379339326024,0.0128787621424,0.136700391423,0.0358473780896,0.00412700486916,0.0700918089489,1,0.1,30,20,1,8,20,3.98922550984e-08,1.71723077528e-08,3.98922550984e-08,1.56411959243e-06,0.0157134086374,1.63178103717e-09,3.98922550984e-08,1.71723077528e-08,3.98922550984e-08,0.280645542316,0.423007482742,0.280631806639
128,0.0281560600317,0.0488074961315,0.173440290191,0.00187730685016,0.0030053382384,0.0338485233675,0.0706212194461,0.102992560446,0.121942646655,0.184705979554,0.0763698502829,0.154232728806,1,0.1,30,20,1,8,20,4.73578145705e-10,2.03859863098e-10,4.73578145705e-10,0.0184655933997,4.12200800606e-10,0.000465108777645,4.73578145705e-10,2.03859863098e-10,4.73578145705e-10,0.279728708103,0.421625569708,0.279715017298
129,0.0138346970051,0.276269526722,0.0670951125772,0.0263068519932,0.0231229088369,0.0420169766066,0.0514653105364,0.105826669537,0.00709718303155,0.0844701356134,0.16108906198,0.141405565561,1,0.1,30,20,1,8,20,1.46706018689e-11,6.31521305552e-12,1.46706018689e-11,4.41106299764e-12,0.000841856301132,0.000112833776887,1.46706018689e-11,6.31521305552e-12,1.46706018689e-11,0.284854143589,0.429350964329,0.284840201929
130,0.0142799038048,0.0184365753625,0.0969119969556,0.0324367107531,0.177884234939,0.0484333521426,0.132063842479,0.0809880984916,0.115051415649,0.0355867041705,0.0837191404536,0.164208024799,1,0.1,30,20,1,8,20,6.64340406628e-09,2.85976761332e-09,6.64340406628e-09,0.0397765299141,0.000104486439396,0.000914546586898,6.64340406628e-09,2.85976761332e-09,6.64340406628e-09,0.273494451706,0.412228887034,0.273481066026
131,0.0545696868903,0.0127334335526,0.144564596532,0.07746688514,0.0874160971489,0.0266358389098,0.0642318387475,0.0300072274774,0.0352988951863,0.0779505629519,0.215898903094,0.17322603437,1,0.1,30,20,1,8,20,1.96734491894e-06,8.46877478363e-07,1.96734491894e-06,0.0100828579082,3.67699255021e-06,8.99011295202e-11,1.96734491894e-06,8.46877478363e-07,1.96734491894e-06,0.282247687291,0.425422341383,0.2822338732
132,0.139736055891,0.312657082705,0.0483586147708,0.046404935412,0.101550517053,0.0515122313422,0.0842279482658,0.0240891847847,0.0236954747897,0.0395484393777,0.0826204620396,0.045599053568,1,0.1,30,20,1,8,20,9.99835616171e-05,4.30396448152e-05,9.99835616171e-05,0.0365615188829,0.00106338853679,0.000612735338688,9.99835616171e-05,4.30396448152e-05,9.99835616171e-05,0.274085216095,0.413119326109,0.274071801501
133,0.07665244124,0.0068269105284,0.155445096503,0.0434723262038,0.247866169186,0.00397700321227,0.0420556156593,0.00222938765996,0.0764811603987,0.144496181198,0.0571676610704,0.14333004714,1,0.1,30,20,1,8,20,2.53841788739e-06,1.0927056658e-06,2.53841788739e-06,0.00814114480416,0.000711246770438,0.000113049310517,2.53841788739e-06,1.0927056658e-06,2.53841788739e-06,0.282566549267,0.425902951196,0.28255271957
134,0.000101343306821,0.040755317283,0.0474298196534,0.244555502244,0.0228755211939,0.0702325891128,0.0900234434937,0.0575261159781,0.0929428863892,0.0130351452581,0.0763042267883,0.244218089298,1,0.1,30,20,1,8,20,9.2966133303e-07,4.00188720274e-07,9.2966133303e-07,4.77563719539e-08,0.000621102446489,0.000909161288056,9.2966133303e-07,4.00188720274e-07,9.2966133303e-07,0.284688730285,0.42910164248,0.284674796721
135,0.247964302998,0.0264341996924,0.0224819595133,0.0113369405291,0.18508417652,0.0253917076584,0.00454256355497,0.0551742216363,0.0146818616425,0.22158984766,0.129630134553,0.0556880840426,1,0.1,30,20,1,8,20,1.2595590091e-08,5.42198852479e-09,1.2595590091e-08,0.0110008723352,0.000466081473764,0.000201255333061,1.2595590091e-08,5.42198852479e-09,1.2595590091e-08,0.281799419557,0.42474668267,0.281785627405
136,0.0165334254341,0.0630749862105,0.296936470053,0.0720865345706,0.1154317193,0.046239681891,0.024283345877,0.0349981329683,0.00649590915709,0.268316504062,0.0399093836009,0.0156939068754,1,0.1,30,20,1,8,20,1.83101086497e-07,7.88190138522e-08,1.83101086497e-07,5.7782769283e-08,0.000630614904428,0.000546255468345,1.83101086497e-07,7.88190138522e-08,1.83101086497e-07,0.284790523904,0.429255072541,0.284776585358
137,0.0669588208234,0.00851545739117,0.0247485547485,0.0717931490758,0.131785622608,0.0700087339352,0.239078450546,0.179100746255,0.042487872703,0.0654031627339,0.0516277033134,0.0484917258671,1,0.1,30,20,1,8,20,8.97145188546e-12,3.86191586278e-12,8.97145188546e-12,0.153766735326,3.89437647834e-08,1.80691439219e-06,8.97145188546e-12,3.86191586278e-12,8.97145188546e-12,0.241282876458,0.363677474999,0.241271067314
138,0.0253508954263,0.143666432867,0.279006460738,0.0234295348704,0.112382578667,0.0386842532656,0.0662477577081,0.00763411114127,0.0573547535647,0.136023082869,0.103327210681,0.00689292820236,1,0.1,30,20,1,8,20,2.9453530044e-08,1.26787789027e-08,2.9453530044e-08,3.25178356583e-06,0.00139373251425,0.00168531822432,2.9453530044e-08,1.26787789027e-08,2.9453530044e-08,0.284247464416,0.428436537441,0.284233552449
139,0.119817284252,0.0234612192573,0.0361011533154,0.127156027532,0.0343148558,0.0539933214654,0.0427146401163,0.146261337887,0.0747007638355,0.220938950803,0.0988952686384,0.0216451770976,1,0.1,30,20,1,8,20,4.87018938593e-07,2.09645683713e-07,4.87018938593e-07,0.0201241594791,0.000612405419973,0.0007535765156,4.87018938593e-07,2.09645683713e-07,4.87018938593e-07,0.278998270308,0.420524605658,0.278984615253
140,0.128165328014,0.0117425550665,0.0383560859006,0.0940112878454,0.0987410283159,0.187978801412,0.015363360871,0.0238486361436,0.0161270631898,0.0143890961299,0.296295000157,0.074981756955,1,0.1,30,20,1,8,20,4.51327563268e-08,1.94281716956e-08,4.51327563268e-08,0.0215444207909,0.000380990772296,0.000362272113701,4.51327563268e-08,1.94281716956e-08,4.51327563268e-08,0.278771482438,0.420182776014,0.278757838483
141,0.0176579009855,0.0845011137047,0.0191986100084,0.0990850401879,0.127327100087,0.0264894882918,0.0436105642717,0.323631315078,0.0331978878752,0.049835318522,0.0323408665295,0.143124794458,1,0.1,30,20,1,8,20,1.0927010928e-08,4.70371990782e-09,1.0927010928e-08,0.000549333007466,0.00457520821748,5.52695734723e-09,1.0927010928e-08,4.70371990782e-09,1.0927010928e-08,0.283665192448,0.427558898704,0.28365130898
142,0.0589537889367,0.0445228428854,0.00963982968956,0.0147039151202,0.286300261102,0.0592650824237,0.0228953331466,0.173148690724,0.195264009614,0.0246355115553,0.0134097088669,0.0972610259357,1,0.1,30,20,1,8,20,5.04697108878e-06,2.17255556354e-06,5.04697108878e-06,0.172496461762,2.53435058848e-05,3.53992103601e-06,5.04697108878e-06,2.17255556354e-06,5.04697108878e-06,0.235927833792,0.355606001283,0.23591628674
143,0.0199274893659,0.0298329543537,0.0347705037622,0.189619357755,0.0538768572786,0.0461148205719,0.0546481590496,0.334994099284,0.0101748397447,0.0117234380839,0.109469711941,0.104847768809,1,0.1,30,20,1,8,20,0.000335864117811,0.000144578489733,0.000335864117811,0.00257622853124,0.000478173939399,0.0010947604729,0.000335864117811,0.000144578489733,0.000335864117811,0.283477814103,0.427276469697,0.283463939806
144,0.131837484789,0.241504455905,0.0014072481701,0.0789336130183,0.0108747374084,0.109149948176,0.00780746577444,0.109196417052,0.0818291048918,0.0932152262322,0.0599913473322,0.0742529512504,1,0.1,30,20,1,8,20,2.15294742333e-08,9.26773270596e-09,2.15294742333e-08,0.049732588156,0.001777536062,6.33781201233e-08,2.15294742333e-08,9.26773270596e-09,2.15294742333e-08,0.270439409245,0.407624125417,0.270426173088
145,0.0258036102896,0.0198860155428,0.00522898939729,0.0057793650342,0.299307935324,0.106980848376,0.171518374666,0.0665514425991,0.0162141223267,0.204710229089,0.0154220507777,0.0625970165775,1,0.1,30,20,1,8,20,8.67839869733e-06,3.73576607451e-06,8.67839869733e-06,0.0443554328998,0.000182504869891,0.000312514096423,8.67839869733e-06,3.73576607451e-06,8.67839869733e-06,0.27232627714,0.410468137233,0.272312948634
146,0.00130025257275,0.0954552797296,0.144094417382,0.0149023364936,0.0100932321135,0.00327561762891,0.292248110223,0.0148362310038,0.179413142717,0.0422408154111,0.125004481174,0.0771360835507,1,0.1,30,20,1,8,20,1.63761507363e-09,7.04939591801e-10,1.63761507363e-09,0.0662942123108,0.000386776826517,4.70275968717e-10,1.63761507363e-09,7.04939591801e-10,1.63761507363e-09,0.266113841397,0.401104344088,0.266100816947
147,0.0167071510253,0.033645360396,0.171474651332,0.0758389483419,0.102041837136,0.0712730109921,0.00363696051504,0.105323611142,0.0147635239038,0.0870178368567,0.0865523757247,0.231724732635,1,0.1,30,20,1,8,20,1.77790762804e-05,7.6533093628e-06,1.77790762804e-05,2.488293495e-05,0.000178055712551,0.000105412559781,1.77790762804e-05,7.6533093628e-06,1.77790762804e-05,0.285013790401,0.42959159454,0.284999840928
148,0.242684936903,0.201458438793,0.0990679604575,0.106137782861,0.0405570247508,0.00585448639101,0.0910885075749,0.0217413576283,0.0259593061305,0.112709953198,0.0230884270462,0.0296518182652,1,0.1,30,20,1,8,20,2.11889556314e-05,9.12115061347e-06,2.11889556314e-05,0.0777580212368,0.00119156701332,0.00105889188086,2.11889556314e-05,9.12115061347e-06,2.11889556314e-05,0.262284457448,0.395332443878,0.26227162042
149,0.0127703378245,0.0212700155291,0.0396604516217,0.0437079361633,0.272131031649,0.0324167263687,0.175462443397,0.0602529293889,0.0170675745491,0.0752616458313,0.0680413216899,0.181957585988,1,0.1,30,20,1,8,20,2.53916113754e-06,1.09302561062e-06,2.53916113754e-06,3.29254077032e-06,0.00108697020222,0.000533716814118,2.53916113754e-06,1.09302561062e-06,2.53916113754e-06,0.284659792315,0.429058025263,0.284645860168
150,0.0525441605569,0.00039570397167,0.0210384129171,0.000506388003483,0.0711783862824,0.233466706203,0.168046341874,0.0855923628857,0.129919248402,0.108876537978,0.0787465754949,0.0496891754304,1,0.1,30,20,1,8,20,7.79224704929e-09,3.35430684694e-09,7.79224704929e-09,0.01405748657,0.00204728820516,7.69352717193e-06,7.79224704929e-09,3.35430684694e-09,7.79224704929e-09,0.280532250817,0.422836722318,0.280518520685
151,0.0288760601487,0.0796288051699,0.0292345818095,0.111766730605,0.00587542262316,0.0125951525289,0.108990755171,0.246531830558,0.0195607892395,0.0243745667769,0.0252475512659,0.307317754102,1,0.1,30,20,1,8,20,1.02830730008e-05,4.42652574488e-06,1.02830730008e-05,2.80549216524e-08,8.40796206327e-08,0.000165632262037,1.02830730008e-05,4.42652574488e-06,1.02830730008e-05,0.285064840675,0.429668540882,0.285050888703
152,0.014309469285,0.0578019559025,0.0131011694427,0.0598510096829,0.0106578408944,0.138711786808,0.112705319885,0.100877222887,0.0337247152716,0.0792952713753,0.155633356287,0.223330882279,1,0.1,30,20,1,8,20,1.240106182e-05,5.33825048268e-06,1.240106182e-05,0.0219347993152,0.0019370322695,1.62338278279e-05,1.240106182e-05,5.33825048268e-06,1.240106182e-05,0.278298046357,0.419469181908,0.278284425574
153,0.0864342795871,0.248847470267,0.0570313673897,0.125497537182,0.119071907061,0.130866482031,0.0328795338931,0.0163843422317,0.00874924143795,0.0571569642936,0.112402085531,0.00467878909439,1,0.1,30,20,1,8,20,5.00834984936e-08,2.15593038636e-08,5.00834984936e-08,4.41571277758e-08,0.00623801077758,2.64281611407e-08,5.00834984936e-08,2.15593038636e-08,5.00834984936e-08,0.283347640118,0.427080262875,0.283333772192
154,0.108177766006,0.0220088194451,0.0108632540254,0.0379985605453,0.123743721031,0.341288487644,0.0372275479435,0.0145880938147,0.0358948947179,0.028950903662,0.237211320467,0.00204663069719,1,0.1,30,20,1,8,20,3.3342325032e-10,1.43527776314e-10,3.3342325032e-10,0.0340549891877,1.25964180354e-05,0.00160162316952,3.3342325032e-10,1.43527776314e-10,3.3342325032e-10,0.274956119108,0.414432008606,0.274942661889
155,0.0186001919134,0.0071357555216,0.0740753017059,0.302179083211,0.0855998049205,0.0406606296334,0.0153714120912,0.140271954265,0.0994823496272,0.150497045327,0.0546391332902,0.0114873384942,1,0.1,30,20,1,8,20,1.63357405042e-06,7.03200063813e-07,1.63357405042e-06,6.63014302483e-07,0.00350009692658,0.000201187824212,1.63357405042e-06,7.03200063813e-07,1.63357405042e-06,0.284068563949,0.428166886851,0.284054660738
156,0.0334034800793,0.141980178916,0.0398424779564,0.0251726238058,0.0719693154235,0.0343144542918,0.0633299793223,0.0276067984069,0.221313117552,0.153645332227,0.106073390153,0.0813488518652,1,0.1,30,20,1,8,20,1.02075013665e-06,4.39399463431e-07,1.02075013665e-06,0.0142069574487,0.000162906103387,2.35559347117e-07,1.02075013665e-06,4.39399463431e-07,1.02075013665e-06,0.281027642247,0.423583408974,0.281013887868
157,0.110957168667,0.0954244066944,0.049698113777,0.0914111414544,0.154308698424,0.112534665194,0.00283453528515,0.152098838644,0.0248970990855,0.0136629227477,0.0172484697148,0.174923940313,1,0.1,30,20,1,8,20,1.81478020172e-08,7.812033702e-09,1.81478020172e-08,0.091834046381,0.00101468248306,3.71811688275e-07,1.81478020172e-08,7.812033702e-09,1.81478020172e-08,0.258652600495,0.389858269392,0.258639941222
158,0.109112843176,0.251915153139,0.000742098521189,0.053689364303,0.113445749269,0.0912743793495,0.0123822605467,0.00796688061447,0.0973922711016,0.0696246110821,0.117341528763,0.0751128601339,1,0.1,30,20,1,8,20,3.81527401393e-06,1.64235036016e-06,3.81527401393e-06,0.00561157673125,0.00949845084856,2.22337593287e-06,3.81527401393e-06,1.64235036016e-06,3.81527401393e-06,0.280812162044,0.423258622992,0.280798418212
159,0.0076542815402,0.0930707867494,0.132563046819,0.0524166711335,0.0845542923985,0.0567871117954,0.0507512008088,0.0698990042826,0.0575029227575,0.154054680467,0.0874979316955,0.153248069552,1,0.1,30,20,1,8,20,9.79205316947e-06,4.21515780803e-06,9.79205316947e-06,1.59335554559e-05,2.52275022492e-05,0.000469408267496,9.79205316947e-06,4.21515780803e-06,9.79205316947e-06,0.284967202545,0.429521374249,0.284953255352
160,0.0677860676778,0.0151616165379,0.0150505114883,0.0402117763266,0.00797716704489,0.000273824617093,0.459713864595,0.0678708870466,0.115747180232,0.0577125745471,0.0171579544907,0.135336575397,1,0.1,30,20,1,8,20,1.00328482873e-05,4.31881221061e-06,1.00328482873e-05,0.0133629013085,0.00117812746487,0.000181247122262,1.00328482873e-05,4.31881221061e-06,1.00328482873e-05,0.280914736773,0.423413230393,0.280900987921
161,0.0617770498727,0.1310900465,0.0219284474065,0.0100162518208,0.162552766214,0.012235357773,0.0451959841174,0.00433241552316,0.00663673829248,0.270086425532,0.18696336495,0.0871851519988,1,0.1,30,20,1,8,20,2.7837496182e-07,1.19831293148e-07,2.7837496182e-07,0.0153527041648,0.000117906095165,5.42747719814e-05,2.7837496182e-07,1.19831293148e-07,2.7837496182e-07,0.280699411269,0.423088677582,0.280685672955
162,0.00677442443217,0.0118912210433,0.209403976116,0.0246916546229,0.139461478144,0.0335621541613,0.031564073545,0.146782592501,0.093574924786,0.0125536337233,0.11748525489,0.172254612035,1,0.1,30,20,1,8,20,9.12409684341e-06,3.92762451195e-06,9.12409684341e-06,3.54252213169e-07,1.42241396956e-05,2.31107725858e-07,9.12409684341e-06,3.92762451195e-06,9.12409684341e-06,0.28510948251,0.429735828001,0.285095528353
163,0.0356698455243,0.156359835935,0.0542214651852,0.00627870678275,0.147384722865,0.0468070409858,0.0191696139726,0.0500948262953,0.0967420697328,0.16514891604,0.072228229078,0.149894727603,1,0.1,30,20,1,8,20,1.74491295759e-05,7.51127812545e-06,1.74491295759e-05,2.05308297028e-05,3.27508100128e-05,1.08406014624e-05,1.74491295759e-05,7.51127812545e-06,1.74491295759e-05,0.285083883815,0.429697243959,0.285069930911
164,0.0746690549965,0.0458838162685,0.0375211451459,0.0183303166269,0.165475417137,0.00774948319189,0.0190572882115,0.110253507603,0.0787149310586,0.0604430634367,0.275422721769,0.106479254554,1,0.1,30,20,1,8,20,3.4814063793e-08,1.49863129097e-08,3.4814063793e-08,4.44947961032e-08,0.000730840138342,3.56248721772e-08,3.4814063793e-08,1.49863129097e-08,3.4814063793e-08,0.284917898031,0.429447059231,0.284903953251
165,0.0103015271787,0.0488668787514,0.0558791542184,0.00471549887076,0.0957748270375,0.0746966318249,0.0417536751779,0.201025167422,0.0077161615323,0.126262890871,0.252779480516,0.0802281065995,1,0.1,30,20,1,8,20,2.43716874811e-06,1.0491212313e-06,2.43716874811e-06,9.05875881796e-06,0.000188013569298,4.15161193155e-06,2.43716874811e-06,1.0491212313e-06,2.43716874811e-06,0.285065598792,0.429669683567,0.285051646784
166,0.0141637099904,0.00270783674622,0.0425596484123,0.233377744902,0.224898017941,0.185057483084,0.0774234025244,0.00582421672778,0.00442200047043,0.0369616582375,0.0812947764813,0.0913095044836,1,0.1,30,20,1,8,20,2.00485022285e-06,8.63022281896e-07,2.00485022285e-06,0.0619267031318,1.73657606775e-06,0.00157422810431,2.00485022285e-06,8.63022281896e-07,2.00485022285e-06,0.267017288279,0.402466078852,0.267004219611
167,0.0951243403012,0.039376131761,0.053835509381,0.156895807498,0.155272365514,0.0131810258495,0.0580390574968,0.138811220018,0.0417845597722,0.21788401441,0.00383287816941,0.0259630898297,1,0.1,30,20,1,8,20,5.99995122098e-08,2.58278226223e-08,5.99995122098e-08,0.0659511477799,1.22290580283e-10,0.0009548742186,5.99995122098e-08,2.58278226223e-08,5.99995122098e-08,0.266049597809,0.401007511913,0.266036576503
168,0.0280205887497,0.0110232839348,0.0437963411484,0.144044119853,0.109645924305,0.153941229053,0.187369920178,0.0166835813135,0.0393652607353,0.0424868372884,0.0373376052132,0.186285308229,1,0.1,30,20,1,8,20,3.08902471017e-07,1.32972384861e-07,3.08902471017e-07,0.0328962113906,0.00039190898822,0.000771708410965,3.08902471017e-07,1.32972384861e-07,3.08902471017e-07,0.27541456808,0.415123013152,0.275401088423
169,0.0941098635535,0.0358286460242,0.0459056375877,0.0614973575534,0.244463141852,0.0455231934452,0.268802015177,0.0189932898391,0.035623905539,0.0443121109082,0.0282781303337,0.076662708187,1,0.1,30,20,1,8,20,1.50952050526e-10,6.49799080339e-11,1.50952050526e-10,0.0870321422597,1.12955829974e-08,0.00847514165158,1.50952050526e-10,6.49799080339e-11,1.50952050526e-10,0.257894704132,0.388715917975,0.257882081952
170,0.00253311029827,0.151025688415,0.0196619949103,0.28679731499,0.111937943002,0.0118422459383,0.0216218421823,0.0205073097185,0.0635490743759,0.00739367404916,0.192570798925,0.110559003195,1,0.1,30,20,1,8,20,6.28779384443e-07,2.70668907327e-07,6.28779384443e-07,1.00404320919e-05,0.00192544541471,2.6236328679e-05,6.28779384443e-07,2.70668907327e-07,6.28779384443e-07,0.284566140747,0.428916867439,0.284552213183
171,0.0160029183552,0.00272710367431,0.246510268281,0.0415180829304,0.0241812637133,0.101884142911,0.248451414541,0.0120713427166,0.129821531149,0.087957186325,0.0741149391738,0.0147598062295,1,0.1,30,20,1,8,20,2.31956801374e-05,9.98497971281e-06,2.31956801374e-05,5.24012739507e-07,1.19336328773e-05,0.00586855263638,2.31956801374e-05,9.98497971281e-06,2.31956801374e-05,0.283417371147,0.427185366084,0.283403499808
172,0.0243981806309,0.0520470880309,0.0151168609319,0.186883631846,0.0459718732061,0.0179535459306,0.124837663749,0.00787990415713,0.157173009865,0.195392405706,0.0268776777439,0.145468158202,1,0.1,30,20,1,8,20,3.28445434691e-07,1.41384989909e-07,3.28445434691e-07,0.0295501224575,0.00332221647992,1.19083721422e-06,3.28445434691e-07,1.41384989909e-07,3.28445434691e-07,0.275752786103,0.415632797677,0.275739289893
173,0.0382490089797,0.027663286392,0.0885103207257,0.063030119143,0.243593112064,0.0644641022678,0.0546562009193,0.0886929231808,0.0422216576318,0.0120309193834,0.18362281967,0.0932655296427,1,0.1,30,20,1,8,20,8.87855496538e-06,3.82192678478e-06,8.87855496538e-06,1.30040347734e-05,0.00138162479504,0.000651675285341,8.87855496538e-06,3.82192678478e-06,8.87855496538e-06,0.284530590179,0.428863283277,0.284516664356
174,0.000132649366409,0.014452609749,0.358059245303,0.140804690058,0.0224401526724,0.0346156097215,0.0476694977899,0.0113321949172,0.0169422283748,0.0337147576628,0.215491108989,0.104345255396,1,0.1,30,20,1,8,20,5.08769183033e-07,2.19008450754e-07,5.08769183033e-07,0.0267627089069,0.000203092359075,2.281454358e-06,5.08769183033e-07,2.19008450754e-07,5.08769183033e-07,0.277436334747,0.4181703533,0.277422756139
175,0.0453302872131,0.00995058705575,0.0537597489352,0.0614424360411,0.0811479108227,0.0238252883966,0.0159211281276,0.010697226313,0.27750729264,0.0553159249368,0.351546879511,0.0135552900077,1,0.1,30,20,1,8,20,6.21108425898e-05,2.67366811204e-05,6.21108425898e-05,0.00108286361064,0.000136860330455,0.000121441739307,6.21108425898e-05,2.67366811204e-05,6.21108425898e-05,0.284657864816,0.429055120008,0.284643932763
176,0.0623645577248,0.0797940312563,0.0286402939562,0.0692781427739,0.0102020516479,0.00712233517309,0.0958641040401,0.31605773425,0.177825481598,0.0119034445745,0.0250803799228,0.115867443082,1,0.1,30,20,1,8,20,4.14748810723e-10,1.78535763403e-10,4.14748810723e-10,0.157576511838,0.00014460137634,1.6492412339e-09,4.14748810723e-10,1.78535763403e-10,4.14748810723e-10,0.240155904391,0.361978828325,0.240144150405
177,0.311149322393,0.0317374865102,0.153004815052,0.0492855895652,0.0117254208307,0.00932469130114,0.268851498977,0.0827698630168,0.0303911715469,0.0194692901811,0.0277080171272,0.00458283349953,1,0.1,30,20,1,8,20,4.34267754062e-05,1.86938028484e-05,4.34267754062e-05,0.118944284597,0.0550523655359,4.73219689906e-05,4.34267754062e-05,1.86938028484e-05,4.34267754062e-05,0.235441639582,0.354873177283,0.235430116326
178,0.157159842203,0.0302806733353,0.104141298239,0.0272824785905,0.0577869152876,0.201562595951,0.0279489958109,0.00352944626261,0.0552835862931,0.00261991824386,0.227360847222,0.10504340256,1,0.1,30,20,1,8,20,4.41411256803e-06,1.90013072178e-06,4.41411256803e-06,5.89148614175e-07,0.000529483793889,0.000877860072176,4.41411256803e-06,1.90013072178e-06,4.41411256803e-06,0.284718794232,0.429146956845,0.284704859197
179,0.0311625652394,0.0966042465054,0.0395882372834,0.258506122019,0.0690773326535,0.0561589684909,0.0206614757581,0.0768683137011,0.0894884652884,0.0667717697638,6.95741660888e-05,0.195042929131,1,0.1,30,20,1,8,20,1.95150249579e-10,8.40057834672e-11,1.95150249579e-10,2.59756367119e-05,2.08935874249e-10,0.00274399851196,1.95150249579e-10,8.40057834672e-11,1.95150249579e-10,0.284336557957,0.428570825107,0.28432264163
180,0.150209807056,0.0190941351946,0.0663858840588,0.0715741470395,0.023710287982,0.0860581075569,0.0215620794028,0.0311337407094,0.09604228196,0.163925301911,0.013826122782,0.256478104347,1,0.1,30,20,1,8,20,7.535554525e-06,3.24380913218e-06,7.535554525e-06,0.00863260918171,0.00039545580256,0.000300817333072,7.535554525e-06,3.24380913218e-06,7.535554525e-06,0.282455996604,0.425736318926,0.282442172317
181,0.0301821642932,0.12530896588,0.118631883385,0.10953765038,0.00937238181043,0.290649146244,0.046206015206,0.114466055203,0.0633670474638,0.0531278116665,0.0321195251594,0.00703135330777,1,0.1,30,20,1,8,20,2.218965891e-05,9.55192056185e-06,2.218965891e-05,0.0137553624564,0.000180321443493,0.0327345208223,2.218965891e-05,9.55192056185e-06,2.218965891e-05,0.271788691305,0.409657852385,0.27177538911
182,0.0448567901118,0.0201089715156,0.0469851234138,0.0726969116819,0.185885517483,0.061518068426,0.122001322254,0.116338969907,0.0307032163209,0.0272262263202,0.0944012434301,0.177277639136,1,0.1,30,20,1,8,20,1.86453897912e-05,8.02622892277e-06,1.86453897912e-05,2.76860607476e-05,1.45057830411e-05,0.000957768549293,1.86453897912e-05,8.02622892277e-06,1.86453897912e-05,0.284815393704,0.429292557945,0.284801453941
183,0.0141630518053,0.00348251455879,0.0698125577286,0.0279397107425,0.244856239036,0.0974730903815,0.162698031393,0.0306481591823,0.0496127288805,0.1335185958,0.0981115120634,0.0676838084279,1,0.1,30,20,1,8,20,3.56686071315e-07,1.53541657965e-07,3.56686071315e-07,0.000105759453453,0.00082928959255,0.00128036167242,3.56686071315e-07,1.53541657965e-07,3.56686071315e-07,0.284494184575,0.428808410347,0.284480260533
184,0.00981112990285,0.0188044771113,0.165909041135,0.04427375188,0.02015838724,0.0253986718332,0.129190853476,0.148136284701,0.0984956253727,0.00565849143402,0.132341274154,0.20182201176,1,0.1,30,20,1,8,20,1.19637465234e-08,5.15000058709e-09,1.19637465234e-08,0.00816779521116,2.06519701428e-05,0.00128616510688,1.19637465234e-08,5.15000058709e-09,1.19637465234e-08,0.282424872699,0.425689406922,0.282411049936
185,0.049603152036,0.0332137698576,0.0621751173245,0.00820451866195,0.0171491261066,0.0516462480267,0.244668110957,0.179389229763,0.101087142873,0.145253319317,0.0477168482667,0.0598934168101,1,0.1,30,20,1,8,20,3.31808417634e-07,1.42832643794e-07,3.31808417634e-07,0.00206457538231,0.00297323427872,1.08238224573e-05,3.31808417634e-07,1.42832643794e-07,3.31808417634e-07,0.283686392586,0.427590852951,0.28367250808
186,0.190190723152,0.0687611672828,0.0307811719612,0.142261765336,0.0238171181731,0.0130280157465,0.0221695028316,0.212178117209,0.114057266822,0.119710841628,0.0266919250601,0.0363523847985,1,0.1,30,20,1,8,20,1.33001660291e-07,5.72528536309e-08,1.33001660291e-07,8.83524037972e-06,0.00183367323463,0.00396806023642,1.33001660291e-07,5.72528536309e-08,1.33001660291e-07,0.283469420317,0.427263818028,0.283455546431
187,0.154951859628,0.000258723820633,0.0808449473752,0.0579338616342,0.146802763502,0.0813540553384,0.0128189472514,0.168060404388,0.0636522542747,0.00306820864607,0.204157880024,0.0260960941174,1,0.1,30,20,1,8,20,2.81846992049e-06,1.21325888314e-06,2.81846992049e-06,0.0432002350618,7.85327438575e-07,0.000445492537772,2.81846992049e-06,1.21325888314e-06,2.81846992049e-06,0.272677673603,0.410997785174,0.272664327899
188,0.0694374288091,0.0323916390986,0.0585945243768,0.0184283743704,0.0318950164236,0.00488978200223,0.140165536067,0.0373522454308,0.133650523375,0.125513311525,0.11430947703,0.233372141491,1,0.1,30,20,1,8,20,7.75239122621e-07,3.33715022197e-07,7.75239122621e-07,0.00614771542701,1.09312372594e-07,3.2561338619e-07,7.75239122621e-07,3.33715022197e-07,7.75239122621e-07,0.283372276767,0.427117396859,0.283358407635
189,0.00357806574885,0.242338285747,0.0906355173482,0.042100180245,0.0288192483197,0.0401382699642,0.231495984604,0.0225810348148,0.0174721664774,0.137317111156,0.128262049378,0.0152620861968,1,0.1,30,20,1,8,20,3.93243100487e-06,1.69278260318e-06,3.93243100487e-06,4.1941275099e-08,0.00013760832418,5.66130344741e-08,3.93243100487e-06,1.69278260318e-06,3.93243100487e-06,0.285081636776,0.429693857074,0.285067683982
190,0.00418961516914,0.018633059499,0.131347699399,0.0126944417873,0.07654419542,0.0436943328927,0.0187626398097,0.141347052761,0.0199632834818,0.251837785144,0.0484039578437,0.232581936792,1,0.1,30,20,1,8,20,2.43799152949e-06,1.0494754117e-06,2.43799152949e-06,5.73880120374e-08,0.00018811966956,0.000196128595863,2.43799152949e-06,1.0494754117e-06,2.43799152949e-06,0.285013396231,0.429591000421,0.284999446777
191,0.185374821203,0.0480111938491,0.0178460469381,0.00100692779344,0.0759188011467,0.010409124666,0.0294074820648,0.117340036493,0.149963971008,0.207220501741,0.0748401204648,0.0826609726332,1,0.1,30,20,1,8,20,1.26500109078e-05,5.44541490195e-06,1.26500109078e-05,1.36554699182e-05,0.000780668706174,1.23179829778e-05,1.26500109078e-05,5.44541490195e-06,1.26500109078e-05,0.284878823305,0.429388163225,0.284864880437
192,0.2023087403,0.015154921291,0.0119535735436,0.095445358139,0.00441899048382,0.00731891949617,0.0435510754957,0.258974555038,0.0568422325446,0.142280495497,0.0887776942507,0.0729734439197,1,0.1,30,20,1,8,20,1.870639381e-06,8.05248915256e-07,1.870639381e-06,0.0208428221791,0.000287915590834,2.18877664867e-06,1.870639381e-06,8.05248915256e-07,1.870639381e-06,0.279098204008,0.420675232327,0.279084544063
193,0.0189204251227,0.00622771024501,0.0446190713969,0.0263337928707,0.219351344461,0.0214893947952,0.170311895313,0.137476991138,0.0474563738058,0.172032331054,0.111216425847,0.0245642439522,1,0.1,30,20,1,8,20,5.99103521794e-05,2.57894421528e-05,5.99103521794e-05,0.000136190058323,0.000149664755594,0.0001443117673,5.99103521794e-05,2.57894421528e-05,5.99103521794e-05,0.284920664501,0.429451229038,0.284906719586
194,0.0148219185522,0.0331141443002,0.0660237568107,0.0750968355162,0.249571728267,0.0307016934761,0.00367806218123,0.121222105786,0.0540603403955,0.222394313417,0.0439140197673,0.0854010815307,1,0.1,30,20,1,8,20,1.64347473198e-06,7.07461982582e-07,1.64347473198e-06,4.77099823918e-07,0.00130316819506,5.28508940753e-05,1.64347473198e-06,7.07461982582e-07,1.64347473198e-06,0.284737300276,0.429174850377,0.284723364335
195,0.0165440252356,0.0219568607879,0.175327893167,0.158661587887,0.0129943137941,0.0858882932634,0.042786882839,0.0919149618769,0.117810568658,0.0582587082337,0.0906798624632,0.127176041794,1,0.1,30,20,1,8,20,2.52078493666e-05,1.0851152587e-05,2.52078493666e-05,1.75078813185e-05,0.000137307847211,2.08491505618e-05,2.52078493666e-05,1.0851152587e-05,2.52078493666e-05,0.285041326635,0.429633098969,0.285027375814
196,0.113592486323,0.155750482353,0.0778249792023,0.00217802579651,0.0226693536262,0.198215397314,0.0206912685827,0.207994725519,0.0285908860716,0.0429268838454,0.0902652758675,0.0393002354986,1,0.1,30,20,1,8,20,2.88327478214e-09,1.24115525113e-09,2.88327478214e-09,0.000993277154296,0.00244848373675,0.00418771055574,2.88327478214e-09,1.24115525113e-09,2.88327478214e-09,0.282950983559,0.426482395932,0.282937135046
197,0.005921284202,0.0411909989166,0.072474716747,0.142007453558,0.109568835636,0.00897518140401,0.0536196391597,0.0855895004818,0.0339739067521,0.189645334649,0.194018917912,0.0630142305827,1,0.1,30,20,1,8,20,1.68372869213e-13,7.24789992498e-14,1.68372869213e-13,0.0428872822486,1.08771265646e-12,1.74084930243e-10,1.68372869213e-13,7.24789992498e-14,1.68372869213e-13,0.27289805657,0.411329960926,0.272884700079
198,0.00565624382543,0.0640398789003,0.0973664583072,0.0661075776021,0.0861374419778,0.0261589191599,0.145327948199,0.0250286524697,0.0142583853965,0.0205411504229,0.441943516067,0.00743382767238,1,0.1,30,20,1,8,20,8.79356782471e-06,3.78534260745e-06,8.79356782471e-06,1.17194707902e-05,7.42703590804e-06,1.06687200186e-06,8.79356782471e-06,3.78534260745e-06,8.79356782471e-06,0.285108399828,0.429734196112,0.285094445724
199,0.0179000860311,0.033035967783,0.0150884498516,0.0326131205007,0.0265559153682,0.0616447503678,0.0964470629185,0.0588084617711,0.201687631293,0.166446627204,0.132878808554,0.156893118356,1,0.1,30,20,1,8,20,3.80047097429e-09,1.63597813699e-09,3.80047097429e-09,7.91613194741e-08,9.96006520623e-12,0.000524839199046,3.80047097429e-09,1.63597813699e-09,3.80047097429e-09,0.284976677582,0.429535655649,0.284962729925
200,0.162482532908,0.0999007434506,0.0524962029139,0.141495194379,0.0140409275029,0.0556406720607,0.030169894633,0.0175424452672,0.155105554324,0.0668874737028,0.120320081516,0.0839182773424,1,0.1,30,20,1,8,20,4.99590333374e-12,2.15057256951e-12,4.99590333374e-12,0.0496288633458,0.00092023873103,0.00169320787902,4.99590333374e-12,2.15057256951e-12,4.99590333374e-12,0.270230691701,0.40730953256,0.270217465759
201,0.00474637763943,0.181733734073,0.199384507271,0.151372520042,0.126829038182,0.100221807126,0.0518407152252,0.116624532003,0.0366174946745,0.00616624413835,0.0171889074015,0.00727412222495,1,0.1,30,20,1,8,20,0.000576845191886,0.000248312940353,0.000576845191886,0.00210326013909,0.163470393265,1.76921506228e-06,0.000576845191886,0.000248312940353,0.000576845191886,0.237116938673,0.357398298636,0.237105333423
202,0.0806063838642,0.000354327118381,0.0299432794928,0.112894632074,0.0713438639987,0.0692839843796,0.0354057389246,0.0634195780456,0.233161800207,0.0620995525143,0.123129331595,0.118357527786,1,0.1,30,20,1,8,20,4.88284865521e-08,2.10190623746e-08,4.88284865521e-08,7.36173320362e-09,2.59898156994e-10,0.00188910427383,4.88284865521e-08,2.10190623746e-08,4.88284865521e-08,0.284587647652,0.428949284065,0.284573719036
203,0.118923120563,0.0442059547538,0.0600617712142,0.0386558185272,0.0438658555716,0.0101491832758,0.0374954100057,0.0348309082923,0.11881904479,0.325847034423,0.0891649741787,0.077980924405,1,0.1,30,20,1,8,20,2.65869394503e-07,1.14448056476e-07,2.65869394503e-07,2.35415501433e-07,7.11111520829e-05,0.000523408786278,2.65869394503e-07,1.14448056476e-07,2.65869394503e-07,0.284956401995,0.429505094947,0.284942455331
204,0.100758941799,0.032421927208,0.0279559006781,0.00666697640786,0.256029943437,0.00251506234122,0.00378153028419,0.0749858884831,0.0969940875196,0.0539487727755,0.181199191385,0.162741777682,1,0.1,30,20,1,8,20,7.4868963013e-08,3.22286336238e-08,7.4868963013e-08,0.00904280408785,0.00171121351424,0.000160279875104,7.4868963013e-08,3.22286336238e-08,7.4868963013e-08,0.282014293329,0.4250705546,0.282000490661
205,0.357353847915,0.0777604774049,0.0438200136442,0.0764331638559,0.0368242070467,0.0285300679751,0.0550833891074,0.0644205716938,0.207803388435,0.0104078585219,0.0300595025137,0.0115035118866,1,0.1,30,20,1,8,20,0.00265114090768,0.00114122922985,0.00265114090768,0.185993042716,0.00125445902173,0.00598425877969,0.00265114090768,0.00114122922985,0.00265114090768,0.22635645457,0.341179386851,0.226345375972
206,0.038196562157,0.0962224846603,0.191724756729,0.0681379080235,0.172361542092,0.108317961392,0.115407337865,0.108114857148,0.0319335006107,0.0227623777933,0.0134174609437,0.0334032505849,1,0.1,30,20,1,8,20,3.9906960649e-09,1.71786380102e-09,3.9906960649e-09,0.307473774123,8.8935383162e-08,0.00156938491412,3.9906960649e-09,1.71786380102e-09,3.9906960649e-09,0.19700997181,0.296946431298,0.197000329521
207,0.0498652857346,0.125035851169,0.135425913332,0.0370690371295,0.0438138172964,0.013962030805,0.0962216229724,0.0830377458278,0.147192542585,0.0389499440024,0.0386207345519,0.190805474595,1,0.1,30,20,1,8,20,1.10547813406e-08,4.75872088086e-09,1.10547813406e-08,6.73566480175e-06,1.04089761134e-09,0.00289649472138,1.10547813406e-08,4.75872088086e-09,1.10547813406e-08,0.284298547804,0.428513533695,0.284284633337
208,0.0396635928696,0.0560828556584,0.030867416966,0.0402166953379,0.157863965307,0.0157941833857,0.375907155263,0.105550116916,0.0450701985274,0.0590178468262,0.00662419164426,0.0673417812988,1,0.1,30,20,1,8,20,0.000172565686881,7.42838697736e-05,0.000172565686881,0.000181014747053,0.000303170284292,0.00417650383938,0.000172565686881,7.42838697736e-05,0.000172565686881,0.283558293022,0.427397772834,0.283544414786
209,0.0417649838588,0.228533990268,0.0871448002023,0.0254432075834,0.0126650399513,0.190895108706,0.0303127725711,0.0535372523233,0.0240990900606,0.0732137669248,0.171768156276,0.0606218312739,1,0.1,30,20,1,8,20,3.77996847817e-08,1.62715248469e-08,3.77996847817e-08,0.00607133986369,0.00115750588799,4.87146775589e-12,3.77996847817e-08,1.62715248469e-08,3.77996847817e-08,0.283065164107,0.426654496389,0.283051310006
210,0.032348935404,0.145573413304,0.0190503073809,0.127300659275,0.19320410891,0.186761171449,0.0403822633647,0.10795647695,0.00894950289953,0.0170098289973,0.00591072130203,0.115552610764,1,0.1,30,20,1,8,20,3.73253910455e-10,1.60673569455e-10,3.73253910455e-10,0.18233624935,6.0146746586e-07,9.99970578519e-05,3.73253910455e-10,1.60673569455e-10,3.73253910455e-10,0.233108797685,0.351356964019,0.233097388606
211,0.000442789263749,0.0645069584329,0.21371122883,0.123367618146,0.0931149704427,0.114433013208,0.0387204427691,0.114757293282,0.164998527496,0.00328238289316,0.0392403140545,0.0294244611823,1,0.1,30,20,1,8,20,2.96898527102e-07,1.27805080615e-07,2.96898527102e-07,0.109338874269,0.0135952502485,0.00623699153278,2.96898527102e-07,1.27805080615e-07,2.96898527102e-07,0.248295850451,0.374247892226,0.248283698069
212,0.123680706869,0.184566958373,0.0730784122644,0.119425349361,0.0328241114003,0.0218334958453,0.0545137691876,0.051289760211,0.0684957435678,0.152196732398,0.106231652518,0.0118633080056,1,0.1,30,20,1,8,20,0.000249477414584,0.000107391846614,0.000249477414584,0.00332447145246,0.00147954835649,0.000799332034392,0.000249477414584,0.000107391846614,0.000249477414584,0.283182916814,0.426831981041,0.28316905695
213,0.00032057292258,0.12925580927,0.130624268254,0.0487522011196,0.12575218972,0.0716458717877,0.292167587856,0.0922447380241,0.0823134242739,0.00533667544768,0.0130848728456,0.0085017884794,1,0.1,30,20,1,8,20,0.00205241645695,0.000883497985979,0.00205241645695,0.0841014162751,0.127413523688,0.0464503751506,0.00205241645695,0.000883497985979,0.00205241645695,0.208729032776,0.314610173391,0.208718816919
214,0.292144696949,0.182194837907,0.0778610572898,0.0567634560582,0.0308598902815,0.147012824521,0.012051162216,0.0727312812623,0.00198835989592,0.00355587756186,0.0557799407757,0.0670566152814,1,0.1,30,20,1,8,20,0.000331994393194,0.000142912700174,0.000331994393194,0.000325595175357,0.0001459103232,0.000300123630496,0.000331994393194,0.000142912700174,0.000331994393194,0.284446201358,0.428736086876,0.284432279664
215,0.112541899792,0.00901316449312,0.00043837209627,0.0653016614771,0.257345462946,0.12936644256,0.0432501465718,0.0337785978186,0.0961146259851,0.0137993479574,0.219751385927,0.0192988923769,1,0.1,30,20,1,8,20,8.49208302159e-08,3.65556328539e-08,8.49208302159e-08,2.03114958186e-07,0.00119067910828,0.0015528652254,8.49208302159e-08,3.65556328539e-08,8.49208302159e-08,0.284343918512,0.42858191942,0.284330001825
216,0.0919662381755,0.0577462103813,0.0569868775152,0.138518163242,0.0652088510846,0.0116937412164,0.00470933199059,0.146831077876,0.163654786549,0.136322078236,0.0999255474679,0.026437096266,1,0.1,30,20,1,8,20,1.00970822177e-08,4.3464628114e-09,1.00970822177e-08,0.043883265883,0.00117105904084,4.42023871199e-05,1.00970822177e-08,4.3464628114e-09,1.00970822177e-08,0.27226755839,0.410379632459,0.272254232758
217,0.00843119044322,0.0120062380307,0.00756757038832,0.199863759618,0.0851062697952,0.185890815623,0.153591739505,0.0292083159107,0.0114864854642,0.0612976593639,0.108641157357,0.136908798501,1,0.1,30,20,1,8,20,4.50460801042e-07,1.93908604239e-07,4.50460801042e-07,0.0426996674846,0.000527144729352,1.02287152669e-06,4.50460801042e-07,1.93908604239e-07,4.50460801042e-07,0.272800331703,0.411182663556,0.272786979995
218,0.0184196696733,0.323828193966,0.0666924010045,0.108637175437,0.0393204355054,0.0512364957121,0.0650659930752,0.136863378445,0.0193877708125,0.00895440481725,0.0531175411052,0.108476540446,1,0.1,30,20,1,8,20,3.21749992577e-06,1.38502821622e-06,3.21749992577e-06,1.10277765453e-09,0.00622021130621,1.23855888825e-09,3.21749992577e-06,1.38502821622e-06,3.21749992577e-06,0.283348344697,0.427081324863,0.283334476736
219,0.0431826895958,0.0390870949576,0.11576521648,0.000129523964502,0.00483584420648,0.160427994235,0.0513737108573,0.0660049934697,0.250118709329,0.0031455832878,0.00983359507762,0.25609504454,1,0.1,30,20,1,8,20,6.80969859475e-05,2.93135195502e-05,6.80969859475e-05,0.000527550663131,0.000140206488617,0.000571533284925,6.80969859475e-05,2.93135195502e-05,6.80969859475e-05,0.284678615454,0.42908639674,0.284664682386
220,0.00690330528242,0.0316033994396,0.0978189465139,0.0635687179541,0.0218993477056,0.15569353248,0.427021317867,0.0579488071856,0.00338250484826,0.0774133143619,0.0202911271442,0.036455679218,1,0.1,30,20,1,8,20,2.64917045684e-05,1.14038101537e-05,2.64917045684e-05,0.0369659863856,0.00560546925861,0.00114756535593,2.64917045684e-05,1.14038101537e-05,2.64917045684e-05,0.272624189,0.410917169649,0.272610845913
221,0.00190591174266,0.110192279248,0.0932591821839,0.0696990220135,0.102278856417,0.205987895451,0.0724633914106,0.0409844183192,0.00576680253649,0.0884111890411,0.0961684122543,0.112882639382,1,0.1,30,20,1,8,20,4.5536470349e-09,1.96019573444e-09,4.5536470349e-09,2.91562791179e-09,6.11903319028e-09,0.00193774438501,4.5536470349e-09,1.96019573444e-09,4.5536470349e-09,0.284573840036,0.428928472315,0.284559912095
222,0.26372198792,0.05029225208,0.109531564477,0.0176606282678,0.025886990115,0.036869202512,0.0250373460394,0.0673922372054,0.199570226073,0.0473634027375,0.109665058105,0.0470091044686,1,0.1,30,20,1,8,20,2.93457573857e-06,1.26323863072e-06,2.93457573857e-06,1.68362503175e-11,0.0038673592379,2.40327489615e-06,2.93457573857e-06,1.26323863072e-06,2.93457573857e-06,0.284018912375,0.428092048721,0.284005011594
223,0.229170206802,0.0489762542315,0.0920125174121,0.0509448363379,0.0838593233292,0.258948720831,0.0235150046541,0.0250689827248,0.0258862951748,0.0974557910897,0.00447212015348,0.0596899472596,1,0.1,30,20,1,8,20,1.59197279776e-06,6.85292088649e-07,1.59197279776e-06,1.30286139377e-06,9.58330173324e-07,0.00737871033725,1.59197279776e-06,6.85292088649e-07,1.59197279776e-06,0.283019634987,0.426585871895,0.283005783114
224,0.18464739428,0.00510363904099,0.0655779734196,0.0455160209471,0.00422351673654,0.0716096798659,0.231805618972,0.0819321061165,0.00970748667637,0.065157010092,0.135279734954,0.0994398188994,1,0.1,30,20,1,8,20,1.69787285436e-10,7.30878590551e-11,1.69787285436e-10,0.0567678372799,0.000436959373143,1.46973280947e-07,1.69787285436e-10,7.30878590551e-11,1.69787285436e-10,0.268815713843,0.405176784551,0.268802557155
225,0.0397032215116,0.00530172053147,0.115063038202,0.0295688967606,0.0558365249752,0.0419059893272,0.0531017420005,0.204450648645,0.0471970124464,0.0932013209174,0.0889937034295,0.225676181253,1,0.1,30,20,1,8,20,3.27370541335e-13,1.40922283565e-13,3.27370541335e-13,0.0202449554007,0.000595699546761,6.53533300379e-13,3.27370541335e-13,1.40922283565e-13,3.27370541335e-13,0.279184131012,0.420804747177,0.279170466861
226,0.0293829296614,0.0440247146521,0.0679138298184,0.145427223524,0.05012639236,0.059140526542,0.113579429914,0.116039872448,0.107663762319,0.0529679322645,0.19394963823,0.0197837482672,1,0.1,30,20,1,8,20,1.54915907616e-05,6.66862185362e-06,1.54915907616e-05,0.0339038574754,4.51323952803e-05,1.65453516285e-05,1.54915907616e-05,6.66862185362e-06,1.54915907616e-05,0.275420410751,0.415131819611,0.275406930808
227,0.0501673465069,0.0196429856214,0.18336914795,0.055631030735,0.018728060142,0.00883237268852,0.0928004339777,0.060382310296,0.104848189169,0.20439466814,0.0132432548646,0.187960199909,1,0.1,30,20,1,8,20,1.09134704226e-06,4.69789116425e-07,1.09134704226e-06,0.00989495738076,4.01971781289e-07,2.46996062713e-06,1.09134704226e-06,4.69789116425e-07,1.09134704226e-06,0.282302706369,0.425505269767,0.282288889585
228,0.176961982234,0.00793032356387,0.0568794776258,0.174270241407,0.0199552627789,0.0552827317499,0.289058205092,0.0551203889151,0.122264093697,0.000949090051453,0.0196484501741,0.0216797527111,1,0.1,30,20,1,8,20,0.0763418341675,0.0328626563604,0.0763418341675,9.56729668468e-07,0.00491049925329,0.02741075374,0.0763418341675,0.0328626563604,0.0763418341675,0.170102144227,0.256389177767,0.170093818892
229,0.0358991331871,0.145374369419,0.0313055345361,0.269498609691,0.0100392836879,0.111573558767,0.00397128132671,0.117895840643,0.0130585319402,0.0542854682185,0.0864135390875,0.120684849496,1,0.1,30,20,1,8,20,0.000123734812245,5.32637794071e-05,0.000123734812245,0.0218164487285,0.00593415246973,8.77712087165e-05,0.000123734812245,5.32637794071e-05,0.000123734812245,0.277017403333,0.417538912225,0.277003845228
230,0.127249500038,0.0434661395889,0.473994707912,0.0640072453081,0.0318033483665,0.0515172544879,0.0213650577921,0.0978267682514,0.0437735377716,0.0105072602882,0.0152412654065,0.0192479147893,1,0.1,30,20,1,8,20,3.28550155222e-05,1.41430068663e-05,3.28550155222e-05,2.19109350315e-06,0.130179611888,1.85693889305e-06,3.28550155222e-05,1.41430068663e-05,3.28550155222e-05,0.247962022597,0.373744724853,0.247949886554
231,0.0483155723729,0.207733769681,0.148028488439,0.0153103345429,0.113565851038,0.0805711211908,0.0589385991281,0.0045727326248,0.00837829110154,0.126417954925,0.151211581061,0.0369557038941,1,0.1,30,20,1,8,20,1.32126883317e-05,5.68762908275e-06,1.32126883317e-05,0.000173802822773,0.000145703818474,0.000626802962343,1.32126883317e-05,5.68762908275e-06,1.32126883317e-05,0.284838220576,0.429326964113,0.284824279696
232,0.141917332674,0.0177382123757,0.00254225579019,0.128662385459,0.0524808497139,0.0485009921148,0.0594368265398,0.0551321429485,0.11200468945,0.0223659317356,0.215608763847,0.143609617351,1,0.1,30,20,1,8,20,1.07957191126e-05,4.64720308633e-06,1.07957191126e-05,3.04243182646e-07,0.000119716195034,5.3378352399e-05,1.07957191126e-05,4.64720308633e-06,1.07957191126e-05,0.285061947688,0.429664180381,0.285047995858
233,0.0499150261416,0.0577664161648,0.0683630185495,0.0304471501233,0.0273646441618,0.0156786753438,0.089688938575,0.332423744723,0.215335509353,0.0226709433743,0.041999315364,0.0483466181261,1,0.1,30,20,1,8,20,7.84212644284e-06,3.37577829032e-06,7.84212644284e-06,6.88229489832e-07,7.15152633857e-06,0.0153272158547,7.84212644284e-06,3.37577829032e-06,7.84212644284e-06,0.280743053427,0.423154457923,0.280729312977
234,0.109165090826,0.000139460741684,0.0818282312021,0.157072092759,0.0599399508771,0.0476307482449,0.0229272643288,0.00859810528596,0.113012479752,0.177219696874,0.120881045916,0.101585833194,1,0.1,30,20,1,8,20,8.93437798243e-07,3.84595676318e-07,8.93437798243e-07,0.0334946982643,8.13036125053e-06,3.28200388448e-06,8.93437798243e-07,3.84595676318e-07,8.93437798243e-07,0.275571637564,0.415359758644,0.27555815022
235,0.0819122622061,0.0348939685075,0.00486014920481,0.0413501456522,0.052914940943,0.126725849229,0.127527508272,0.00162409612693,0.0697293194084,0.170202634719,0.0912945382504,0.19696458748,1,0.1,30,20,1,8,20,8.94019360389e-09,3.84846019753e-09,8.94019360389e-09,3.00147612966e-09,0.000233207928769,0.000332096816293,8.94019360389e-09,3.84846019753e-09,8.94019360389e-09,0.284965154383,0.429518287123,0.28495120729
236,0.30327779164,0.0290882405635,0.0120256419135,0.0746697540013,0.133760403426,0.016978691454,0.066604404534,0.0129245409638,0.0822546720367,0.226027526682,0.0266062809533,0.0157820518321,1,0.1,30,20,1,8,20,5.32155589881e-06,2.29075532062e-06,5.32155589881e-06,4.57430393762e-07,0.000621183921893,1.27516282354e-06,5.32155589881e-06,2.29075532062e-06,5.32155589881e-06,0.284941365423,0.429482430833,0.284927419495
237,0.0202007471377,0.00485630899202,0.0031932017689,0.0143555992743,0.0129572506725,0.220013289585,0.0447949351312,0.0202308721593,0.227316861444,0.20542982905,0.135697716383,0.0909533884017,1,0.1,30,20,1,8,20,2.23445006887e-06,9.61857487031e-07,2.23445006887e-06,0.00216669244402,0.000234237366427,0.000317448448709,2.23445006887e-06,9.61857487031e-07,2.23445006887e-06,0.284348172731,0.42858833166,0.284334255835
238,0.178285195513,0.356553438421,0.190797048144,0.00661159516027,0.0180422657671,0.0769061760998,0.0421073035558,0.0387193146207,0.00861611923577,0.0303810484369,0.0133218572156,0.0396586378304,1,0.1,30,20,1,8,20,7.63497893585e-05,3.28660808092e-05,7.63497893585e-05,2.50685410222e-05,0.0263857555957,0.00544899213585,7.63497893585e-05,3.28660808092e-05,7.63497893585e-05,0.275936458435,0.415909640738,0.275922953235
239,0.128566296312,0.0819492995067,0.0190142495485,0.107597806776,0.116305707418,0.0560357994693,0.0985521933996,0.109376336834,0.00672578879848,0.0853392390555,0.102461838386,0.0880754444957,1,0.1,30,20,1,8,20,4.38436843258e-08,1.88732684679e-08,4.38436843258e-08,3.40376023426e-08,0.00208747395521,0.000223817181624,4.38436843258e-08,1.88732684679e-08,4.38436843258e-08,0.284467270429,0.428767843571,0.284453347705
240,0.161189860249,0.00953554468871,0.061500807895,0.00286507986554,0.17145660012,0.0690560213289,0.0193622389137,0.0214193924013,0.013236833717,0.178380196399,0.197979242638,0.0940181817846,1,0.1,30,20,1,8,20,2.24020067852e-06,9.64332935924e-07,2.24020067852e-06,1.5394016019e-09,0.000603556200532,1.64817128619e-06,2.24020067852e-06,9.64332935924e-07,2.24020067852e-06,0.284950685881,0.429496479243,0.284936739496
241,0.138054545842,0.217455255217,0.00183548539131,0.00585891291354,0.0984436675744,0.0560766466107,0.0102099452212,0.023673233086,0.211276370456,0.0786564231384,0.152068205402,0.00639130914784,1,0.1,30,20,1,8,20,2.34889724788e-06,1.01112324487e-06,2.34889724788e-06,0.0785446888616,1.99654867589e-06,6.66376309502e-06,2.34889724788e-06,1.01112324487e-06,2.34889724788e-06,0.262725465581,0.395997160441,0.262712606969
242,0.0330002940103,0.137451589694,0.134605545181,0.0533527129227,0.0396337158581,0.0412991910125,0.0372554772182,0.135662454419,0.0381968930088,0.0418529932575,0.151698379859,0.15599075356,1,0.1,30,20,1,8,20,3.65646564389e-06,1.57398856419e-06,3.65646564389e-06,1.26270616331e-07,0.000130677455617,3.77795779398e-06,3.65646564389e-06,1.57398856419e-06,3.65646564389e-06,0.285082910334,0.429695776665,0.285068957478
243,0.0158432020855,0.132076512482,0.221458109795,0.103030163052,0.0330165929111,0.0286504394381,0.0310181520164,0.278361874488,0.0216348339149,0.111505128196,0.0123155923851,0.0110893992353,1,0.1,30,20,1,8,20,9.65603725525e-09,4.15660741692e-09,9.65603725525e-09,0.0464812796929,0.00944937198954,8.56507425872e-09,9.65603725525e-09,4.15660741692e-09,9.65603725525e-09,0.269179032465,0.405724402355,0.269165857995
244,0.14806614227,0.00795341402599,0.060686526327,0.088318718264,0.117808520982,0.0133039465792,0.127233822432,0.00205064898561,0.341521273212,0.0115932319792,0.00917270041684,0.0722910545255,1,0.1,30,20,1,8,20,0.00012126900142,5.22023287006e-05,0.00012126900142,0.0154903705814,0.000255575334869,0.0292241364307,0.00012126900142,5.22023287006e-05,0.00012126900142,0.272136118958,0.410181518273,0.272122799759
245,0.33666171663,0.0777067181557,0.028527431399,0.0697226586383,0.0114662389724,0.0742466102632,0.108395447941,0.165321966861,0.0160391401045,0.0842251833786,0.0204061521512,0.00728073550575,1,0.1,30,20,1,8,20,1.15386871609e-07,4.9670264692e-08,1.15386871609e-07,0.0555005828225,0.00308150874631,0.00906414870426,1.15386871609e-07,4.9670264692e-08,1.15386871609e-07,0.265838465343,0.400689279126,0.26582545437
246,0.114880247625,0.0209622915228,0.0499872256339,0.0510204824935,0.243941999217,0.26242502136,0.0108198752391,0.000413734580993,0.0257302420825,0.0651386663254,0.133515304839,0.0211649090813,1,0.1,30,20,1,8,20,0.000113209268571,4.87328779881e-05,0.000113209268571,0.000186040320173,0.00108160440896,0.000139732827888,0.000113209268571,4.87328779881e-05,0.000113209268571,0.284568164643,0.428919917989,0.284554236981
247,0.0105442269147,0.0384065891664,0.0213422539864,0.00325813062398,0.228684986226,0.00930579984532,0.00818934418353,0.0664433804732,0.0907823033529,0.33501408036,0.0276020100524,0.160426894815,1,0.1,30,20,1,8,20,1.61506232978e-06,6.95231375076e-07,1.61506232978e-06,0.000987954781248,0.00147703970773,6.51330371181e-05,1.61506232978e-06,6.95231375076e-07,1.61506232978e-06,0.284402706435,0.428670528457,0.28438878687
248,0.0928328815852,0.104881781729,0.0362748400096,0.0122759811059,0.00109701779267,0.345154648599,0.114652834988,0.0238917074732,0.0745015359762,0.0671728415307,0.0364887598175,0.0907751693924,1,0.1,30,20,1,8,20,6.41970510764e-07,2.76347254671e-07,6.41970510764e-07,0.0948830030447,0.00454755126674,5.24970049135e-05,6.41970510764e-07,2.76347254671e-07,6.41970510764e-07,0.256760221751,0.38700595126,0.256747655096
249,0.117711312926,0.0631171821552,0.263533919607,0.205713289592,0.0907644322812,0.0172770433784,0.0878308885539,0.0582130284948,0.0699630188651,0.00140472449987,0.00559644819128,0.0188747114547,1,0.1,30,20,1,8,20,0.000404352599368,0.000174060535306,0.000404352599368,0.0772871123328,8.48762270847e-05,0.180569996829,0.000404352599368,0.000174060535306,0.000404352599368,0.211019869053,0.318063073014,0.211009541076
250,0.203772475161,0.220170664052,0.043595780795,0.047999005463,0.0956968860748,0.195451468739,0.00237891195342,0.0519341994934,0.0534925949951,0.0235507552212,0.0383945091041,0.0235627489477,1,0.1,30,20,1,8,20,1.12957022142e-06,4.86242941712e-07,1.12957022142e-06,0.186467326479,0.00143404675265,0.00648818549464,1.12957022142e-06,4.86242941712e-07,1.12957022142e-06,0.229699199812,0.346217793086,0.229687957609
251,0.244270564888,0.0211025027394,0.00518937247568,0.116013282469,0.14010299268,0.0821474750686,0.0699293058626,0.207596765665,0.0231860807868,0.0382919493809,0.0491205551878,0.00304915279639,1,0.1,30,20,1,8,20,4.02575662966e-07,1.73295622451e-07,4.02575662966e-07,0.167510018889,0.00315482934282,0.00243310095298,4.02575662966e-07,1.73295622451e-07,4.02575662966e-07,0.235771006345,0.355369620606,0.23575946697
252,0.00986379642268,0.230821205681,0.024101909657,0.00939835563228,0.0982455503354,0.190138450591,0.128047680486,0.127434867271,0.0316333226039,0.00371188287632,0.001306744067,0.145296234376,1,0.1,30,20,1,8,20,1.1073103495e-08,4.76660796755e-09,1.1073103495e-08,0.026150385498,8.97136439821e-05,0.00660541715668,1.1073103495e-08,4.76660796755e-09,1.1073103495e-08,0.275761213355,0.415645499788,0.275747716733
253,0.00874406867392,0.133515241613,0.0209659241193,0.1473836067,0.00443739931338,0.00482120873291,0.173184326316,0.154623313339,0.167972311638,0.0537889785304,0.0575769855721,0.0729866354522,1,0.1,30,20,1,8,20,8.81795375687e-05,3.79583995163e-05,8.81795375687e-05,0.000246688864855,0.000159309679007,0.00010091548788,8.81795375687e-05,3.79583995163e-05,8.81795375687e-05,0.284859601241,0.429359190463,0.284845659315
254,0.252480956283,0.0154451476003,0.254877487318,0.0724120117255,0.0759267559642,0.0229830121277,0.0837613789226,0.0392638305674,0.0875254674275,0.0229444023461,0.0314689739759,0.0409105757417,1,0.1,30,20,1,8,20,3.18077028523e-05,1.36921731033e-05,3.18077028523e-05,3.62931672705e-05,8.74729230052e-05,0.0258837455916,3.18077028523e-05,1.36921731033e-05,3.18077028523e-05,0.277666839151,0.418517784749,0.277653249261
255,0.226136183569,0.102347197221,0.180984993872,0.00114618166318,0.0278054134081,0.0684229826646,0.150476332916,0.107218775362,0.00919396692916,0.0297036230837,0.0652176981458,0.0313466511649,1,0.1,30,20,1,8,20,1.45423407468e-07,6.26000084816e-08,1.45423407468e-07,0.0511339479384,0.00918660648116,6.84674211847e-09,1.45423407468e-07,6.26000084816e-08,1.45423407468e-07,0.267927167836,0.403837509368,0.267914054636
256,0.0462925627791,0.207672493586,0.0424088369342,0.237538825931,0.0540513474913,0.0151794642249,0.101937587564,0.0347028686772,0.00200989600884,0.254832475511,0.00307087392302,0.000302767369093,1,0.1,30,20,1,8,20,6.24896094489e-06,2.68997278335e-06,6.24896094489e-06,0.054554320184,1.13345678888e-05,1.33847146939e-05,6.24896094489e-06,2.68997278335e-06,6.24896094489e-06,0.269555767611,0.40629224243,0.269542574703
257,0.296851266005,0.0410563532003,0.102816289392,0.00467656766579,0.017399171661,0.246032526984,0.0265459852289,0.0484850695606,0.035399262506,0.0799770105276,0.0204044053273,0.0803560919422,1,0.1,30,20,1,8,20,3.29722968387e-05,1.41934926274e-05,3.29722968387e-05,0.0348990970034,0.00191014351964,0.000863306805938,3.29722968387e-05,1.41934926274e-05,3.29722968387e-05,0.274339215999,0.413502171527,0.274325788973
258,0.012059799612,0.0418220569171,0.0657807937465,0.274103147186,0.0555541594128,0.0926749364672,0.0266888544907,0.101846791929,0.0242469705174,0.0628211762765,0.119733811928,0.122667501517,1,0.1,30,20,1,8,20,3.10174300145e-06,1.33519865597e-06,3.10174300145e-06,6.85557736523e-08,1.29678114687e-06,0.00153839256219,3.10174300145e-06,1.33519865597e-06,3.10174300145e-06,0.284683026402,0.429093045212,0.284669093118
259,0.0155630841538,0.00464896119885,7.78681411769e-05,0.012218978809,0.0435186378071,0.0606137471022,0.177922693167,0.12534291964,0.0607087275578,0.0391373033332,0.0176348793348,0.442612199754,1,0.1,30,20,1,8,20,5.53359440168e-07,2.38203094336e-07,5.53359440168e-07,0.0168797807582,2.12105149953e-06,1.30972029409e-06,5.53359440168e-07,2.38203094336e-07,5.53359440168e-07,0.280311735468,0.42250434703,0.280298016128
260,0.0828040776698,0.0833942845874,0.0195689622424,0.0149236519329,0.144637363958,0.0934291289789,0.00465158723181,0.00687368075642,0.0445425317997,0.0189247353449,0.0950434914343,0.391206504063,1,0.1,30,20,1,8,20,8.3030465679e-06,3.57418929059e-06,8.3030465679e-06,7.37665249053e-06,3.50862141335e-06,2.64559624243e-05,8.3030465679e-06,3.57418929059e-06,8.3030465679e-06,0.285104196077,0.429727859942,0.28509024218
261,0.10042005618,0.123501133885,0.037543449243,0.298770329501,0.12130817781,0.0270003888472,0.0193880940776,0.0460521623014,0.0589757099669,0.0513944246979,0.113714010191,0.00193206329889,1,0.1,30,20,1,8,20,1.45672287596e-05,6.27071432157e-06,1.45672287596e-05,2.26623403346e-05,5.78792262648e-06,0.00514711882525,1.45672287596e-05,6.27071432157e-06,1.45672287596e-05,0.283630469885,0.427506562566,0.283616588117
262,0.0647785091918,0.0255275882149,0.063099423187,0.0674680135665,0.0924988841407,0.171132667324,0.136933758786,0.0364390644475,0.221008303016,0.0409615436891,0.00518135610429,0.0749708883323,1,0.1,30,20,1,8,20,2.5081645869e-05,1.07968261194e-05,2.5081645869e-05,0.0970395809727,7.85653551079e-05,0.00222256998492,2.5081645869e-05,1.07968261194e-05,2.5081645869e-05,0.256766932298,0.387016065839,0.256754365315
263,0.0108545373886,0.223862365688,0.0523214126976,0.246107911082,0.071230383125,0.0824271043123,0.00318745148367,0.0146539690134,0.0638242170268,0.0548802794204,0.0841780520819,0.0924723166805,1,0.1,30,20,1,8,20,1.79240570623e-09,7.71571883547e-10,1.79240570623e-09,0.0763488133513,0.00046296384654,3.39077479277e-05,1.79240570623e-09,7.71571883547e-10,1.79240570623e-09,0.263215618692,0.396735951558,0.263202736091
264,0.236953192198,0.0811050824179,0.0876659494054,0.318426925049,0.00439364950001,0.0594550411016,0.0254247641568,0.0142175486514,0.0203582629902,0.0124583522452,0.0883978278018,0.0511434044834,1,0.1,30,20,1,8,20,0.000121904747396,5.24759964973e-05,0.000121904747396,0.122161338025,0.000315736178223,1.75316355253e-05,0.000121904747396,5.24759964973e-05,0.000121904747396,0.250030953338,0.376863153806,0.250018716035
265,0.0678964162773,0.0175750630215,0.116908781279,0.00724302936378,0.196580884242,0.226440906684,0.0568813520083,0.00841729797339,0.0509148433952,0.15438611497,0.0284797630554,0.0682755477298,1,0.1,30,20,1,8,20,1.95037532453e-08,8.39572624403e-09,1.95037532453e-08,0.101546094231,1.86051346059e-06,8.66110648222e-06,1.95037532453e-08,8.39572624403e-09,1.95037532453e-08,0.256169856588,0.386116113926,0.256157318828
266,0.0313572324781,0.296513061433,0.0321495141389,0.0818309072894,0.0837243468069,0.159619180561,0.0414748675135,0.025627402272,0.0598468260484,0.0414614363463,0.132284020802,0.0141112043114,1,0.1,30,20,1,8,20,2.2790242741e-05,9.81045220795e-06,2.2790242741e-05,0.0306465243046,0.000203200770817,0.00206053578182,2.2790242741e-05,9.81045220795e-06,2.2790242741e-05,0.275711181491,0.41557008846,0.275697687317
267,0.0465272492471,0.0412462519924,0.17520668591,0.0328777193046,0.00375907464495,0.151129139609,0.0388827568077,0.0323749506945,0.12479257384,0.199176398547,0.067808320399,0.0862188790033,1,0.1,30,20,1,8,20,4.84265071225e-08,2.08460234111e-08,4.84265071225e-08,0.00552042016528,0.000798554572552,0.000424220903,4.84265071225e-08,2.08460234111e-08,4.84265071225e-08,0.283203621024,0.426863187791,0.283189760146
268,0.057163781769,0.0111042071673,0.0426921150433,0.225779226996,0.0381050955241,0.00538502618326,0.0233878741213,0.017070658537,0.0993743534674,0.188628191895,0.0124822368889,0.278827232408,1,0.1,30,20,1,8,20,1.27618745776e-06,5.49356854378e-07,1.27618745776e-06,0.0258620888155,3.66698321571e-06,2.17410922213e-05,1.27618745776e-06,5.49356854378e-07,1.27618745776e-06,0.277743374615,0.418633144052,0.277729780979
269,0.0120402898854,0.0281641921899,0.0348887892989,0.0572408919008,0.351484534248,0.0344701878316,0.133002654042,0.117622307778,0.104709608952,0.0752282468872,0.0137561022355,0.0373921947504,1,0.1,30,20,1,8,20,2.46523145682e-06,1.06120130722e-06,2.46523145682e-06,0.0572668583093,0.00520252934003,0.00107794372139,2.46523145682e-06,1.06120130722e-06,2.46523145682e-06,0.267003915442,0.40244592243,0.266990847429
270,0.0614342693815,0.324259741122,0.0106327867798,0.0942651317193,0.0450848908445,0.00576086570993,0.0251146651216,0.0251885878069,0.241553599517,0.00707271461853,0.00673273753121,0.152900009848,1,0.1,30,20,1,8,20,0.000322865288242,0.000138982919835,0.000322865288242,0.0172706083754,0.00180004018572,0.00776980156478,0.000322865288242,0.000138982919835,0.000322865288242,0.277025946316,0.417551788773,0.277012387793
271,0.0939643424867,0.0416806201723,0.0800114408356,0.0138710756004,0.0954176905832,0.0444464239228,0.142588732123,0.0986366484203,0.237163867434,0.069769714961,0.0464451246318,0.0360043188288,1,0.1,30,20,1,8,20,0.00027341774679,0.000117697374625,0.00027341774679,0.000485111095086,0.00085810657729,0.00150941429325,0.00027341774679,0.000117697374625,0.00027341774679,0.283934038702,0.427964121521,0.283920142075
272,0.0114379063755,0.182767453066,0.0213706283341,0.0542786421357,0.0354654892079,0.0492463797993,0.0490895048144,0.108012424566,0.0875008183078,0.265658519872,0.0228531268572,0.112319106664,1,0.1,30,20,1,8,20,6.00756074357e-06,2.58605791219e-06,6.00756074357e-06,1.52768816076e-11,3.30797917673e-06,5.33604076046e-05,6.00756074357e-06,2.58605791219e-06,6.00756074357e-06,0.285101866892,0.42972434924,0.285087913108
273,0.100494232352,0.0674287190594,0.00498033591704,0.0338841990731,0.0259493825599,0.0788360560603,0.303697874581,0.0153228566829,0.0345325034239,0.227835038407,0.0882501685415,0.0187886333418,1,0.1,30,20,1,8,20,3.16001052767e-07,1.36028091542e-07,3.16001052767e-07,1.1037890881e-05,5.81444599734e-09,0.000923837755209,3.16001052767e-07,1.36028091542e-07,3.16001052767e-07,0.284859353598,0.429358817198,0.284845411683
274,0.0782613741072,0.0197166406833,0.00561797363001,0.00840589434867,0.00662655495683,0.02513107232,0.508912903283,0.0459605536997,0.00728356393301,0.0809256614329,0.198088644703,0.0150691629028,1,0.1,30,20,1,8,20,2.60703457597e-08,1.12224290029e-08,2.60703457597e-08,1.22797392865e-09,2.6290597021e-05,0.00167095746491,2.60703457597e-08,1.12224290029e-08,2.60703457597e-08,0.284642384279,0.429031786722,0.284628452984
275,0.00524590898202,0.0574245926993,0.165997348645,0.0231767247603,0.127906229832,0.0170998215104,0.422606999971,0.0317584862064,0.0646442803526,0.038810356264,0.0203751193399,0.0249541314364,1,0.1,30,20,1,8,20,0.000122883084998,5.28971387554e-05,0.000122883084998,0.0798798438743,0.0221595630812,0.00213972790487,0.000122883084998,5.28971387554e-05,0.000122883084998,0.255251820786,0.384732389778,0.255239327958
276,0.0803465527439,0.0593996232188,0.13037352711,0.123437382785,0.00282425466221,0.0144443331636,0.338135406878,0.117887013091,0.042573293144,0.00401314029552,0.0100117478486,0.076553725059,1,0.1,30,20,1,8,20,0.000221997976384,9.55628495198e-05,0.000221997976384,0.000122376802668,0.0155376784348,0.00587650529421,0.000221997976384,9.55628495198e-05,0.000221997976384,0.278678025128,0.420041910988,0.278664385747
277,0.0803371770229,0.0254215712696,0.0252513581765,0.0657105787739,0.202893911379,0.0197315789258,0.0310727473393,0.03644389519,0.162579244503,0.112785705645,0.157926523734,0.0798457080405,1,0.1,30,20,1,8,20,3.37552729562e-06,1.45305381722e-06,3.37552729562e-06,0.0491489844045,2.32710619156e-06,0.0016676229919,3.37552729562e-06,1.45305381722e-06,3.37552729562e-06,0.270631855142,0.407914192573,0.270618609566
278,0.140950135997,0.0108148882604,0.206224506847,0.00383082352297,0.0351387177253,0.276790228461,0.0747607262704,0.0119297947219,0.0508542805469,0.0568267305407,0.0356525959435,0.0962265711625,1,0.1,30,20,1,8,20,3.61249095398e-05,1.55505890211e-05,3.61249095398e-05,1.74064662247e-07,1.30956114682e-06,3.11287145841e-05,3.61249095398e-05,1.55505890211e-05,3.61249095398e-05,0.285066983851,0.429671771218,0.285053031774
279,0.02667459353,0.129567199732,0.016506049382,0.127458775236,0.0819200261366,0.0270370103479,0.0662223344047,0.104106150618,0.0594691112934,0.0159762401871,0.0888254104406,0.256237098692,1,0.1,30,20,1,8,20,1.96380760562e-07,8.45354780969e-08,1.96380760562e-07,0.0324687223121,0.000917101766025,5.44906727256e-05,1.96380760562e-07,8.45354780969e-08,1.96380760562e-07,0.27559136381,0.415389491344,0.275577875501
280,0.0324576338338,0.0496532410742,0.0256412218379,0.167901299848,0.106188748746,0.0890668381069,0.299110493416,0.0205720043199,0.0795625367387,0.113570060135,0.0112069089252,0.00506901301843,1,0.1,30,20,1,8,20,3.79385039567e-07,1.63312819498e-07,3.79385039567e-07,0.164883911754,6.11730615185e-07,4.75793458073e-07,3.79385039567e-07,1.63312819498e-07,3.79385039567e-07,0.238112766924,0.358899276697,0.238101112935
281,0.0358416277229,0.0682622504264,0.0310194689251,0.0194415963362,0.0938740662155,0.0416452801062,0.236468780878,0.00908415240425,0.0585058212174,0.032209570715,0.353285670539,0.0203617145145,1,0.1,30,20,1,8,20,1.57480931508e-09,6.77903772146e-10,1.57480931508e-09,1.00785666673e-09,0.000851550755675,1.72506314636e-12,1.57480931508e-09,6.77903772146e-10,1.57480931508e-09,0.284883548878,0.429395285922,0.28486960578
282,0.0753620167208,0.0411643076551,0.184339628995,0.0245870688773,0.0328935732603,0.130164710818,0.00727977849614,0.182161697411,0.10028847502,0.169736618089,0.00501949529751,0.0470026293596,1,0.1,30,20,1,8,20,6.42180984876e-09,2.76437856875e-09,6.42180984876e-09,0.0462302909206,0.000162493400584,0.000938599231466,6.42180984876e-09,2.76437856875e-09,6.42180984876e-09,0.271630917332,0.40942004504,0.271617622859
283,0.0104184581646,0.0291039971464,0.0653227981103,0.000421976522706,0.0576507521539,0.176689419801,0.0256070534482,0.164654200378,0.024105455048,0.140396256721,0.092085310219,0.213544322286,1,0.1,30,20,1,8,20,1.84246972696e-05,7.93122802872e-06,1.84246972696e-05,0.00139021614604,0.00169279330943,3.6708278803e-08,1.84246972696e-05,7.93122802872e-06,1.84246972696e-05,0.284221756935,0.42839778943,0.284207846227
284,0.196945156168,0.00217082744606,0.101280914058,0.0135148502897,0.148113770603,0.159552972049,0.058435795192,0.0765293930357,0.0905659465031,0.100317860068,0.022122180455,0.0304503341338,1,0.1,30,20,1,8,20,1.98916112198e-05,8.56268638421e-06,1.98916112198e-05,6.72158451854e-06,0.00201518525561,0.00598372375946,1.98916112198e-05,8.56268638421e-06,1.98916112198e-05,0.282816165284,0.42627918893,0.282802323369
285,0.0251926579303,0.0528922939656,0.308090061081,0.146817431359,0.0474657037115,0.231303604084,0.0144351824592,0.0644319965453,0.0192703465757,0.0283564869771,0.0257827666124,0.0359614686992,1,0.1,30,20,1,8,20,9.41606811939e-06,4.05330857252e-06,9.41606811939e-06,8.16130806152e-06,0.00881253439111,0.0142651099893,9.41606811939e-06,4.05330857252e-06,9.41606811939e-06,0.278530928888,0.419820197827,0.278517296707
286,0.00565991400633,0.00314505872192,0.0688223118771,0.0313093859216,0.0603326986111,0.115418370895,0.333662938916,0.0120699091811,0.026139418095,0.0350432441414,0.181721255004,0.12667549463,1,0.1,30,20,1,8,20,3.28830854679e-05,1.41550900576e-05,3.28830854679e-05,0.000380747089768,0.000181794319143,0.001487033903,3.28830854679e-05,1.41550900576e-05,3.28830854679e-05,0.284496387664,0.428811730988,0.284482463514
287,0.183879084546,0.179754761366,0.0881823048138,0.000412385986138,0.0845980316157,0.00431628673459,0.122495358542,0.123384993478,0.0165865440579,0.0520162090122,0.0266644330168,0.117709606831,1,0.1,30,20,1,8,20,5.97319073512e-05,2.57126275054e-05,5.97319073512e-05,2.20239716618e-05,2.78442970865e-06,0.000108203062927,5.97319073512e-05,2.57126275054e-05,5.97319073512e-05,0.285005638577,0.429579307572,0.284991689502
288,0.06570179045,0.0113507591198,0.0213205336347,0.00398303773443,0.204801133493,3.19080441013e-05,0.0447208689758,0.163172573117,0.11090904986,0.304987975984,0.00898044709055,0.0600399224969,1,0.1,30,20,1,8,20,4.57200801384e-06,1.96809953382e-06,4.57200801384e-06,0.00064884888336,6.45956982506e-06,0.00066013964988,4.57200801384e-06,1.96809953382e-06,4.57200801384e-06,0.284744945277,0.429186373427,0.284731008962
289,0.0611879668288,0.142427229192,0.048014358034,0.0489237934926,0.0898911150482,0.0383435167251,0.0371977207304,0.032305314985,0.0789058406685,0.0539887567992,0.235064312206,0.133750075291,1,0.1,30,20,1,8,20,4.50886636275e-05,1.94091912343e-05,4.50886636275e-05,0.000537340195581,9.364500314e-05,0.000126089218028,4.50886636275e-05,1.94091912343e-05,4.50886636275e-05,0.284847997034,0.429341699836,0.284834055676
290,0.0920099225659,0.0641770885861,0.0109958042221,0.0107265109177,0.108580429055,0.12358716705,0.0924514729199,0.00100496198972,0.0203984439375,0.0350285276633,0.342365411523,0.0986742595694,1,0.1,30,20,1,8,20,2.19106745689e-06,9.43182695087e-07,2.19106745689e-06,0.0016660777755,2.61675381387e-06,1.4378357372e-06,2.19106745689e-06,9.43182695087e-07,2.19106745689e-06,0.284647115385,0.429038917757,0.284633183858
291,0.0391302942483,0.220064474653,0.178829026334,0.0628223458849,0.0417586577429,0.0410342807957,0.118076505247,0.0843955243583,0.0666303723819,0.0567037524512,0.0445160336595,0.0460387322441,1,0.1,30,20,1,8,20,3.49022220275e-08,1.5024262139e-08,3.49022220275e-08,0.171958909145,0.00032588340741,0.000288034716801,3.49022220275e-08,1.5024262139e-08,3.49022220275e-08,0.235921242029,0.355596065744,0.2359096953
292,0.0288142868155,0.183220470114,0.0209110198627,0.0435398108167,0.134480210489,0.0245583938582,0.184686363382,0.0298718183468,0.037130199843,0.141362295841,0.130395767269,0.0410293633625,1,0.1,30,20,1,8,20,4.49916282397e-05,1.93674206817e-05,4.49916282397e-05,7.07754178237e-05,0.000117921247826,6.90295307842e-05,4.49916282397e-05,1.93674206817e-05,4.49916282397e-05,0.284990508859,0.429556503064,0.284976560526
293,0.15690603175,0.0269805354849,0.117738711018,0.100323955847,0.083250313101,0.177667832234,0.0495181480732,0.0560252197198,0.0947439233128,0.126316679283,0.00288240625902,0.00764624391637,1,0.1,30,20,1,8,20,1.68724960145e-07,7.26305628511e-08,1.68724960145e-07,1.02858500044e-05,7.53490974528e-05,0.0104403145532,1.68724960145e-07,7.26305628511e-08,1.68724960145e-07,0.282124891488,0.425237255444,0.282111083407
294,0.0354171035256,0.240149324721,0.0771147727668,0.0475956513111,0.0175475066968,0.155635768004,0.00885176669474,0.168654653197,0.0225751749914,0.118401682772,0.00392352121474,0.104133074106,1,0.1,30,20,1,8,20,1.53177375442e-05,6.59378374416e-06,1.53177375442e-05,4.6277872364e-06,0.00031588017018,3.93692230925e-06,1.53177375442e-05,6.59378374416e-06,1.53177375442e-05,0.285012613038,0.429589819941,0.284998663623
295,0.0134995085375,0.108933351288,0.0307661364448,0.0167531564239,0.0126484305885,0.0332534978169,0.182565439407,0.172619012882,0.141108359564,0.0662149607671,0.0127683162385,0.208869830043,1,0.1,30,20,1,8,20,2.93654555115e-08,1.26408657044e-08,2.93654555115e-08,0.00381391313306,0.00473122030061,0.000127540657023,2.93654555115e-08,1.26408657044e-08,2.93654555115e-08,0.282653502292,0.426034012534,0.282639668339
296,0.0600550995782,0.142747878105,0.0335324946112,0.0657918786716,0.00667509171182,0.0618581469009,0.319602313269,0.0153311362049,0.0459832094235,0.196590824187,0.0280774000694,0.0237545272666,1,0.1,30,20,1,8,20,6.17604999641e-06,2.65858701078e-06,6.17604999641e-06,0.0193166864188,0.000144597637662,0.000291998693571,6.17604999641e-06,2.65858701078e-06,6.17604999641e-06,0.279485609595,0.421259155593,0.279471930688
297,0.126533686162,0.0772869161291,0.0773892222432,0.0246672721001,0.227735151774,0.0673117360977,0.0221661148768,0.166382771948,0.160397559426,0.013569180349,0.0105430402971,0.0260173485974,1,0.1,30,20,1,8,20,2.85608764299e-05,1.22945207919e-05,2.85608764299e-05,0.0841738543724,0.0523708407057,2.74677985377e-05,2.85608764299e-05,1.22945207919e-05,2.85608764299e-05,0.246146443654,0.37100816445,0.246134396471
298,0.197414439361,0.115478593486,0.0651033228169,0.127802758083,0.0218757410896,0.00305175999048,0.0643871214856,0.00432094627429,0.0181228525165,0.126800350754,0.0996011923413,0.156040921801,1,0.1,30,20,1,8,20,1.62424519515e-07,6.99184297512e-08,1.62424519515e-07,0.000293818197974,4.50743940568e-08,0.00160868584163,1.62424519515e-07,6.99184297512e-08,1.62424519515e-07,0.284583658905,0.428943271962,0.284569730484
299,0.0479458145342,0.0951242925613,0.0445061979192,0.00900695302944,0.0163715792653,0.0123426339801,0.112656529067,0.0677985625227,0.0120567668343,0.52049343506,0.00164587617873,0.0600513590472,1,0.1,30,20,1,8,20,4.69928716588e-07,2.02288903528e-07,4.69928716588e-07,0.00093584542693,7.88258109298e-07,3.93334877432e-05,4.69928716588e-07,2.02288903528e-07,4.69928716588e-07,0.284847425638,0.42934083859,0.284833484307
300,0.0298042707214,0.262990350294,0.0272837833028,0.00198528810407,0.473107486551,0.0263251352501,0.00886061921756,0.118857545349,0.0366580460936,0.00139295568984,0.000696692392918,0.0120378270334,1,0.1,30,20,1,8,20,2.32086453861e-10,9.99056082722e-11,2.32086453861e-10,0.594280729847,0.00284532931959,0.0196366729501,2.32086453861e-10,9.99056082722e-11,2.32086453861e-10,0.109271043402,0.16470052802,0.109265695333
301,0.0791597419154,0.0102767559027,0.0165601327997,0.102152385159,0.0828865689816,0.0123258531958,0.0138351097545,0.223751006686,0.0319764238217,0.249937492068,0.177076059966,6.24697493268e-05,1,0.1,30,20,1,8,20,1.26530197703e-05,5.44671011859e-06,1.26530197703e-05,7.52486745785e-06,9.6429285271e-06,0.000428637712837,1.26530197703e-05,5.44671011859e-06,1.26530197703e-05,0.284981703172,0.429543230551,0.284967755269
302,0.0462445471076,0.0790911442872,0.0564404919767,0.0948632660616,0.0195603841571,0.132166953095,0.00710276706376,0.116744051347,0.0557243050578,0.126574743677,0.108508413129,0.15697893304,1,0.1,30,20,1,8,20,1.35000769446e-06,5.81134045713e-07,1.35000769446e-06,0.0154850238666,0.000357651177656,2.48128874287e-06,1.35000769446e-06,5.81134045713e-07,1.35000769446e-06,0.280606608219,0.422948798701,0.280592874448
303,0.0253366786949,0.0193792787229,0.03097619721,0.0230737134065,0.00231382640783,0.152008973254,0.0809517761009,0.377496120066,0.0339896305175,0.0676038009412,0.0510602604128,0.135809744265,1,0.1,30,20,1,8,20,8.5577378034e-06,3.68382551614e-06,8.5577378034e-06,0.00662893370739,0.000135185447755,0.00191608216548,8.5577378034e-06,3.68382551614e-06,8.5577378034e-06,0.282639535923,0.426012961501,0.282625702653
304,0.0130354572783,0.118280711503,0.0227529866668,0.0901890495328,0.0667747544529,0.00515997335417,0.0265684877848,0.00581968761658,0.0352369711523,0.0687622216747,0.234301480777,0.313118218207,1,0.1,30,20,1,8,20,5.87888034573e-07,2.53066522035e-07,5.87888034573e-07,0.00832585226519,0.00014802777588,2.47297743904e-06,5.87888034573e-07,2.53066522035e-07,5.87888034573e-07,0.282708704502,0.426117216947,0.282694867847
305,0.066071899153,0.105428422378,0.114764396343,0.0261491537007,0.264124822649,0.00912506389204,0.0381864520182,0.0209428291016,0.130665173163,0.107913884345,0.047246849284,0.0693810539709,1,0.1,30,20,1,8,20,4.52653356121e-05,1.94852427306e-05,4.52653356121e-05,0.00358655731469,0.00556109277324,3.16973447187e-05,4.52653356121e-05,1.94852427306e-05,4.52653356121e-05,0.282446340199,0.425721764155,0.282432516385
306,0.137864325151,0.0773475997127,0.115949125717,0.0177496525213,0.231826022932,0.066093032762,0.227239651434,0.0032288349514,0.0377965795775,0.0169215491705,0.0175207439157,0.0504628821545,1,0.1,30,20,1,8,20,4.54666478083e-05,1.95719010301e-05,4.54666478083e-05,0.0259739089185,7.18953281554e-05,0.0218421640042,4.54666478083e-05,1.95719010301e-05,4.54666478083e-05,0.271409213382,0.409085878215,0.271395929759
307,0.113100254729,0.240704680337,0.0844915616489,0.0501632189742,0.165931011054,0.0487980722721,0.0113820083779,0.00518164270605,0.0969398114922,0.0801491977354,0.101667827782,0.00149071289081,1,0.1,30,20,1,8,20,3.03998733115e-08,1.30861486488e-08,3.03998733115e-08,0.0763928328207,0.00155796348625,9.35739795425e-07,3.03998733115e-08,1.30861486488e-08,3.03998733115e-08,0.262900215869,0.396260555608,0.262887348704
308,0.067187075216,0.0215658707653,0.0247185981943,0.000251189476512,0.0194969204219,0.209358298219,0.276691682678,0.10224337671,0.0724072139751,0.120103496296,0.0713780839933,0.014598194054,1,0.1,30,20,1,8,20,1.32480559208e-08,5.70285367016e-09,1.32480559208e-08,0.0107642364741,0.000994113498915,0.00328738456598,1.32480559208e-08,5.70285367016e-09,1.32480559208e-08,0.280836397161,0.423295151759,0.280822652143
309,0.11255975926,0.100140006813,0.0910356338138,0.0669486150933,0.112689272879,0.140837771914,0.0194896636922,0.00216959323375,0.117695034841,0.128805851245,0.106698533946,0.000930263269246,1,0.1,30,20,1,8,20,4.51002677064e-10,1.94141864098e-10,4.51002677064e-10,0.0853197268275,0.00432254841394,2.33396303884e-09,4.51002677064e-10,1.94141864098e-10,4.51002677064e-10,0.259566974791,0.391236474676,0.259554270765
310,0.0710079515028,0.0525264977283,0.030367241381,0.0287484390929,0.0198182580671,0.0373616897453,0.128966479269,0.185445712189,0.0218518845269,0.0130123390418,0.124412806533,0.286480700923,1,0.1,30,20,1,8,20,5.76797763371e-07,2.48292523933e-07,5.76797763371e-07,0.0281245383289,5.92255565376e-07,1.55474978822e-05,5.76797763371e-07,2.48292523933e-07,5.76797763371e-07,0.277101902624,0.417666275133,0.277088340384
311,0.0304544100363,0.000508085443693,0.11384227763,0.174231963273,0.0103813633758,0.025975933393,0.00381162460659,0.00558033050232,0.0762348993726,0.205251362558,0.23148078524,0.122246964569,1,0.1,30,20,1,8,20,3.13577008138e-11,1.34984619813e-11,3.13577008138e-11,6.33279453846e-11,1.0454530426e-11,0.000510409316486,3.13577008138e-11,1.34984619813e-11,3.13577008138e-11,0.284980819698,0.429541898921,0.284966871839
312,0.22155713688,0.273923276276,0.044391855882,0.0202407213645,0.0335081904951,0.00890746165526,0.00149710748049,0.116497880474,0.0369824175676,0.0210555177062,0.0565286882034,0.164909746016,1,0.1,30,20,1,8,20,3.51739929187e-06,1.51412505963e-06,3.51739929187e-06,5.54627365706e-06,0.00267028036979,6.23016199294e-08,3.51739929187e-06,1.51412505963e-06,3.51739929187e-06,0.284358509411,0.428603911787,0.28434459201
313,0.0971524120042,0.0140819291037,0.0122832936635,0.076607881688,0.142524447171,0.195815984609,0.149214011911,0.0717488492828,0.0440750977802,0.00275263352314,0.0672057782202,0.126537681044,1,0.1,30,20,1,8,20,1.73011124099e-05,7.447561589e-06,1.73011124099e-05,3.34952443274e-06,9.15733526977e-06,0.00167754648734,1.73011124099e-05,7.447561589e-06,1.73011124099e-05,0.28462049316,0.428998790983,0.284606562937
314,0.0662294073697,0.0298215090777,0.0935455092988,0.00318147343781,0.145570824378,0.0385192266198,0.176874571762,0.19789131379,0.132090099856,0.00971626171538,0.0994828125563,0.00707699013816,1,0.1,30,20,1,8,20,0.000388253600622,0.000167130444232,0.000388253600622,1.11767253786e-09,2.95064980226e-05,6.71418408328e-05,0.000388253600622,0.000167130444232,0.000388253600622,0.284560681685,0.42890863918,0.284546754388
315,0.00266354292835,0.0872894883533,0.0200214059487,0.0365087514853,0.0123090611733,0.0343652575552,0.0694022442326,0.278742906772,0.259328558742,0.0308097211092,0.00976191246848,0.158797149232,1,0.1,30,20,1,8,20,1.72359529626e-08,7.41951258349e-09,1.72359529626e-08,2.02846875349e-08,0.00252791791069,0.00250753242462,1.72359529626e-08,7.41951258349e-09,1.72359529626e-08,0.283690581657,0.427597166995,0.283676696946
316,0.065464620043,0.0853461726693,0.0911090572744,0.00570045919604,0.0043692656922,0.0239993340121,0.00788011798391,0.265747022685,0.182302543625,0.101511320493,0.0735163436968,0.0930537426294,1,0.1,30,20,1,8,20,2.97592627462e-06,1.2810386806e-06,2.97592627462e-06,1.87772434039e-06,9.29581708261e-06,0.00187910132482,2.97592627462e-06,1.2810386806e-06,2.97592627462e-06,0.284583259158,0.428942669437,0.284569330756
317,0.164799748808,0.0974705158593,0.0693712741546,0.00173017420925,0.349813663491,0.0143076176238,0.004487770422,0.177190417855,0.0127449090551,0.0381040328891,0.0368776590428,0.0331022165896,1,0.1,30,20,1,8,20,1.19358161232e-05,5.13797746563e-06,1.19358161232e-05,2.03744087606e-07,1.25675799545e-05,0.016828173784,1.19358161232e-05,5.13797746563e-06,1.19358161232e-05,0.280308010876,0.422498733079,0.280294291718
318,0.204995160104,0.0594901683138,0.0221357781009,0.128559155983,0.178363555005,0.00294658520468,0.148218185819,0.0315897520028,0.00286603909279,0.000451303555068,0.035793450708,0.184590866111,1,0.1,30,20,1,8,20,6.53342941909e-07,2.81242713377e-07,6.53342941909e-07,7.13457219859e-07,0.00292229258866,4.82524787017e-06,6.53342941909e-07,2.81242713377e-07,6.53342941909e-07,0.284290643535,0.428501619859,0.284276729455
319,0.0284071848602,0.141199436515,0.121409462695,0.0450679329992,0.00586103337908,0.185191603558,0.00736080359233,0.204577818517,0.0636114215069,0.011192408832,0.00144274921846,0.184678144326,1,0.1,30,20,1,8,20,1.65988400299e-06,7.1452563569e-07,1.65988400299e-06,0.0277362136348,1.66142821979e-06,0.0120218101346,1.65988400299e-06,7.1452563569e-07,1.65988400299e-06,0.273787516388,0.412670613463,0.273774116364
320,0.0558065650093,0.307299505896,0.128981065117,0.0547260501508,0.0365874178315,0.0667820083345,0.0712855819059,0.0124127293427,0.00683239974421,0.047746199836,0.0010609539595,0.210479522873,1,0.1,30,20,1,8,20,3.06039771925e-06,1.3174008677e-06,3.06039771925e-06,0.0235722476683,5.46996492058e-07,0.000320484245566,3.06039771925e-06,1.3174008677e-06,3.06039771925e-06,0.27830950583,0.419486454381,0.278295884486
321,0.0023476162438,0.201832098075,0.0947671046721,0.0388746249506,0.152219217579,0.0207862193799,0.103584453367,0.163364934154,0.000496965811067,0.124042660255,0.0590376604988,0.0386464450126,1,0.1,30,20,1,8,20,9.35860197293e-06,4.02857128079e-06,9.35860197293e-06,0.0618590215946,7.7300277134e-05,0.000295892220018,9.35860197293e-06,4.02857128079e-06,9.35860197293e-06,0.267369335956,0.402996708344,0.267356250058
322,0.0771992719233,0.0894034991842,0.0839576573591,0.00804741640888,0.0717938611115,0.184731310325,0.0468582753635,0.0217524605461,0.197716071032,0.0797836459164,0.00382185857149,0.134934672258,1,0.1,30,20,1,8,20,5.73863546787e-05,2.47029439906e-05,5.73863546787e-05,0.00397896415961,0.00212862008078,0.00407578195329,5.73863546787e-05,2.47029439906e-05,5.73863546787e-05,0.282143268497,0.425264954485,0.282129459517
323,0.02316804538,0.0435770036631,0.17598843503,0.0177901581874,0.00213626445604,0.0488240881318,0.0226114422149,0.0668354633221,0.0413104557918,0.224244575285,0.313523486762,0.0199905817758,1,0.1,30,20,1,8,20,3.37784556652e-06,1.45405175683e-06,3.37784556652e-06,2.74964462718e-06,7.58460361812e-06,5.90607750934e-05,3.37784556652e-06,1.45405175683e-06,3.37784556652e-06,0.285101882931,0.429724373414,0.285087929146
324,0.0183658137688,0.0278488109053,0.0126815876368,0.0624299010864,0.162069359662,0.058051257511,0.0698346148507,0.106181990373,0.142241711317,0.0910417775034,0.131422539123,0.117830636262,1,0.1,30,20,1,8,20,2.63273001558e-06,1.13330394449e-06,2.63273001558e-06,0.0358604922704,1.17940350846e-07,4.48723259896e-06,2.63273001558e-06,1.13330394449e-06,2.63273001558e-06,0.274896617637,0.414342324062,0.27488316333
325,0.0306562422678,0.359868683939,0.0244542494754,0.145209337007,0.151181373594,0.015393998909,0.0080933410604,0.0176967569642,0.0129125175029,0.169679709384,0.0359718736575,0.0288819162385,1,0.1,30,20,1,8,20,5.69552862448e-05,2.45173831646e-05,5.69552862448e-05,2.48372988013e-10,0.000798714714314,1.1971176358e-06,5.69552862448e-05,2.45173831646e-05,5.69552862448e-05,0.28481933598,0.429298500004,0.284805396024
326,0.174059498492,0.10768476434,0.117372146195,0.246578576359,0.0462753106345,0.00202515879358,0.0725532016561,0.118036375381,0.0201851513642,0.0488499107172,0.015845790298,0.0305341157704,1,0.1,30,20,1,8,20,3.65974063631e-06,1.57539834104e-06,3.65974063631e-06,6.13594681633e-06,0.0214235242707,3.50857445019e-06,3.65974063631e-06,1.57539834104e-06,3.65974063631e-06,0.279010117373,0.420542462337,0.278996461739
327,0.0701880831837,0.034598931321,0.0486187193462,0.0507239542221,0.104914649742,0.11146019344,0.200133263846,0.0259581047202,0.0162530732594,0.174650527094,0.157289187433,0.00521131239221,1,0.1,30,20,1,8,20,1.08679999515e-09,4.6783176174e-10,1.08679999515e-09,1.7446697662e-09,7.17755103781e-11,0.00137711671771,1.08679999515e-09,4.6783176174e-10,1.08679999515e-09,0.28473369662,0.429169418708,0.284719760855
328,0.0514887473441,0.00337191594918,0.0176084581057,0.0174478870251,0.0535621020311,0.277300587372,0.158519227787,0.134190443776,0.0180500709754,0.0875355068832,0.159232825163,0.0216922275891,1,0.1,30,20,1,8,20,1.30268731712e-06,5.60764174903e-07,1.30268731712e-06,1.48451895403e-11,0.00218133482501,5.62788905644e-10,1.30268731712e-06,5.60764174903e-07,1.30268731712e-06,0.284502589206,0.428821078362,0.284488664752
329,0.0899620104954,0.11751433183,0.0298706838727,0.0180197149814,0.0702424117731,0.0501692886948,0.0119416040957,0.0851090994308,0.15595747297,0.0854414942531,0.180253233212,0.105518654391,1,0.1,30,20,1,8,20,1.39117690896e-05,5.98856042616e-06,1.39117690896e-05,0.0032567968522,2.78084143487e-05,9.39960790055e-05,1.39117690896e-05,5.98856042616e-06,1.39117690896e-05,0.284143741195,0.428280198957,0.284129834305
330,0.0431408218331,0.207273491636,0.0863478653656,0.00990991621488,0.0715427812389,0.0177800713857,0.155908297261,0.00592364547012,0.0603017209254,0.272822807647,0.0563548885388,0.0126936924841,1,0.1,30,20,1,8,20,9.81773492637e-06,4.22621296227e-06,9.81773492637e-06,2.55285529798e-07,0.000771573988272,1.46841617606e-05,9.81773492637e-06,4.22621296227e-06,9.81773492637e-06,0.284888488013,0.429402730512,0.284874544673
331,0.00184906846873,0.0760929920468,0.101976422321,0.023615052074,0.23093676446,0.0702705454457,0.0995446945947,0.00385841273866,0.0532245349235,0.0109536697653,0.239417278011,0.088260565151,1,0.1,30,20,1,8,20,1.9845337799e-06,8.54276719385e-07,1.9845337799e-06,8.75318578925e-08,3.54626526518e-06,0.000735020176693,1.9845337799e-06,8.54276719385e-07,1.9845337799e-06,0.284912990671,0.429439662535,0.284899046132
332,0.126347452095,0.0378926352227,0.0996155271558,0.0899126312511,0.0888348840873,0.0303538255684,0.114959295103,0.0199497465338,0.0262157715389,0.17835856324,0.00203349765099,0.185526170553,1,0.1,30,20,1,8,20,9.32603588125e-11,4.01455264616e-11,9.32603588125e-11,0.0149054927726,0.000535888076044,0.000390120536258,9.32603588125e-11,4.01455264616e-11,9.32603588125e-11,0.28061237256,0.422957487096,0.280598638506
333,0.0272325478815,0.0965309459857,0.284939818557,0.0205478711022,0.0171792225516,0.0349969528889,0.0304181898952,0.137108159039,0.0979351520177,0.0887503077151,0.0482811205915,0.116079711775,1,0.1,30,20,1,8,20,2.51484405223e-05,1.08255790275e-05,2.51484405223e-05,9.24780867439e-06,9.29602717246e-05,4.52657199561e-05,2.51484405223e-05,1.08255790275e-05,2.51484405223e-05,0.285049446994,0.42964533851,0.285035495776
334,0.0201762535836,0.057588313533,0.0114553946583,0.151947138737,0.114255035576,0.026385516453,0.0493583777564,0.00332769362946,0.166473607734,0.184462483512,0.141343267106,0.0732269177221,1,0.1,30,20,1,8,20,2.54432975055e-07,1.09525052904e-07,2.54432975055e-07,1.68096894801e-07,0.000688233036005,1.19529978833e-07,2.54432975055e-07,1.09525052904e-07,2.54432975055e-07,0.284929682885,0.429464822141,0.284915737529
335,0.0261542698,0.0532154525349,0.00236319729664,0.144573404485,0.162571319413,0.101023521797,0.0966200920493,0.0319349281524,0.00239929613688,0.341970850225,0.0345301602911,0.00264350781841,1,0.1,30,20,1,8,20,3.35577584684e-09,1.44455146617e-09,3.35577584684e-09,0.0279592951966,0.000337913721735,0.000203837053204,3.35577584684e-09,1.44455146617e-09,3.35577584684e-09,0.276999947022,0.417512600922,0.276986389772
336,0.0122057703705,0.0366802102966,0.158685708797,0.0354008600031,0.0152873666198,0.0345236201796,0.029495303844,0.152016564529,0.234704079603,0.150157179427,0.0738401089655,0.067003227365,1,0.1,30,20,1,8,20,2.21023755534e-08,9.51434793886e-09,2.21023755534e-08,0.00841682044877,0.00103017348431,0.000771828391865,2.21023755534e-08,9.51434793886e-09,2.21023755534e-08,0.282212664755,0.425369553104,0.282198852378
337,0.0961546749854,0.0713684612165,0.00620509874909,0.0264547735262,0.0236598867517,0.0946287309107,0.0737562939504,0.143788720872,0.0210274603516,0.145810526906,0.241012943269,0.0561324285119,1,0.1,30,20,1,8,20,4.30194609334e-10,1.85184673237e-10,4.30194609334e-10,0.0347234530463,8.43871642695e-10,4.18627272798e-06,4.30194609334e-10,1.85184673237e-10,4.30194609334e-10,0.275224584997,0.414836658111,0.275211114638
338,0.161932120565,0.119421900762,0.193013446321,0.0269759432981,0.0287443675229,0.142899412612,0.0309133332323,0.023577378932,0.124606134663,0.031465929497,0.0981006038616,0.0183494287323,1,0.1,30,20,1,8,20,1.72776160284e-05,7.43744716719e-06,1.72776160284e-05,0.131310105146,0.00110926577292,2.21854618286e-05,1.72776160284e-05,7.43744716719e-06,1.72776160284e-05,0.24733982679,0.372806910271,0.2473277212
339,0.155034883376,0.0198730693392,0.00173656552911,0.0163467683629,0.0556316575519,0.051496933144,0.0414359030513,0.222323987713,0.0790543065916,0.0135057499243,0.289527781617,0.0540323938002,1,0.1,30,20,1,8,20,1.97162841528e-07,8.48721383081e-08,1.97162841528e-07,2.43997075497e-07,0.000801459243082,7.26279913117e-08,1.97162841528e-07,8.48721383081e-08,1.97162841528e-07,0.284897470217,0.429416269082,0.284883526437
340,0.0184306191011,0.00267659257484,0.0568908177874,0.0501787962197,0.0650991011185,0.0248816967169,0.0268965399853,0.194440965039,0.167463973262,0.0347755360788,0.161522984709,0.196742377408,1,0.1,30,20,1,8,20,8.80722404823e-10,3.79122116389e-10,8.80722404823e-10,0.0175212396859,3.10966438497e-07,0.000610872220866,8.80722404823e-10,3.79122116389e-10,8.80722404823e-10,0.279956318121,0.421968638549,0.279942616176
341,0.328096539314,0.0385850338937,0.00196213506056,0.169843345711,0.0580168716423,0.153961799609,0.141896272235,0.0515011972671,0.00510918907744,0.00265382037316,0.0479776433079,0.000396152509105,1,0.1,30,20,1,8,20,9.82010349731e-05,4.2272325544e-05,9.82010349731e-05,0.27287963229,0.00240157354725,0.000134150588198,9.82010349731e-05,4.2272325544e-05,9.82010349731e-05,0.206462070628,0.311193258432,0.206451965724
342,0.0169917783637,0.103424041035,0.0302504732686,0.0652424524333,0.0490598462364,0.147275986063,0.0617481338587,0.290564493784,0.0290879666107,0.0627778736905,0.0302819365755,0.113295018081,1,0.1,30,20,1,8,20,4.08688485323e-06,1.75926992036e-06,4.08688485323e-06,0.0786517589031,3.86695589971e-05,0.000765657366533,4.08688485323e-06,1.75926992036e-06,4.08688485323e-06,0.262465662756,0.395605568477,0.262452816859
343,0.120754792588,0.0365882811607,0.00281620073172,0.0600972447056,0.00151697385036,0.0071880990027,0.185092310947,0.292617218514,0.0192878072569,0.0276227474592,0.156557921166,0.0898604026166,1,0.1,30,20,1,8,20,0.000247086913481,0.000106362814274,0.000247086913481,0.00350823341423,0.00103898825536,6.00110490934e-05,0.000247086913481,0.000106362814274,0.000247086913481,0.283470249813,0.4272650683,0.283456375886
344,0.0233476828297,0.23928539583,0.131102870357,0.00417402692236,0.00727412486179,0.134802019943,0.21606276383,0.0429702506761,0.0909573614541,0.0905107824909,0.0126360251977,0.00687669560733,1,0.1,30,20,1,8,20,4.92499338574e-08,2.12004816203e-08,4.92499338574e-08,0.0238762102404,5.69088779931e-08,0.0339439647717,4.92499338574e-08,2.12004816203e-08,4.92499338574e-08,0.268640210913,0.404912254952,0.268627062814
345,0.0159428791395,0.0188318351186,0.160979448817,0.183397081101,0.00389287435396,0.0247417070084,0.119987770531,0.126833805539,0.20354269024,0.0278320879651,0.107076105165,0.00694171502245,1,0.1,30,20,1,8,20,8.84591065357e-05,3.80787447895e-05,8.84591065357e-05,0.101109878938,0.00188448429015,0.0113916753175,8.84591065357e-05,3.80787447895e-05,8.84591065357e-05,0.252389274547,0.380417771171,0.252376921821
346,0.119245407014,0.0374524654205,0.205650321797,0.00405296496322,0.270024798715,0.0357896694892,0.066814793489,0.113798813814,0.0187143589836,0.0156922225836,0.0599487550933,0.0528154286373,1,0.1,30,20,1,8,20,1.63975040366e-06,7.05858781362e-07,1.63975040366e-06,0.198463431215,0.00026315495286,0.000335818744157,1.63975040366e-06,7.05858781362e-07,1.63975040366e-06,0.228366141131,0.344208519066,0.228354964172
347,0.110872761757,0.150417311172,0.094712486812,0.109367566072,0.0601839840473,0.148328915539,0.0201944953006,0.136603658594,0.102206659093,0.0526606742753,0.0041601843549,0.0102913029836,1,0.1,30,20,1,8,20,0.000286277438311,0.000123233050156,0.000286277438311,0.173284793487,2.01787784319e-07,0.000438592196535,0.000286277438311,0.000123233050156,0.000286277438311,0.235196403401,0.354503541127,0.235184892148
348,0.00587220702788,0.0810044114838,0.165360411256,0.00973143918064,0.0126100587762,0.0701926375796,0.0458442507273,0.0500096062681,0.0241718470756,0.0403392049219,0.219777833234,0.275086092469,1,0.1,30,20,1,8,20,4.06605523658e-10,1.75030345339e-10,4.06605523658e-10,9.06662358026e-10,0.000425215102288,1.10795013086e-09,4.06605523658e-10,1.75030345339e-10,4.06605523658e-10,0.28500510974,0.429578510475,0.284991160692
349,0.0469441772322,0.0854987375953,0.103981140059,0.0237566833573,0.249793131356,0.149904567624,0.0328744145082,0.00428449671499,0.165068912097,0.0442967685713,0.0302705098354,0.0633264610503,1,0.1,30,20,1,8,20,1.55462918459e-07,6.69216887677e-08,1.55462918459e-07,0.0942333343253,3.65693823968e-06,0.0193961157889,1.55462918459e-07,6.69216887677e-08,1.55462918459e-07,0.252726342284,0.380925821909,0.25271397306
350,0.0536728362791,0.0370198796341,0.00835180731304,0.0168895614099,0.0233664425184,0.153408218704,0.0168528232494,0.1291877892,0.0674546268891,0.309881441798,0.139016054216,0.0448985187892,1,0.1,30,20,1,8,20,8.94606702443e-06,3.85098851248e-06,8.94606702443e-06,0.00153774149327,0.000183293970157,0.000261670743307,8.94606702443e-06,3.85098851248e-06,8.94606702443e-06,0.284548630048,0.428890474158,0.284534703342
351,0.0108720500425,0.0869221934286,0.00281517061986,0.0889679041682,0.034848419314,0.131916704164,0.0394484343404,0.215881640509,0.261606254767,0.056498844955,0.0289260769964,0.0412963066954,1,0.1,30,20,1,8,20,1.68863214613e-06,7.26900768663e-07,1.68863214613e-06,1.0082178909e-06,0.0113997425806,2.21569393921e-06,1.68863214613e-06,7.26900768663e-07,1.68863214613e-06,0.281872724272,0.424857172374,0.281858928532
352,0.0140760733374,0.242557761207,0.0681920530111,0.157657757625,0.126658823322,0.0659760241371,0.00381841044686,0.0280466251164,0.0250975765135,0.0543063955198,0.149618246714,0.0639942530496,1,0.1,30,20,1,8,20,8.42900697133e-08,3.62841111402e-08,8.42900697133e-08,2.13407077349e-08,0.0022567211252,1.25887528763e-10,8.42900697133e-08,3.62841111402e-08,8.42900697133e-08,0.284482777304,0.428791216556,0.28446885382
353,0.127550418692,0.285985357946,0.00613390160206,0.125010135985,0.00285698378387,0.0303334237461,0.0155656578565,0.026498133824,0.00486279675287,0.284277519843,0.0450325762392,0.0458930937289,1,0.1,30,20,1,8,20,6.15561679383e-08,2.64979118707e-08,6.15561679383e-08,9.21097632959e-07,0.000359328046868,0.000656942661829,6.15561679383e-08,2.64979118707e-08,6.15561679383e-08,0.284836237405,0.429323974947,0.284822296622
354,0.0375652089884,0.0395967339437,0.0223047905334,0.0387412651781,0.0137281924341,0.355653758381,0.0474428482172,0.15853114154,0.0425184493185,0.149366725691,0.0840595727078,0.0104913130662,1,0.1,30,20,1,8,20,3.69604299706e-08,1.59102531699e-08,3.69604299706e-08,0.0803791008212,5.05157028278e-08,5.2722906229e-08,3.69604299706e-08,1.59102531699e-08,3.69604299706e-08,0.262208070539,0.395217308488,0.26219523725
355,0.000691870489861,0.108009735101,0.0326730729401,0.03046192011,0.0162865412465,0.290091497371,0.281012668759,0.00339515802196,0.118675758037,0.078110833822,0.013288343163,0.0273026009382,1,0.1,30,20,1,8,20,0.000127231841937,5.4769136022e-05,0.000127231841937,9.61811833988e-05,0.00480213791516,0.00647233118294,0.000127231841937,5.4769136022e-05,0.000127231841937,0.281707938035,0.424608795683,0.281694150361
356,0.0848052297416,0.219951931575,0.126985464126,0.0149927789525,0.199704826711,0.0733972995565,0.0197530799536,0.102179331333,0.0209283299095,0.109393868271,0.0186923388679,0.00921552100111,1,0.1,30,20,1,8,20,4.70805617582e-06,2.02666380653e-06,4.70805617582e-06,0.0645996565822,0.00300560286123,0.000180718770081,4.70805617582e-06,2.02666380653e-06,4.70805617582e-06,0.265792257024,0.400619630898,0.265779248313
357,0.0143450691708,0.0808958111606,0.0470643191987,0.0140214588573,0.0172519280679,0.161529344437,0.0299166212328,0.161157304511,0.0702586816247,0.112234137353,0.288325183083,0.00300014130337,1,0.1,30,20,1,8,20,3.94059883637e-06,1.69629858682e-06,3.94059883637e-06,0.00257740631475,3.68988085296e-06,4.48405907853e-06,3.94059883637e-06,1.69629858682e-06,3.94059883637e-06,0.284383672252,0.428641838881,0.284369753619
358,0.221252074175,0.0624020426807,0.0163874395112,0.0094151623116,0.00727983278175,0.246667845609,0.0292207586969,0.195367824831,0.0358372771036,0.0354327784567,0.0323044775873,0.108432486255,1,0.1,30,20,1,8,20,3.99926610385e-05,1.72155292177e-05,3.99926610385e-05,0.0367525232072,4.23700794923e-05,0.00328346380389,3.99926610385e-05,1.72155292177e-05,3.99926610385e-05,0.273643526153,0.412453581878,0.273630133176
359,0.0414473669478,0.0171484364814,0.00851269665475,0.148201621987,0.196394251871,0.0459758522501,0.129523501061,0.0860610792825,0.0068198754966,0.146327322075,0.137404102792,0.0361838931015,1,0.1,30,20,1,8,20,1.55778764699e-05,6.70576502171e-06,1.55778764699e-05,0.0275205828429,0.000184881469559,0.000118307091659,1.55778764699e-05,6.70576502171e-06,1.55778764699e-05,0.277171469866,0.417771131472,0.277157904221
360,0.120501322423,0.0322741771608,0.0742656949642,0.0167967784149,0.0239278777376,0.0459167397956,0.0241910537433,0.101143565061,0.164257354155,0.00844338355173,0.26655191023,0.121730142763,1,0.1,30,20,1,8,20,9.66763539166e-08,4.16160003435e-08,9.66763539166e-08,0.000680080397522,0.000192491175903,0.000685555101762,9.66763539166e-08,4.16160003435e-08,9.66763539166e-08,0.284681953944,0.429091428732,0.284668020712
361,0.124441649812,0.00497196704811,0.108076665152,0.015014572024,0.329633468167,0.126417365033,0.131997136866,0.020903775908,0.0112120284008,0.102381936385,0.0234175766792,0.0015318585247,1,0.1,30,20,1,8,20,5.27676672585e-05,2.2714750503e-05,5.27676672585e-05,0.0118795902385,8.88859998834e-06,0.00453933071069,5.27676672585e-05,2.2714750503e-05,5.27676672585e-05,0.280369214561,0.422590983312,0.280355492408
362,0.0872765642454,0.0185372143678,0.27901598208,0.0152439741789,0.0773730446193,0.184181012378,0.133987075296,0.0162744579312,0.0470946347222,0.0619944967687,0.0120204774094,0.0670010660036,1,0.1,30,20,1,8,20,3.31471194816e-06,1.42687480428e-06,3.31471194816e-06,1.46056958285e-09,0.00933514252524,1.13607196018e-06,3.31471194816e-06,1.42687480428e-06,3.31471194816e-06,0.282459737318,0.425741957178,0.282445912849
363,0.0135007352939,0.154013040224,0.0390392163236,0.0924926280045,0.233337246369,0.0252845113158,0.0739424230919,0.0683276195632,0.219991577259,0.0196826669575,0.0362245847411,0.0241637508568,1,0.1,30,20,1,8,20,5.34002867465e-05,2.29870724489e-05,5.34002867465e-05,3.1609140198e-05,0.0283055864995,2.68529178362e-07,5.34002867465e-05,2.29870724489e-05,5.34002867465e-05,0.2769725814,0.41747135365,0.276959025489
364,0.0682039084832,0.18189945441,0.0272181092701,0.105344551457,0.100913716925,0.347264029758,0.0301224408518,0.020515823992,0.0487021113534,0.0211427590077,0.0271884354769,0.0214846590151,1,0.1,30,20,1,8,20,9.79454852858e-05,4.21623197831e-05,9.79454852858e-05,0.228500655254,0.0117721309438,0.00474248982078,9.79454852858e-05,4.21623197831e-05,9.79454852858e-05,0.215130288808,0.324258568938,0.215119759654
365,0.189192062985,0.0815581318707,0.0645520408486,0.0466476608932,0.114080797783,0.0179259673392,0.005913314253,0.0501800696121,0.00603706517038,0.239812635231,0.00885020309441,0.17525005092,1,0.1,30,20,1,8,20,9.08724722576e-09,3.91176195985e-09,9.08724722576e-09,4.66041040011e-09,0.000538929012481,0.000397979223857,9.08724722576e-09,3.91176195985e-09,9.08724722576e-09,0.284859199758,0.429358585321,0.284845257851
366,0.0436794642093,0.100595978334,0.208955034226,0.0619403293976,0.00567029015331,0.0741808477188,0.0845400114835,0.0559640163377,0.034951534585,0.161239811019,0.0957671860894,0.072515496445,1,0.1,30,20,1,8,20,3.45497924033e-08,1.48725527419e-08,3.45497924033e-08,0.0139862076125,0.00205959435488,0.000483342331388,3.45497924033e-08,1.48725527419e-08,3.45497924033e-08,0.280413408425,0.422657595222,0.28039968411
367,0.0829325605327,0.0438333266512,0.112074188686,0.0456633042765,0.0454641115138,0.0988234500996,0.0380618232178,0.0372073629996,0.0275948827917,0.0671162442405,0.374777387561,0.0264513574304,1,0.1,30,20,1,8,20,2.74889156982e-08,1.18330768465e-08,2.74889156982e-08,0.0211412379858,3.100158158e-08,0.000160732434815,2.74889156982e-08,1.18330768465e-08,2.74889156982e-08,0.279052550877,0.420606420914,0.279038893166
368,0.00363253270863,0.269111710797,0.135914669924,0.0356957807442,0.0181374808474,0.153199602838,0.0263902655876,0.0624087818387,0.0432702798234,0.219113549348,0.0206177543514,0.0125075911912,1,0.1,30,20,1,8,20,3.69377565478e-08,1.59004930048e-08,3.69377565478e-08,1.19168380007e-09,0.0018372777702,0.00100690497353,3.69377565478e-08,1.59004930048e-08,3.69377565478e-08,0.284315347927,0.428538855949,0.284301432638
369,0.110706999626,0.0742398354778,0.0283223670376,0.0626728184622,0.115228580942,0.0633573339582,0.00823455930423,0.000378407034656,0.288182725195,0.029997259833,0.0828589831067,0.135820130022,1,0.1,30,20,1,8,20,2.79715403252e-10,1.20408309232e-10,2.79715403252e-10,0.0723133049753,2.18546256336e-10,0.000739871148671,2.79715403252e-10,1.20408309232e-10,2.79715403252e-10,0.264296964928,0.398365827968,0.264284029402
370,0.141639069817,0.0354939226513,0.0218928351704,0.0428597309674,0.042637281426,0.0293384568624,0.335175051295,0.00605726732434,0.0607463536653,0.000355774691339,0.256091928323,0.0277123278065,1,0.1,30,20,1,8,20,2.37979530793e-09,1.02442384658e-09,2.37979530793e-09,0.0190256220384,1.11735958083e-07,0.00138178387749,2.37979530793e-09,1.02442384658e-09,2.37979530793e-09,0.279307626571,0.420990887834,0.279293956375
371,0.0634438186631,0.0358556204963,0.00791127459959,0.175719731482,0.178891629967,0.223911477477,0.106182023486,0.0126739253878,0.0718622129443,0.0249527769255,0.0514594778585,0.0471360307135,1,0.1,30,20,1,8,20,6.57260157211e-09,2.82928946119e-09,6.57260157211e-09,0.142813273329,1.31212519439e-09,0.00176029205981,6.57260157211e-09,2.82928946119e-09,6.57260157211e-09,0.243904608288,0.367629122235,0.243892670827
372,0.213652132414,0.00465832532181,0.0680091868899,0.0732159496469,0.035026800842,0.264814382882,0.0719054849504,0.051059095467,0.101337352715,0.010837286934,0.0818342431534,0.0236497587836,1,0.1,30,20,1,8,20,9.52019195991e-08,4.09813047165e-08,9.52019195991e-08,0.0970146243028,4.24761982043e-08,0.00467387708747,9.52019195991e-08,4.09813047165e-08,9.52019195991e-08,0.256132135519,0.38605925824,0.256119599605
373,0.00506171089899,0.0191748181082,0.284509327328,0.0393795704054,0.0213662573022,0.23597429449,0.00595922374071,0.00426932666423,0.0989971978367,0.00481686260832,0.241744266922,0.0387471436952,1,0.1,30,20,1,8,20,2.24065000641e-05,9.64526356846e-06,2.24065000641e-05,0.0187730842707,5.14464229692e-05,0.000701686805093,2.24065000641e-05,9.64526356846e-06,2.24065000641e-05,0.279527856794,0.42132283336,0.27951417582
374,0.000422435833693,0.0627237596857,0.101456896366,0.0790500970007,0.187563974811,0.0443467146528,0.0727764040886,0.0113539010502,0.207353582282,0.076390382241,0.0328967999174,0.123665052071,1,0.1,30,20,1,8,20,1.98443099082e-07,8.54232472056e-08,1.98443099082e-07,0.0325183037794,0.0111096389493,2.90478687388e-06,1.98443099082e-07,8.54232472056e-08,1.98443099082e-07,0.272685771531,0.411009990905,0.27267242543
375,0.0141062391456,0.00603064156173,0.0722591860771,0.154091114354,0.338753614862,0.206023765006,0.0434225428313,0.0432767859814,0.00364117749161,0.0531876380027,0.0649646348236,0.000242659863326,1,0.1,30,20,1,8,20,5.22383293304e-07,2.24868878819e-07,5.22383293304e-07,0.074420947722,0.0041151943228,0.0149015395458,5.22383293304e-07,2.24868878819e-07,5.22383293304e-07,0.258484081706,0.389604266752,0.258471430681
376,0.0550996268726,0.1705772985,0.0386525012057,0.00069544866997,0.158785967955,0.00824376964804,0.051901619779,0.172713888921,0.00530212835915,0.0333878678376,0.104336113324,0.200303768927,1,0.1,30,20,1,8,20,6.52930688024e-06,2.81065251597e-06,6.52930688024e-06,0.000145661573349,6.27361000885e-06,4.92639578545e-06,6.52930688024e-06,2.81065251597e-06,6.52930688024e-06,0.285072576047,0.429680200145,0.285058623697
377,0.0401537060057,0.0493037869691,0.0930319400547,0.0233244391829,0.0340625928354,0.329912075255,0.107241626116,0.0595510938664,0.0825624832284,0.0358395462163,0.10004495376,0.0449717565098,1,0.1,30,20,1,8,20,9.26100245862e-06,3.98655789017e-06,9.26100245862e-06,1.46855856427e-05,0.00498836170626,1.97619909001e-05,9.26100245862e-06,3.98655789017e-06,9.26100245862e-06,0.283681380057,0.427583297737,0.283667495797
378,0.0915202626978,0.0552346272242,0.0269682153393,0.00951579564732,0.0406463770032,0.0948165021525,0.08025822271,0.0362130689539,0.260303850708,0.0129855460282,0.0375558625563,0.25398166898,1,0.1,30,20,1,8,20,6.58794434641e-06,2.83589402243e-06,6.58794434641e-06,0.00208275375554,0.00137487658794,7.31774736931e-06,6.58794434641e-06,2.83589402243e-06,6.58794434641e-06,0.284129272141,0.428258390244,0.284115365959
379,0.00615633940462,0.00710025446631,0.0651441071023,0.01153694495,0.154825254396,0.00904140517417,0.0845608530785,0.286768120517,0.00595716789271,0.0667654620033,0.238353497914,0.0637905931007,1,0.1,30,20,1,8,20,2.33676250403e-06,1.00589963554e-06,2.33676250403e-06,5.12355117104e-07,0.000956889430614,0.00016120762393,2.33676250403e-06,1.00589963554e-06,2.33676250403e-06,0.284804167182,0.42927563659,0.284790227969
380,0.20612135366,0.0410343838281,0.00405712986098,0.0114339585052,0.0122334193809,0.0230440845199,0.0637178369632,0.270228312706,0.264372347165,0.0121231959499,0.0361531948732,0.0554807825874,1,0.1,30,20,1,8,20,5.32475228406e-06,2.29213125966e-06,5.32475228406e-06,0.103584586301,0.00287608230269,0.0214315055218,5.32475228406e-06,2.29213125966e-06,5.32475228406e-06,0.248653541987,0.374787028516,0.2486413721
381,0.0828845740564,0.0449860147163,0.00329364094234,0.118236218884,0.0528355274381,0.023631610634,0.0330991456627,0.0589569701769,0.341101412937,0.00206878992736,0.150816829658,0.088089264967,1,0.1,30,20,1,8,20,5.45823701665e-06,2.34959206008e-06,5.45823701665e-06,0.0323658293886,0.000607046525418,0.000745618475146,5.45823701665e-06,2.34959206008e-06,5.45823701665e-06,0.275504754635,0.415258948279,0.275491270564
382,0.139847984142,0.0147578431709,0.232111735471,0.138047013279,0.0610769153982,0.106392739122,0.107951640586,0.0338752390451,0.0347064484879,0.00252294771563,0.0892816820244,0.0394278115577,1,0.1,30,20,1,8,20,4.68065702765e-06,2.01486937166e-06,4.68065702765e-06,4.67442158382e-06,0.0112767083407,5.43575796191e-07,4.68065702765e-06,2.01486937166e-06,4.68065702765e-06,0.281903089121,0.424902940279,0.281889291896
383,0.0108503037677,0.155952935805,0.0267124554268,0.0751495063026,0.0441899210931,0.0316924630233,0.321355340681,0.0186905456463,0.00720447869616,0.0311391957649,0.194751873303,0.08231098049,1,0.1,30,20,1,8,20,6.71339746031e-06,2.88989747436e-06,6.71339746031e-06,2.18820512426e-06,7.68087514963e-06,3.33894031349e-05,6.71339746031e-06,2.88989747436e-06,6.71339746031e-06,0.285104712137,0.429728637781,0.285090758214
384,0.0471049893128,0.0942127877359,0.00609321938234,0.221154824543,0.0916510269317,0.0593728473522,0.0418848072665,0.134537520836,0.0643811024738,0.027717548708,0.0418615106272,0.17002781483,1,0.1,30,20,1,8,20,6.82463924801e-06,2.93778341635e-06,6.82463924801e-06,1.82668702071e-10,0.00166722967203,0.00114924485442,6.82463924801e-06,2.93778341635e-06,6.82463924801e-06,0.284313840935,0.428536584512,0.28429992572
385,0.0994281614841,0.346880997624,0.0541666740621,0.120079151111,0.136426131209,0.0347845264464,0.0559204921444,0.0382519063759,0.0419314104328,0.00638558751699,0.0536946971195,0.0120502644733,1,0.1,30,20,1,8,20,5.91017763768e-07,2.54413767829e-07,5.91017763768e-07,0.0993600416382,0.0209344480802,0.00176035186229,5.91017763768e-07,2.54413767829e-07,5.91017763768e-07,0.250324480179,0.377305576832,0.25031222851
386,0.0444345343914,0.241695047773,0.00165612844258,0.067428675747,0.0449809451483,0.0945484360432,0.161182888907,0.0719026773554,0.0820381874233,0.120027453349,0.0307909809348,0.0393140444847,1,0.1,30,20,1,8,20,4.88207916271e-06,2.10157499617e-06,4.88207916271e-06,0.0628654318917,0.000272957282492,0.0129487771563,4.88207916271e-06,2.10157499617e-06,4.88207916271e-06,0.263425128355,0.397051738349,0.263412235499
387,0.00361669532892,0.102689390558,0.0297633139521,0.155257952625,0.164965123668,0.0286858611985,0.131758750431,0.192583576389,0.0226194602356,0.100369552188,0.00410874400663,0.0635815794193,1,0.1,30,20,1,8,20,9.48015744921e-07,4.08089692752e-07,9.48015744921e-07,5.40380652577e-09,0.00538850455057,0.000382032999872,9.48015744921e-07,4.08089692752e-07,9.48015744921e-07,0.283479703122,0.42727931695,0.283465828732
388,0.409346796335,0.0179715718522,0.0610109150052,0.0419095552918,0.0235591632588,0.0532009989424,0.0219016134636,0.0114586967677,0.0932540324598,0.0302428691153,0.103484880051,0.132658907457,1,0.1,30,20,1,8,20,2.71198610085e-05,1.16742109039e-05,2.71198610085e-05,2.29196655568e-05,0.000114589371746,2.84121020524e-05,2.71198610085e-05,1.16742109039e-05,2.71198610085e-05,0.285041454821,0.42963329218,0.285027503994
389,0.0588158054064,0.0258100856308,0.058053308057,0.0688496138654,0.278147663285,0.0591789429642,0.0885645467025,0.0904813822341,0.0948580735739,0.0853099706838,0.0535080826219,0.0384225249748,1,0.1,30,20,1,8,20,2.64273444252e-08,1.13761052224e-08,2.64273444252e-08,0.0264897277983,0.00237756752226,0.00235142586923,2.64273444252e-08,1.13761052224e-08,2.64273444252e-08,0.276225034228,0.416344601217,0.276211514904
390,0.0630473950483,0.20034137652,0.0864296764495,0.0864235426694,0.117863693337,0.202434943827,0.0888661227208,0.00479999864426,0.0088528713591,0.0266767782998,0.0337774572406,0.0804861438834,1,0.1,30,20,1,8,20,2.95690298712e-09,1.27284977911e-09,2.95690298712e-09,0.14951415464,0.000811384168608,0.00169844717358,2.95690298712e-09,1.27284977911e-09,2.95690298712e-09,0.241780302436,0.364427228261,0.241768468947
391,0.115499623294,0.0165289881456,0.357344145843,0.0389903657575,0.0587172514787,0.106785776193,0.0437244809906,0.15684177521,0.0135411170075,0.0769322443656,0.0137320930013,0.00136213871329,1,0.1,30,20,1,8,20,4.2687430052e-07,1.83755389166e-07,4.2687430052e-07,0.0334475892888,0.0476045404556,8.34675074668e-06,4.2687430052e-07,1.83755389166e-07,4.2687430052e-07,0.262013281403,0.394923709447,0.262000457647
392,0.352459147942,0.00734334724617,0.0842504312163,0.0569345222559,0.048672796666,0.071721612926,0.0497472110634,0.0502834667439,0.000800763984973,0.157736385561,0.0654630058634,0.0545873085315,1,0.1,30,20,1,8,20,4.00243857219e-09,1.72291856537e-09,4.00243857219e-09,0.0137553124327,0.000610640207809,0.00105091540189,4.00243857219e-09,1.72291856537e-09,4.00243857219e-09,0.280730590034,0.423135672274,0.280716850194
393,0.202955864265,0.140108409869,0.125651060564,0.00150008787707,0.157183443131,0.0337095387155,0.0132508085634,0.148491008786,0.0643007162162,0.0757903007867,0.0279310561999,0.00912770502695,1,0.1,30,20,1,8,20,1.6798982352e-06,7.23141106391e-07,1.6798982352e-06,0.193141352111,1.60352162573e-06,2.11563454949e-06,1.6798982352e-06,7.23141106391e-07,1.6798982352e-06,0.230053273236,0.346751475918,0.230042013704
394,0.468502127705,0.00722797134121,0.00314695355272,0.043766233138,0.00238977087579,0.034510662936,0.000448891650156,0.0523841842866,0.107006939187,0.0206558639557,0.188862870545,0.0710975308272,1,0.1,30,20,1,8,20,7.9579842191e-06,3.42565126402e-06,7.9579842191e-06,6.13694591357e-05,0.00218755114064,4.12018996067e-07,7.9579842191e-06,3.42565126402e-06,7.9579842191e-06,0.284473977296,0.428777952603,0.284460054243
395,0.0207259272349,0.00665844633856,0.148337113769,0.0758540872211,0.0951858127336,0.0633174007857,0.065191930019,0.155989705233,0.210699158584,0.0716112970873,0.00926492040037,0.0771642005935,1,0.1,30,20,1,8,20,4.20084051759e-05,1.80832409726e-05,4.20084051759e-05,0.105797829164,6.74090613712e-05,0.00720145257664,4.20084051759e-05,1.80832409726e-05,4.20084051759e-05,0.252829835121,0.381081813143,0.252817460832
396,0.0171256912357,0.0151974773234,0.0369718800701,0.171873883552,0.328608245777,0.0439906280389,0.14316090283,0.0378906733626,0.12227900997,0.0388639473176,0.0246702118634,0.0193674486586,1,0.1,30,20,1,8,20,8.56700457873e-12,3.68781455906e-12,8.56700457873e-12,0.280222518129,1.27764365044e-06,5.16585588184e-08,8.56700457873e-12,3.68781455906e-12,8.56700457873e-12,0.205227147841,0.309331901308,0.205217103378
397,0.182551070449,0.0679593214588,0.0207457742543,0.0530099611038,0.212935132787,0.0444953477225,0.0328661288535,0.0115967155945,0.149260127166,0.125976477959,0.0645653752621,0.0340385673896,1,0.1,30,20,1,8,20,3.27673806402e-09,1.41052829232e-09,3.27673806402e-09,0.0160210926402,0.00306951630461,4.08817634548e-10,3.27673806402e-09,1.41052829232e-09,3.27673806402e-09,0.279683110585,0.421556842121,0.279669422013
398,0.183075616771,0.0170053282596,0.0361853356143,0.0219775819059,0.0878354383966,0.0464253571568,0.062337218677,0.0403979336111,0.0354337186369,0.0174458106652,0.29035239942,0.161528260886,1,0.1,30,20,1,8,20,2.16142260057e-07,9.304215565e-08,2.16142260057e-07,0.0161282861741,1.55715049735e-07,1.63255308964e-07,2.16142260057e-07,9.304215565e-08,2.16142260057e-07,0.280527361009,0.422829352077,0.280513631116
399,0.0445230962628,0.203160798642,0.146301560679,0.126450968204,0.0308450633705,0.146398165443,0.00863235721084,0.127790721622,0.00495404650363,0.0245660618274,0.128149052565,0.00822810766958,1,0.1,30,20,1,8,20,3.1717777888e-09,1.36534633548e-09,3.1717777888e-09,0.0905346954581,1.11102138397e-05,0.00289760623865,3.1717777888e-09,1.36534633548e-09,3.1717777888e-09,0.258483167458,0.389602888737,0.258470516477
400,0.175302626039,0.00866304511556,0.00104146431739,0.0492788099838,0.00938212807312,0.211815499091,0.0243359842146,0.0176931569632,0.0313250142034,0.189344351226,0.0881661130723,0.193651807701,1,0.1,30,20,1,8,20,2.01199691607e-07,8.66098698989e-08,2.01199691607e-07,0.00750476781353,3.23792858727e-05,0.000319664885638,2.01199691607e-07,8.66098698989e-08,2.01199691607e-07,0.282885887918,0.426384279486,0.282872042592
401,0.207710458526,0.0698998194729,0.0949620633721,0.00694984078534,0.341962925287,0.0164080635333,0.0132896420198,0.0577668702804,0.0213551898081,0.0199672275037,0.107619163761,0.0421087356504,1,0.1,30,20,1,8,20,1.48558647136e-07,6.39496263538e-08,1.48558647136e-07,2.24832214939e-07,0.00649040015572,1.48738035835e-07,1.48558647136e-07,6.39496263538e-08,1.48558647136e-07,0.283275454382,0.42697145977,0.283261589989
402,0.0914433868521,0.0957609862968,0.0375273349666,0.0197939117853,0.0317751772342,0.266108103479,0.101085001692,0.00881047663911,0.106224731392,0.0961931164843,0.100177733429,0.0451000397506,1,0.1,30,20,1,8,20,5.67969073972e-05,2.44492062639e-05,5.67969073972e-05,0.00335627517283,1.38649673837e-08,0.000131633009066,5.67969073972e-05,2.44492062639e-05,5.67969073972e-05,0.284053133017,0.428143628332,0.284039230562
403,0.137521130452,0.0126257018764,0.0553729179263,0.134623563129,0.02256563469,0.0192547891481,0.0017227488109,0.256238271907,0.00172829316214,0.275459428126,0.0270927659327,0.0557947548389,1,0.1,30,20,1,8,20,1.22745905175e-07,5.28380873398e-08,1.22745905175e-07,0.026218835295,0.00068366071266,0.000260651038902,1.22745905175e-07,5.28380873398e-08,1.22745905175e-07,0.277381251788,0.418087328629,0.277367675876
404,0.0679006222993,0.193035168671,0.196443686961,0.0207438668103,0.0831961939948,0.00452837472684,0.0640259325628,0.152784182445,0.116509991087,0.00357983631667,0.0950098873168,0.00224225680774,1,0.1,30,20,1,8,20,1.4734926693e-07,6.34290278311e-08,1.4734926693e-07,1.27466257149e-06,0.0109103556658,0.0105485996872,1.4734926693e-07,6.34290278311e-08,1.4734926693e-07,0.279007269611,0.420538170002,0.278993614116
405,0.178411098025,0.116548139757,0.0130721355665,0.0118260736071,0.1561412976,0.207173962457,0.0452571357015,0.0660862448995,0.133516365425,0.00622059009212,0.00279195013354,0.0629550067357,1,0.1,30,20,1,8,20,1.716529935e-05,7.38909852003e-06,1.716529935e-05,0.00115384822808,0.0311544565686,0.00787919897455,1.716529935e-05,7.38909852003e-06,1.716529935e-05,0.273644043836,0.412454362164,0.273630650834
406,0.0422961459472,0.0209519664228,0.10912352185,0.0426056098685,0.230749767995,0.0997981890615,0.0811717828409,0.193868933984,0.0285120429325,0.0904396507216,0.0514054083999,0.00907697997539,1,0.1,30,20,1,8,20,1.47990232179e-08,6.37049423532e-09,1.47990232179e-08,2.87927614291e-10,0.0053470703421,0.00318887177659,1.47990232179e-08,6.37049423532e-09,1.47990232179e-08,0.282692508287,0.426092804944,0.282678672425
407,0.00183666601192,0.167812616326,0.0969305101577,0.140096759625,0.0319158233635,0.0555109816468,0.208991532915,0.0864022061006,0.0560341469534,0.0754745560098,0.0414103901027,0.0375838107874,1,0.1,30,20,1,8,20,1.67968935466e-05,7.23051190166e-06,1.67968935466e-05,0.0629122740752,5.33195007954e-06,0.001139293569,1.67968935466e-05,7.23051190166e-06,1.67968935466e-05,0.26683876071,0.402196990318,0.26682570078
408,0.0111461268314,0.0573919117156,0.0317739895697,0.0748219393957,0.00880365462564,0.121829918643,0.00195913596976,0.0823480360475,0.10299945936,0.125147858324,0.148384602049,0.233393367469,1,0.1,30,20,1,8,20,1.85037451564e-05,7.96525555204e-06,1.85037451564e-05,0.0115042945498,1.80982081048e-05,8.53171567856e-05,1.85037451564e-05,7.96525555204e-06,1.85037451564e-05,0.281791041108,0.424734054119,0.281777249367
409,0.00528167656254,0.155875790318,0.0913156678837,0.173951024619,0.0802027363811,0.082665811052,0.0994465091175,0.0216876632328,0.0487940785595,0.178659686943,0.0370496571575,0.0250696981734,1,0.1,30,20,1,8,20,1.46172787662e-06,6.29225920829e-07,1.46172787662e-06,0.0659210682795,0.00317680607759,3.71238987576e-05,1.46172787662e-06,6.29225920829e-07,1.46172787662e-06,0.265412115209,0.400046656067,0.265399125104
410,0.206153669058,0.152244311465,0.00599634426799,0.0248277522994,0.0952414000443,0.193111335261,0.087997041625,0.062416686571,0.0225265572029,0.0389683590751,0.0276999351261,0.0828166080037,1,0.1,30,20,1,8,20,2.01944031241e-07,8.69302837044e-08,2.01944031241e-07,0.00439135842073,0.00444983116901,0.0123167122002,2.01944031241e-07,8.69302837044e-08,2.01944031241e-07,0.279093395688,0.420667984908,0.279079735977
411,0.223588278435,0.0042769800814,0.145763156283,0.0478145319946,0.020165774435,0.0218819873104,0.380221506028,0.0398464066239,0.0261291141013,0.0653435860559,0.0101242937939,0.0148443848578,1,0.1,30,20,1,8,20,1.39152662168e-06,5.99006582477e-07,1.39152662168e-06,0.0223372543803,1.32408353617e-06,0.0421414527333,1.39152662168e-06,5.99006582477e-07,1.39152662168e-06,0.266739466278,0.402047327197,0.266726411208
412,0.0061091010508,0.287816591289,0.00266527757809,0.0382303468307,0.082098502694,0.00207649191953,0.23232978257,0.0146501181883,0.0982603073072,0.00997576858174,0.0197856610795,0.206002050912,1,0.1,30,20,1,8,20,9.16215005326e-08,3.94400517103e-08,9.16215005326e-08,1.17387352532e-07,6.16440102954e-08,0.00355521193374,9.16215005326e-08,3.94400517103e-08,9.16215005326e-08,0.284112488271,0.428233092488,0.28409858291
413,0.153145561465,0.174244076774,0.0642777665672,0.0326447758072,0.191158156174,0.0535519247496,0.0899427783485,0.059560310623,0.00185925756396,0.129146464821,0.0232192266318,0.0272497004746,1,0.1,30,20,1,8,20,6.93566821392e-07,2.98557774553e-07,6.93566821392e-07,0.0140594372275,0.00440919503972,1.38697306051e-06,6.93566821392e-07,2.98557774553e-07,6.93566821392e-07,0.279859100451,0.421822105661,0.279845403265
414,0.0822475272032,0.0360238156991,0.0976355928955,0.0195438651744,0.12153816738,0.0137683566879,0.202984849608,0.0277449370177,0.0420852487371,0.114622539547,0.0632867101742,0.178518389876,1,0.1,30,20,1,8,20,1.11521306154e-05,4.80062655155e-06,1.11521306154e-05,3.80366408639e-11,1.67018440945e-06,0.000559978513749,1.11521306154e-05,4.80062655155e-06,1.11521306154e-05,0.284950753418,0.42949658104,0.28493680703
415,0.193027812586,0.010874743465,0.0463602263275,0.0170251371284,0.0381255560557,0.102019446984,0.00445412596499,0.210582776271,0.160017138288,0.139333952672,0.0176246971933,0.0605543870651,1,0.1,30,20,1,8,20,1.37890190837e-05,5.93572057359e-06,1.37890190837e-05,4.03909775042e-06,0.00285942367778,1.61885178612e-05,1.37890190837e-05,5.93572057359e-06,1.37890190837e-05,0.284286175132,0.428494884787,0.28427226127
416,0.186433649412,0.209224650157,0.073409534836,0.0487457841596,0.0266331659566,0.0214226874493,0.0213908761994,0.137446988011,0.0927686490052,0.0236412641825,0.0449723476822,0.113910402949,1,0.1,30,20,1,8,20,1.80329643464e-10,7.76259985021e-11,1.80329643464e-10,0.0282275365169,0.00211331516921,0.00255799308611,1.80329643464e-10,7.76259985021e-11,1.80329643464e-10,0.275746023099,0.415622604032,0.27573252722
417,0.0634611932893,0.00752984383917,0.0306525109351,0.00430020672428,0.0470238384168,0.0811312383284,0.0221219880303,0.00887744270771,0.0384351953537,0.623981456547,0.0248356064439,0.0476494793846,1,0.1,30,20,1,8,20,2.21807625902e-07,9.54809098786e-08,2.21807625902e-07,0.000376402597559,6.55346369462e-05,3.52978337037e-07,2.21807625902e-07,9.54809098786e-08,2.21807625902e-07,0.284999934893,0.429570710604,0.284985986098
418,0.0793370034699,0.171618223244,0.0404010445159,0.1299558631,0.0990022273104,0.0320948909085,0.00713124790403,0.233452917818,0.00735202108294,0.0289803456805,0.14332007944,0.0273541355251,1,0.1,30,20,1,8,20,2.55275579977e-15,1.09887766694e-15,2.55275579977e-15,0.0902070800141,0.00129545052989,1.3738973093e-10,2.55275579977e-15,1.09887766694e-15,2.55275579977e-15,0.259036568236,0.390437010912,0.25902389017
419,0.0627871573404,0.0323101359241,0.0787922747209,0.0168750478432,0.122057578263,0.166680487076,0.0942073723772,0.14075599016,0.00434890592594,0.0145529582568,0.106230668304,0.160401423809,1,0.1,30,20,1,8,20,0.000109274247629,4.70389805018e-05,0.000109274247629,0.0183258593777,0.000382638083466,0.000640757086339,0.000109274247629,4.70389805018e-05,0.000109274247629,0.279457916591,0.42121741487,0.27944423904
420,0.244942602955,0.103886870373,0.00284925901301,0.0120119697949,0.0535945627739,0.00169507646669,0.149927298297,0.0317293181093,0.0448934689772,0.0180564238615,0.0647887039209,0.271624445457,1,0.1,30,20,1,8,20,5.38663361632e-10,2.31876914411e-10,5.38663361632e-10,0.00229128769242,0.000743678551573,0.000611450915738,5.38663361632e-10,2.31876914411e-10,5.38663361632e-10,0.284086660543,0.428194163232,0.284072756447
421,0.098556082297,0.00772933669063,0.0657747760978,0.280884732237,0.157611874103,0.0196140468043,0.00100240488771,0.0317865752152,0.0462677623678,0.0824044184685,0.151663720265,0.0567042705666,1,0.1,30,20,1,8,20,8.24383982645e-06,3.54870272978e-06,8.24383982645e-06,0.0513879604417,0.000482423438021,1.61850811738e-05,8.24383982645e-06,3.54870272978e-06,8.24383982645e-06,0.270320697038,0.407445194545,0.270307466691
422,0.00670071546758,0.043566163902,0.00458806654323,0.274171930512,0.150591529307,0.0287645355413,0.0606751117192,0.119633555966,0.0275815908216,0.0562570553864,0.0774296335568,0.150040111278,1,0.1,30,20,1,8,20,1.92490295622e-07,8.28607605084e-08,1.92490295622e-07,0.0571307957427,0.00041267105657,1.37240313712e-05,1.92490295622e-07,8.28607605084e-08,1.92490295622e-07,0.26871501233,0.405025000585,0.268701860571
423,0.0355713251141,0.0783283115596,0.0274695946464,0.125713201945,0.0232721442177,0.00324576516492,0.0389007620214,0.0451428691021,0.454880426707,0.14597358858,0.0114028324386,0.0100991785027,1,0.1,30,20,1,8,20,6.11163788721e-06,2.63085970984e-06,6.11163788721e-06,0.0481684221861,0.00418051223378,0.000201780652618,6.11163788721e-06,2.63085970984e-06,6.11163788721e-06,0.270134286671,0.407164224537,0.270121065448
424,0.12464715173,0.0639097372722,0.0358093643037,0.126012247945,0.0270785877251,0.0914971084043,0.0772281583158,0.0262927121393,0.0181935882438,0.204741876695,0.136055721248,0.068533745977,1,0.1,30,20,1,8,20,1.52293723662e-07,6.55574543255e-08,1.52293723662e-07,1.84788926447e-09,0.000374071895128,0.0004418695063,1.52293723662e-07,6.55574543255e-08,1.52293723662e-07,0.284893492911,0.429410274224,0.284879549326
425,0.229804459938,0.0555666851291,0.0637124087035,0.0498789155669,0.040977044728,0.212077032572,0.0103396938873,0.0874170096149,0.0785437356263,0.0398239873416,0.0674177107337,0.0644413161582,1,0.1,30,20,1,8,20,3.00871288415e-06,1.29515224093e-06,3.00871288415e-06,0.0379029252159,0.000132791587976,0.00421173670851,3.00871288415e-06,1.29515224093e-06,3.00871288415e-06,0.273076318636,0.411598649275,0.27306295342
426,0.129234953626,0.00439661727135,0.0747748368677,0.0163180440996,0.337761567552,0.00728335743752,0.0993191928519,0.0982590966945,0.0207009480229,0.100748581645,0.00446630871781,0.106736495213,1,0.1,30,20,1,8,20,9.41962819134e-05,4.05484106676e-05,9.41962819134e-05,0.0537359743054,2.65900853127e-08,0.000369302163981,9.41962819134e-05,4.05484106676e-05,9.41962819134e-05,0.269568949073,0.406312110399,0.269555755519
427,0.0913632773497,0.00215543107224,0.138917965402,0.114953842683,0.190346892669,0.0862744444523,0.0887097823146,0.0516832351165,0.000431712456999,0.163062939022,0.0219831976718,0.0501172797907,1,0.1,30,20,1,8,20,1.28288510727e-07,5.52239972876e-08,1.28288510727e-07,0.0877167563164,1.77914215e-07,8.25574670037e-08,1.28288510727e-07,5.52239972876e-08,1.28288510727e-07,0.260115740194,0.392063610107,0.26010300931
428,0.00137159056508,0.176910893078,0.00893958187475,0.0307758170979,0.2570716772,0.267721996078,0.0332078310221,0.118861079622,0.0120972447995,0.00994958651248,0.0244960400366,0.0585966621135,1,0.1,30,20,1,8,20,5.22770181645e-06,2.25035421564e-06,5.22770181645e-06,3.10851617631e-07,5.62977126669e-06,0.0221844326427,5.22770181645e-06,2.25035421564e-06,5.22770181645e-06,0.278792045261,0.420213769658,0.2787784003
429,0.048439109123,0.104975966365,0.0915403605502,0.0784731460618,0.0798124719407,0.0831378391565,0.194611794856,0.0199231175623,0.0578203777215,0.195845736553,0.0099905887208,0.0354294913894,1,0.1,30,20,1,8,20,1.61071072894e-05,6.93358153604e-06,1.61071072894e-05,7.14488604273e-05,0.00194315070749,0.000875211730681,1.61071072894e-05,6.93358153604e-06,1.61071072894e-05,0.284280065421,0.428485675828,0.284266151859
430,0.131980082612,0.0598376340918,0.00694851721131,0.00798251654647,0.0607446626611,0.207992826764,0.0539865809389,0.0804199368149,0.101752674171,0.0718997753359,0.104633345582,0.111821447271,1,0.1,30,20,1,8,20,1.69864374344e-05,7.31210433022e-06,1.69864374344e-05,2.24379260525e-05,0.000450263249109,0.00143875975474,1.69864374344e-05,7.31210433022e-06,1.69864374344e-05,0.284557800158,0.428904295952,0.284543873002
431,0.113765840393,0.0258625083891,0.154009669157,0.0226770496995,0.0730468768639,0.147939897813,0.0834305184225,0.206200541885,0.112488179679,0.0363780534298,0.00764929232083,0.0165515719475,1,0.1,30,20,1,8,20,3.43580194176e-05,1.47900007598e-05,3.43580194176e-05,0.0537303975547,0.0316803078863,0.00907340657183,3.43580194176e-05,1.47900007598e-05,3.43580194176e-05,0.258138821287,0.389083867462,0.258126187159
432,0.0360060403934,0.127013094328,0.0658841321745,0.0595725386334,0.0899694981439,0.0509454642924,0.00332463681611,0.189984657798,0.0748278159772,0.052767706819,0.229465748631,0.0202386659926,1,0.1,30,20,1,8,20,1.11017809861e-05,4.77895268713e-06,1.11017809861e-05,0.0118905996274,4.47088738589e-05,0.00111122240117,1.11017809861e-05,4.77895268713e-06,1.11017809861e-05,0.281391054308,0.424131167617,0.281377282143
433,0.0167079508057,0.093074327541,0.312001655765,0.0501230851233,0.106814832848,0.050567355239,0.0545292051383,0.11127069445,0.0561601865112,0.00276468894914,0.0193208821767,0.126665135453,1,0.1,30,20,1,8,20,2.78260572325e-05,1.19782052222e-05,2.78260572325e-05,0.0302663687528,0.00192967975199,7.39137837471e-07,2.78260572325e-05,1.19782052222e-05,2.78260572325e-05,0.275907631964,0.415866191578,0.275894128175
434,0.0168145888668,0.0176506205149,0.0873901703538,0.0281596245488,0.00223535453324,0.0361040817989,0.101099227349,0.402571551605,0.0241400395616,0.056637134925,0.0850838561854,0.142113749757,1,0.1,30,20,1,8,20,2.72040251053e-07,1.17104407879e-07,2.72040251053e-07,0.0389352179633,0.00210915882759,0.000315827644334,2.72040251053e-07,1.17104407879e-07,2.72040251053e-07,0.273333089702,0.411985671573,0.27331971192
435,0.114569197999,0.141009922252,0.00981714744095,0.0595525346269,0.0106892835143,0.0468346934096,0.0254988054229,0.212620921835,0.0608308861737,0.0784255598872,0.175132791622,0.0650182558164,1,0.1,30,20,1,8,20,1.59795024134e-05,6.87865182109e-06,1.59795024134e-05,1.40288662105e-05,6.84708591265e-06,7.17861406774e-06,1.59795024134e-05,6.87865182109e-06,1.59795024134e-05,0.285096204534,0.42971581456,0.285082251027
436,0.00551050088599,0.0590695074718,0.0467252827109,0.00563137611378,0.138103450341,0.11055285215,0.0781505470864,0.254531921486,0.0399605304874,0.0938275678098,0.0643495416111,0.103586921846,1,0.1,30,20,1,8,20,8.52355729169e-06,3.66911192663e-06,8.52355729169e-06,2.74763096094e-07,0.00243333608948,6.39924326261e-06,8.52355729169e-06,3.66911192663e-06,8.52355729169e-06,0.284418826249,0.428694825306,0.284404905896
437,0.0808511433813,0.116691732523,0.0372330152999,0.0733982926634,0.183134187755,0.142922396231,0.0151035754625,0.00533357416294,0.114450727989,0.191956135942,0.0387275837441,0.000197634845379,1,0.1,30,20,1,8,20,3.68724299487e-07,1.58723720459e-07,3.68724299487e-07,0.0309292993869,0.0020623381172,0.000678624136972,3.68724299487e-07,1.58723720459e-07,3.68724299487e-07,0.275525561028,0.415290309048,0.275512075939
438,0.0303661060407,0.061298402542,0.132440080797,0.0134389224166,0.403647771445,0.0684983161842,0.0220321839938,0.0032945018715,0.0193178600949,0.066971657343,0.0753879749426,0.103306222329,1,0.1,30,20,1,8,20,5.7287135098e-07,2.46602332145e-07,5.7287135098e-07,1.82751519128e-05,0.0028971347633,6.27064178403e-07,5.7287135098e-07,2.46602332145e-07,5.7287135098e-07,0.284294117937,0.428506856707,0.284280203687
439,0.0440800579727,0.228401672495,0.0750313133897,0.0366300561033,0.00176301459794,0.033878727211,0.0149553440674,0.0361056334487,0.0994657097756,0.284092891399,0.0962839193554,0.0493116601845,1,0.1,30,20,1,8,20,1.24438525771e-08,5.35667050051e-09,1.24438525771e-08,0.0221497303555,5.75014844117e-08,1.21610914098e-05,1.24438525771e-08,5.35667050051e-09,1.24438525771e-08,0.278807378029,0.420236880217,0.278793732317
440,0.0722644404047,0.0344097644074,0.130362322317,0.0578618863353,0.12809943727,0.0160725419547,0.107812875425,0.0391802635185,0.0836489309001,0.0251764098897,0.158641846832,0.146469280747,1,0.1,30,20,1,8,20,1.1514892205e-09,4.95678352094e-10,1.1514892205e-09,0.0500938913887,2.34450478669e-05,0.000228537704097,1.1514892205e-09,4.95678352094e-10,1.1514892205e-09,0.270771413935,0.408124544797,0.270758161529
441,0.0201925936221,0.27962118522,0.0605232437382,0.0106507483435,0.266273632321,0.0901558130613,0.00729713967971,0.0104671561358,0.0711017838352,0.104612644027,0.0449026360061,0.0342014240094,1,0.1,30,20,1,8,20,2.01855088024e-06,8.68919965662e-07,2.01855088024e-06,0.12567595056,5.11333060563e-05,1.26229053409e-05,2.01855088024e-06,8.68919965662e-07,2.01855088024e-06,0.24927184948,0.375718982375,0.24925964933
442,0.0448660492198,0.375151648342,0.0129484452604,0.058584454528,0.0913287849782,0.0832281682579,0.0622000879814,0.0307702925246,0.0806072836285,0.0931089696834,0.0368087919955,0.0303970236,1,0.1,30,20,1,8,20,1.92774325331e-05,8.2983025985e-06,1.92774325331e-05,0.0676529372204,0.00070042264052,1.03216548981e-05,1.92774325331e-05,8.2983025985e-06,1.92774325331e-05,0.265607345718,0.400340920374,0.265594346057
443,0.000286153359373,0.00474261187159,0.0274487924052,0.386160270018,0.0284674808849,0.142466912569,0.0463397464533,0.00706693231038,0.184094780532,0.0725133762697,0.0426793407586,0.0577336025678,1,0.1,30,20,1,8,20,4.23952503243e-06,1.82497651244e-06,4.23952503243e-06,0.114756973982,2.39955078024e-05,0.00119779075468,4.23952503243e-06,1.82497651244e-06,4.23952503243e-06,0.252051874318,0.379909219279,0.252039538105
444,0.186159837052,0.0482944201036,0.100972877905,0.0449951643157,0.0542598406251,0.0378704350265,0.0664914162176,0.0101213703256,0.0523566303139,0.0214242341266,0.154840729557,0.222213044431,1,0.1,30,20,1,8,20,5.53521622458e-08,2.38272908494e-08,5.53521622458e-08,0.0163484683363,0.000237361422003,1.90708161574e-09,5.53521622458e-08,2.38272908494e-08,5.53521622458e-08,0.280397216532,0.422633189731,0.280383493008
445,0.0141540986941,0.34787702863,0.00366912324899,0.0281161750264,0.088719592189,0.219941634259,0.0377054467163,0.073455300944,0.0498155158495,0.0430228943779,0.00168742273775,0.0918357673266,1,0.1,30,20,1,8,20,6.47633648551e-10,2.78785049794e-10,6.47633648551e-10,6.79187533721e-05,0.0107737372159,4.09387559824e-10,6.47633648551e-10,2.78785049794e-10,6.47633648551e-10,0.28203510809,0.425101927981,0.282021304403
446,0.0485766888713,0.120545198513,0.00961467275005,0.0208626427489,0.00955034397866,0.220304718395,0.178833880736,0.139722687591,0.00359040805002,0.203791170079,0.0113984043163,0.033209183971,1,0.1,30,20,1,8,20,6.14355677625e-05,2.64459974495e-05,6.14355677625e-05,4.56383458549e-05,4.18880221347e-05,0.000444093815221,6.14355677625e-05,2.64459974495e-05,6.14355677625e-05,0.284889623487,0.429404441973,0.284875680091
447,0.0480552684636,6.73042709879e-05,0.00425736526795,0.00352203348862,0.415848717326,0.0208270643113,0.0820311349453,0.125968890511,0.0628580482171,0.152798753658,0.0197447577498,0.0640206617904,1,0.1,30,20,1,8,20,3.1549566746e-05,1.35810539739e-05,3.1549566746e-05,0.0237725325778,0.00198024012955,0.00356482170453,3.1549566746e-05,1.35810539739e-05,3.1549566746e-05,0.276723405112,0.417095778704,0.276709861397
448,0.169254905908,0.0496870430763,0.152665996035,0.048627715509,0.00564223403576,0.121512170847,0.168092928513,0.00193349444542,0.0249214185686,0.0125648587525,0.149969149441,0.0951280848688,1,0.1,30,20,1,8,20,1.45910512745e-05,6.2809691331e-06,1.45910512745e-05,1.12748926592e-07,0.000956441135135,4.69068349013e-05,1.45910512745e-05,6.2809691331e-06,1.45910512745e-05,0.284820014903,0.429299523321,0.284806074914
449,0.0611279260074,0.0638947217224,0.0961788831834,0.0855325075264,0.0478306406167,0.0553687957747,0.0387704613168,0.0181281043499,0.194683794246,0.0561009079149,0.0647208218431,0.217662435498,1,0.1,30,20,1,8,20,9.59811118962e-05,4.13167214506e-05,9.59811118962e-05,0.0231425375071,1.23583769034e-05,0.000332157039546,9.59811118962e-05,4.13167214506e-05,9.59811118962e-05,0.278296545266,0.419466919364,0.278282924556
450,0.0388775545879,0.0538668394346,0.00524730195661,0.146530122677,0.236376202442,0.0297063845671,0.0818758430415,0.133125415958,0.0461917985773,0.0778995641727,0.0661537564811,0.0841492161049,1,0.1,30,20,1,8,20,0.000122118060768,5.25678209094e-05,0.000122118060768,0.000259790381841,0.000470926125664,0.000152117463806,0.000122118060768,5.25678209094e-05,0.000122118060768,0.28470537843,0.429126735663,0.284691444051
451,0.0175252869229,0.00697892946428,0.167813540284,0.0103719807978,0.0324213431904,0.120641260794,0.00385495566296,0.13127561768,0.18355589313,0.0504353774686,0.0476247749441,0.22750103966,1,0.1,30,20,1,8,20,8.51247860775e-12,3.66434291646e-12,8.51247860775e-12,0.0638651692465,7.39856745422e-05,7.50395481777e-07,8.51247860775e-12,3.66434291646e-12,8.51247860775e-12,0.266895399016,0.402282359311,0.266882336314
452,0.0271117442815,0.0170459370999,0.223593778927,0.0432096684315,0.0150043408047,0.0137961442599,0.0561848181802,0.0482178010729,0.280482135752,0.0634293121203,0.151028930672,0.0608953883987,1,0.1,30,20,1,8,20,2.04540136832e-05,8.8047822035e-06,2.04540136832e-05,0.0109002926761,3.61148006407e-05,2.80788735025e-05,2.04540136832e-05,8.8047822035e-06,2.04540136832e-05,0.281971738062,0.425006412492,0.281957937476
453,0.0677874087411,0.263416220979,0.00288869323485,0.067409606274,0.0550065758273,0.0583824152657,0.152207680425,0.0883168958578,0.0247801629506,0.159058081717,0.0266150951248,0.0341311636022,1,0.1,30,20,1,8,20,5.30779352502e-05,2.28483106997e-05,5.30779352502e-05,7.05139948237e-05,4.32605305829e-06,0.000514216786708,5.30779352502e-05,2.28483106997e-05,5.30779352502e-05,0.2848848303,0.429397217365,0.284870887138
454,0.0297670634424,0.0426938902753,0.0792486750366,0.0825409236549,0.0404432958297,0.109040466742,0.0446274785643,0.00961230126258,0.0199570915544,0.0687191522193,0.187183141862,0.286166519557,1,0.1,30,20,1,8,20,2.6855709504e-06,1.15605023427e-06,2.6855709504e-06,5.53694272206e-06,0.000422224436762,4.32180312175e-05,2.6855709504e-06,1.15605023427e-06,2.6855709504e-06,0.284988340119,0.429553234195,0.284974391891
455,0.0176240127777,0.0711138761251,0.0227001070852,0.220433210582,0.114047299919,0.0273398553025,0.278659193914,0.0400440119632,0.119104979205,0.00543655810214,0.0391078908203,0.0443890042041,1,0.1,30,20,1,8,20,9.2862427393e-09,3.99742300337e-09,9.2862427393e-09,0.157232763387,0.00202187548506,0.00533847556162,9.2862427393e-09,3.99742300337e-09,9.2862427393e-09,0.238196503935,0.359025490645,0.238184845847
456,0.1018388936,0.0169500639396,0.0865473655439,0.11004528339,0.140701839258,0.0648302853444,0.0496019286744,0.0881135834118,0.176143849255,0.00535591859451,0.0352560248367,0.124614964152,1,0.1,30,20,1,8,20,9.83461689594e-05,4.23348009662e-05,9.83461689594e-05,1.06375478305e-05,0.000134486200542,0.00016450217031,9.83461689594e-05,4.23348009662e-05,9.83461689594e-05,0.284901762528,0.429422738737,0.284887818538
457,0.174825831779,0.0906988163078,0.0445503543954,0.178454727382,0.00499327182099,0.324519478122,0.00499587335783,0.0583129715542,0.0216543964899,0.0187370390716,0.00870566353454,0.0695515761848,1,0.1,30,20,1,8,20,0.000659452428323,0.000283872646948,0.000659452428323,0.000545122076463,0.000175064128873,0.00110453725881,0.000659452428323,0.000283872646948,0.000659452428323,0.283692085964,0.427599434386,0.283678201179
458,0.0102331634347,0.100763410159,0.00583904361779,0.15650025803,0.0274012449477,0.154436326365,0.141293095491,0.115181988476,0.00976417421316,0.0711964281848,0.166913904844,0.0404769622359,1,0.1,30,20,1,8,20,9.50053350629e-07,4.08966815196e-07,9.50053350629e-07,1.00571124424e-07,0.000186218144245,0.00140891925991,9.50053350629e-07,4.08966815196e-07,9.50053350629e-07,0.28467018977,0.429073696993,0.284656257114
459,0.225725910409,0.0620442677239,0.0364668154228,0.0368731002916,0.0930469844391,0.0574764432641,0.0940645729001,0.0995868198074,0.0762620863508,0.0787928091816,0.131364764941,0.00829542526791,1,0.1,30,20,1,8,20,7.50853645195e-05,3.23217873766e-05,7.50853645195e-05,4.66303718218e-05,0.000560848097903,2.23889016773e-06,7.50853645195e-05,3.23217873766e-05,7.50853645195e-05,0.284848437572,0.429342363844,0.284834496192
460,0.0968600064891,0.0114623762158,0.191265352341,0.180455023628,0.0737352060724,0.00751316434234,0.218493060859,0.0211789784184,0.0647909515486,0.072272715314,0.01095738799,0.0510157767814,1,0.1,30,20,1,8,20,1.60166592486e-07,6.89464662028e-08,1.60166592486e-07,0.142410748388,0.00106970921916,0.00485154335884,1.60166592486e-07,6.89464662028e-08,1.60166592486e-07,0.242832766762,0.366013571951,0.242820881761
461,0.0883460473184,0.0291718657473,0.14365623624,0.00764843237213,0.0122875232188,0.338723079642,0.0158579872317,0.0506358535739,0.0212453358105,0.0553418527358,0.124434216337,0.112651569773,1,0.1,30,20,1,8,20,9.10966740435e-08,3.92141311158e-08,9.10966740435e-08,1.02207414773e-09,0.00156758878143,1.40474158393e-07,9.10966740435e-08,3.92141311158e-08,9.10966740435e-08,0.284679223437,0.429087313132,0.284665290339
462,0.132284508773,0.166963656447,0.0891115307008,0.0225760583006,0.147192643929,0.0541605759178,0.0417498684079,0.0141912773431,0.0394143109846,0.092925763421,0.0102881270309,0.189141678744,1,0.1,30,20,1,8,20,9.94800239265e-15,4.28228883504e-15,9.94800239265e-15,0.0186125364164,0.00163791356682,3.51228215686e-12,9.94800239265e-15,4.28228883504e-15,9.94800239265e-15,0.279352413999,0.421058394402,0.279338741612
463,0.211076827171,0.0679938218411,0.105774268591,0.0345187517548,0.0950127583207,0.19597993784,0.106776540725,0.0908591751722,0.013687517076,0.0152534630291,0.00256067612938,0.0605062623504,1,0.1,30,20,1,8,20,2.67316643419e-05,1.15071049679e-05,2.67316643419e-05,0.156983257225,0.022378376656,1.58279235543e-06,2.67316643419e-05,1.15071049679e-05,2.67316643419e-05,0.233948121886,0.352622048846,0.233936671727
464,0.137432524095,0.0292446813693,0.0767635903719,0.00452441929282,0.0336929923893,0.161787630691,0.0193593148833,0.0627005394294,0.070647699294,7.8378002472e-05,0.219069171815,0.184699058367,1,0.1,30,20,1,8,20,1.81629248466e-06,7.81854358415e-07,1.81629248466e-06,0.000664953653954,2.11313434886e-06,0.000355154660258,1.81629248466e-06,7.81854358415e-07,1.81629248466e-06,0.284832371291,0.429318147685,0.284818430697
465,0.0584512879209,0.0185520633958,0.111991005713,0.27926192041,0.00634367085621,0.0714551748547,0.00151713593714,0.0162471523764,0.182777230088,0.00103590824823,0.231427870416,0.0209395797834,1,0.1,30,20,1,8,20,1.51678254688e-08,6.52925151131e-09,1.51678254688e-08,0.059746067373,0.000685082402543,0.000224882483197,1.51678254688e-08,6.52925151131e-09,1.51678254688e-08,0.267831696748,0.403693609044,0.26781858822
466,0.0189184427323,0.271358281335,0.0697079454908,0.137022649003,0.0416365798723,0.0103334983975,0.128573889017,0.0131645420078,0.140668231293,0.0168577013355,0.0425307084352,0.10922753108,1,0.1,30,20,1,8,20,1.58462595213e-07,6.82129512507e-08,1.58462595213e-07,7.50935851378e-05,1.73904427466e-07,0.00730322858605,1.58462595213e-07,6.82129512507e-08,1.58462595213e-07,0.283022327621,0.426589930411,0.283008475617
467,0.0156970885925,0.0650737181766,0.00751618251976,0.0486245009004,0.0353581971646,0.260178905359,0.0096481520298,0.0322680674052,0.305735317187,0.0348109330019,0.17639337867,0.00869555899376,1,0.1,30,20,1,8,20,4.89183181395e-06,2.10577319274e-06,4.89183181395e-06,7.41736082893e-06,5.81961201557e-06,0.00317669911189,4.89183181395e-06,2.10577319274e-06,4.89183181395e-06,0.284210036089,0.428380122998,0.284196125955
468,0.060795537082,0.173740582087,0.0246489195489,0.0828090439863,0.166494913794,0.183741494625,0.0758721338365,0.106004009873,0.0204430721936,0.0714800529796,0.0194063047527,0.0145639352419,1,0.1,30,20,1,8,20,5.77601341263e-09,2.48638437866e-09,5.77601341263e-09,0.226119501881,0.000570383227533,1.39512153585e-07,5.77601341263e-09,2.48638437866e-09,5.77601341263e-09,0.220491043395,0.332338652038,0.220480251869
469,0.148223301077,0.0121823941703,0.0861739447497,0.210454375009,0.00705322065798,0.126144384393,0.0528571927949,0.0502986684706,0.131541760304,0.0889786743379,0.0312489111875,0.0548431728476,1,0.1,30,20,1,8,20,4.12818576046e-05,1.77704860667e-05,4.12818576046e-05,0.0111995387087,0.000564914822339,0.0104248738271,4.12818576046e-05,1.77704860667e-05,4.12818576046e-05,0.27874237312,0.420138900529,0.27872873059
470,0.110558368289,0.113453003596,0.0176633788605,0.0533473860602,0.0370060676878,0.117710392601,0.0120749671914,0.0248174456692,0.0628439598309,0.144412810637,0.291632047612,0.0144801719644,1,0.1,30,20,1,8,20,1.51937481346e-06,6.54041036896e-07,1.51937481346e-06,5.81461927792e-09,0.000395500389555,0.000240252680429,1.51937481346e-06,6.54041036896e-07,1.51937481346e-06,0.284942973474,0.429484854594,0.284929027467
471,0.0289392660755,0.177396286658,0.34588056975,0.00032856306914,0.0307285841788,0.190185678699,0.0688679928024,0.0429739276226,0.0130479469511,0.00962234023386,0.0270593569721,0.0649694869878,1,0.1,30,20,1,8,20,7.22040541207e-05,3.1081477728e-05,7.22040541207e-05,0.000535310020313,3.64883946521e-10,0.0165151084885,7.22040541207e-05,3.1081477728e-05,7.22040541207e-05,0.280164753783,0.422282806534,0.280151041637
472,0.0457312761653,0.0848889406616,0.16389001174,0.0359450488055,0.194650631316,0.00354623366025,0.00224554122668,0.0325222107805,0.00438799501882,0.170013890838,0.113770470504,0.148407749284,1,0.1,30,20,1,8,20,6.76051152217e-11,2.91017853312e-11,6.76051152217e-11,0.00802259031915,0.000723053928235,2.34972608264e-10,6.76051152217e-11,2.91017853312e-11,6.76051152217e-11,0.282632737117,0.426002713892,0.28261890418
473,0.114252964427,0.284905335508,0.00912582010902,0.211755359087,0.0123993695125,0.0753346630955,0.039614083098,0.0205891822853,0.0767026874801,0.0697689948793,0.00968827531919,0.075863265199,1,0.1,30,20,1,8,20,5.83251222567e-06,2.51070526508e-06,5.83251222567e-06,0.126488805452,2.35698908926e-05,4.7291219396e-06,5.83251222567e-06,2.51070526508e-06,5.83251222567e-06,0.249044906837,0.375376919445,0.249032717794
474,0.0446014306586,0.146614705918,0.185734948631,0.0399782783594,0.0573345905459,0.1958906156,0.0968326951021,0.0631981731647,0.0819946579628,0.00842335371256,0.0502762532542,0.0291202970902,1,0.1,30,20,1,8,20,4.63938428764e-05,1.99710281042e-05,4.63938428764e-05,0.20521834688,5.09569838247e-05,0.000491575436288,4.63938428764e-05,1.99710281042e-05,4.63938428764e-05,0.226394201273,0.341236281172,0.226383120827
475,0.0153625008848,0.00774081426898,0.124477679733,0.0218315158094,0.0186319400539,0.178073059626,0.0196962272752,0.034322181451,0.0423401309299,0.251889664487,0.125222147655,0.160412137826,1,0.1,30,20,1,8,20,3.11054783582e-08,1.33898884846e-08,3.11054783582e-08,0.0280793942232,7.54851135294e-07,2.36677548336e-06,3.11054783582e-08,1.33898884846e-08,3.11054783582e-08,0.277119242528,0.417692410981,0.277105679439
476,0.0933487906378,0.0104520447422,0.283921692153,0.053707192043,0.36414473182,0.0543209639704,0.00314802422856,0.0109841178154,0.00501338702155,0.0338879915952,0.0837968049848,0.00327425898835,1,0.1,30,20,1,8,20,7.25570901729e-06,3.12334481725e-06,7.25570901729e-06,0.0690665569,0.00563034251873,6.66615776356e-06,7.25570901729e-06,3.12334481725e-06,7.25570901729e-06,0.263816339585,0.397641397732,0.263803427582
477,0.286457119426,0.0757091833875,0.0448942134323,0.0184313773271,0.0513063431448,0.173245508074,0.0541495222571,0.00280541642964,0.00508922091448,0.141905633486,0.0546261374532,0.0913803246684,1,0.1,30,20,1,8,20,1.36199122728e-05,5.8629256365e-06,1.36199122728e-05,1.31238055174e-05,0.0020476930228,2.65368525004e-06,1.36199122728e-05,5.8629256365e-06,1.36199122728e-05,0.284519124158,0.428846000933,0.284505198895
478,0.161338392306,0.197002696852,0.0451597966043,0.0160894243438,0.0395966917551,0.143013722998,0.056074487628,0.0211753447398,0.105481522837,0.0100938617615,0.154457880796,0.0505161773778,1,0.1,30,20,1,8,20,8.50478764532e-09,3.66103220932e-09,8.50478764532e-09,0.0145371993298,0.00182602956116,0.00187584753248,8.50478764532e-09,3.66103220932e-09,8.50478764532e-09,0.279925897816,0.421922787058,0.279912197361
479,0.0432168456779,0.0393967998253,0.169865806935,0.0708384816341,0.293172455682,0.00559945267635,0.0520682766696,0.0426875421906,0.0577854661725,0.0537923717709,0.0916088268259,0.0799676739391,1,0.1,30,20,1,8,20,1.73902249986e-07,7.48592163642e-08,1.73902249986e-07,0.00425135861442,2.53662811127e-07,0.00802591272613,1.73902249986e-07,7.48592163642e-08,1.73902249986e-07,0.281625463981,0.424484485345,0.281611680343
480,0.0791661213011,0.0527620766523,0.0751530236269,0.019421575505,0.1138984708,0.00761350811748,0.114897335922,0.051351770979,0.0869356148853,0.161681912616,0.0267574225175,0.210361167078,1,0.1,30,20,1,8,20,9.65140007247e-07,4.15461126179e-07,9.65140007247e-07,4.2049840439e-07,1.96158236345e-06,0.000511844073181,9.65140007247e-07,4.15461126179e-07,9.65140007247e-07,0.284978393816,0.429538242472,0.284964446076
481,0.133872196514,0.0390145101977,0.0480357967731,0.117417391141,0.0663655433238,0.0477642994321,0.0384014338277,0.117693866266,0.13884954111,0.0490178481377,0.195276535826,0.00829103745071,1,0.1,30,20,1,8,20,1.48750292126e-08,6.4032123238e-09,1.48750292126e-08,0.0916009703008,2.77605396741e-06,7.40406493698e-06,1.48750292126e-08,6.4032123238e-09,1.48750292126e-08,0.25900557727,0.390390299283,0.258992900721
482,0.038011108881,0.261656254343,0.1540102327,0.0648907155466,0.0249311204577,0.0197675204352,0.0861896565431,0.0203500247297,0.0328074717679,0.0558469615798,0.0974073717823,0.144131561234,1,0.1,30,20,1,8,20,1.04008452529e-06,4.47722283767e-07,1.04008452529e-06,0.0210955625017,7.56268562194e-05,0.000774379813395,1.04008452529e-06,4.47722283767e-07,1.04008452529e-06,0.278867649315,0.420327725077,0.278854000654
483,0.0284771386297,0.130121175041,0.019515242492,0.0791173234232,0.0317563742509,0.106076935403,0.0736626523966,0.00859704152022,0.397648606372,0.0564989723298,0.0169722965823,0.0515562415599,1,0.1,30,20,1,8,20,5.60850127941e-06,2.41427589803e-06,5.60850127941e-06,0.0192350957128,0.0118528558193,0.00208429552267,5.60850127941e-06,2.41427589803e-06,5.60850127941e-06,0.275660295881,0.41549339031,0.275646804197
484,0.068894786612,0.217109363016,0.104212903386,0.0734296232102,0.035551431042,0.074612299059,0.071950271266,0.0295106968248,0.031074596039,0.268716614764,0.0144356327486,0.0105017820324,1,0.1,30,20,1,8,20,1.45971542022e-07,6.28359624338e-08,1.45971542022e-07,5.01559030047e-10,0.00126312751397,8.58896255339e-10,1.45971542022e-07,6.28359624338e-08,1.45971542022e-07,0.284765997268,0.429218104377,0.284752059923
485,0.048655542215,0.0603946994967,0.0322398089171,0.14512526851,0.010873562288,0.109062464071,0.0716673874126,0.110937534276,0.0968693181111,0.171439549519,0.019856011838,0.122878853345,1,0.1,30,20,1,8,20,0.000294686263758,0.000126852773785,0.000294686263758,0.00649983533073,0.000290200465599,0.00162477590175,0.000294686263758,0.000126852773785,0.000294686263758,0.282318636942,0.425529281379,0.282304819378
486,0.194362648596,0.0117940357454,0.0296119211531,0.0347549352917,0.00146066714575,0.0633893857791,0.0666452446742,0.0552226378352,0.239623376176,0.0951414047446,0.195362550717,0.0126311921423,1,0.1,30,20,1,8,20,1.82782263252e-06,7.86817708995e-07,1.82782263252e-06,2.1859361908e-11,2.34949811316e-07,0.000505546566767,1.82782263252e-06,7.86817708995e-07,1.82782263252e-06,0.284979605937,0.429540069461,0.284965658138
487,0.0246961922473,0.128079381367,0.00726102245457,0.098564878973,0.0960352956605,0.058298383157,0.045561039208,0.161991943367,0.047275192646,0.0774731065328,0.119239551023,0.135524013363,1,0.1,30,20,1,8,20,4.04288785036e-11,1.74033065329e-11,4.04288785036e-11,0.059193455591,1.16272934344e-10,0.000122582537411,4.04288785036e-11,1.74033065329e-11,4.04288785036e-11,0.268213785317,0.404269518152,0.268200658089
488,0.135556392322,0.249991464403,0.0364589425349,0.041436151211,0.0326493386444,0.00376006953194,0.0491480440063,0.0176771882182,0.0854025420673,0.0839473730226,0.103450560554,0.160521933485,1,0.1,30,20,1,8,20,7.55795755689e-10,3.25345290281e-10,7.55795755689e-10,0.0455365254769,1.60946785958e-09,5.34999880111e-07,7.55795755689e-10,3.25345290281e-10,7.55795755689e-10,0.272142533517,0.410191186719,0.272129214004
489,0.0104404216947,0.0183228430941,0.062394423525,0.0854728308826,0.0473106287979,0.162469950212,0.005468655942,0.169803361182,0.2555946125,0.146235039314,0.00960786800808,0.0268793648478,1,0.1,30,20,1,8,20,1.70959015128e-07,7.35922502666e-08,1.70959015128e-07,0.0136402136187,0.0122995255966,5.00713697458e-07,1.70959015128e-07,7.35922502666e-08,1.70959015128e-07,0.27772986801,0.418612786006,0.277716275035
490,0.127642976377,0.192892009168,0.0723213120312,0.0183655611825,0.0994740957063,0.0785985300004,0.183002753295,0.0650521196203,0.0539353734525,0.0249627255953,0.035112407614,0.0486401359575,1,0.1,30,20,1,8,20,1.38318148105e-06,5.95414273072e-07,1.38318148105e-06,4.98619210528e-05,0.00773445556537,0.0102219182697,1.38318148105e-06,5.95414273072e-07,1.38318148105e-06,0.279990381551,0.422019981199,0.27997667794
491,0.0974932427894,0.0638284900031,0.171225371235,0.1629818688,0.077517242893,0.0203034220125,0.0591963653135,0.0903208024337,0.0751584147237,0.0145412741067,0.0790564668733,0.0883770388161,1,0.1,30,20,1,8,20,6.35286207582e-05,2.73469881329e-05,6.35286207582e-05,0.0797057698044,0.00028636405652,0.000287974199472,6.35286207582e-05,2.73469881329e-05,6.35286207582e-05,0.262148327217,0.395127259411,0.262135496852
492,0.0707455785473,0.257739717143,0.0143154894223,0.033910147134,0.23593163897,0.00605132060106,0.0555818957365,0.142103141713,0.0540913784535,0.00936776107002,0.119607282235,0.000554648974977,1,0.1,30,20,1,8,20,1.40873156802e-06,6.06412747725e-07,1.40873156802e-06,0.0461346352531,1.28151492692e-06,0.00739476324249,1.40873156802e-06,6.06412747725e-07,1.40873156802e-06,0.269861390981,0.406752898143,0.269848183114
493,0.007291632976,0.11247037195,0.0452048709837,0.0899212893811,0.22718892337,0.0828904417109,0.13864150253,0.0861845620322,0.0049926166224,0.0137588720433,0.0815782777124,0.109876638688,1,0.1,30,20,1,8,20,8.02009753466e-06,3.45238900967e-06,8.02009753466e-06,0.0287350662854,0.00257347666268,9.07643443379e-05,8.02009753466e-06,3.45238900967e-06,8.02009753466e-06,0.2761624653,0.4162502932,0.276148949039
494,0.0112566001651,0.0391926530378,0.0218476651447,0.0945633249685,0.00997525467451,0.13142123699,0.107396644911,0.111611532827,0.392588039375,0.0103947773489,0.0450681874515,0.0246840831058,1,0.1,30,20,1,8,20,7.63135959176e-07,3.28505007197e-07,7.63135959176e-07,0.193062463358,0.000550934342156,0.0129822915282,7.63135959176e-07,3.28505007197e-07,7.63135959176e-07,0.226219418234,0.340972836641,0.226208346343
495,0.0345196917142,0.157636531809,0.0476118586918,0.112229967038,0.356611584921,0.00597973266571,0.0285350502758,0.00907899516108,0.0437299665811,0.111954734878,0.0722416269722,0.0198702592908,1,0.1,30,20,1,8,20,1.55165058141e-05,6.67934696675e-06,1.55165058141e-05,2.32726236787e-10,0.00383133517595,1.7931736957e-10,1.55165058141e-05,6.67934696675e-06,1.55165058141e-05,0.284012430599,0.428082278961,0.283998530135
496,0.102404054003,0.0773546676828,0.0111294953722,0.0320489208843,0.00735111793589,0.0322007408175,0.0528347951225,0.141383126891,0.191885716684,0.134098859227,0.136224207893,0.0810842974864,1,0.1,30,20,1,8,20,1.08097650791e-05,4.65324941435e-06,1.08097650791e-05,0.00605618624316,2.42895706421e-05,1.13145957326e-05,1.08097650791e-05,4.65324941435e-06,1.08097650791e-05,0.283374438815,0.42712065564,0.283360569577
497,0.0763411881032,0.111249773517,0.0353628636542,0.0384791372048,0.0396272996403,0.0478830536621,0.187902540227,0.00788138205587,0.195116737778,0.162057064489,0.0207112951784,0.0773876644898,1,0.1,30,20,1,8,20,3.95714931135e-08,1.70342302361e-08,3.95714931135e-08,0.0360799099084,4.38924277789e-06,0.000931462586646,3.95714931135e-08,1.70342302361e-08,3.95714931135e-08,0.274572126993,0.413853230348,0.274558688568
498,0.118201027077,0.0427432960059,0.221178287022,0.0918433433148,0.0109001421695,0.173627971894,0.0351246298977,0.171521483474,0.00871211703536,0.0132498199255,0.0923519006114,0.0205459815728,1,0.1,30,20,1,8,20,3.8678743086e-05,1.66499306225e-05,3.8678743086e-05,6.60254202598e-05,0.00980427232659,5.00862718347e-05,3.8678743086e-05,1.66499306225e-05,3.8678743086e-05,0.28224418003,0.425417055007,0.282230366111
499,0.0572666996984,0.0464654755855,0.203577304911,0.149066740826,0.00859986360001,0.136573405828,0.0512567502919,0.0615382434215,0.0143148907737,0.0385808240419,0.213083605001,0.0196761960216,1,0.1,30,20,1,8,20,2.09504255856e-07,9.01847125012e-08,2.09504255856e-07,1.41742250393e-08,2.09253989523e-06,0.0022675564689,2.09504255856e-07,9.01847125012e-08,2.09504255856e-07,0.284478919758,0.428785402209,0.284464996464
500,0.0106557607366,0.234632529499,0.00414685187951,0.0408453689591,0.0815537693443,0.00402998500643,0.168796792372,0.119201557126,0.0417328161182,0.179786340278,0.0502614267749,0.0643568019061,1,0.1,30,20,1,8,20,2.37095825036e-06,1.02061978306e-06,2.37095825036e-06,1.54036828564e-05,0.000675348539823,0.000150565511959,2.37095825036e-06,1.02061978306e-06,2.37095825036e-06,0.284883182951,0.429394734372,0.28486923987
501,0.0748592074458,0.0233276056379,0.0172433464287,0.0966238503785,0.0201498710421,0.0334343515655,0.426990331976,0.023944245725,0.0874834293045,0.0207355859841,0.0631815978835,0.112026576629,1,0.1,30,20,1,8,20,0.000117795787327,5.07072239205e-05,0.000117795787327,0.00383746831384,0.000147383285218,0.00744547010469,0.000117795787327,5.07072239205e-05,0.000117795787327,0.281704002328,0.424602863525,0.281690214846
502,0.00890849589221,0.0285731278519,0.283925442466,0.251923394899,0.0768431581783,0.0228825243221,0.107757838907,0.0492282662159,0.00886938429883,0.0970451450134,0.0221889756223,0.0418542463325,1,0.1,30,20,1,8,20,3.47659929572e-07,1.49656199911e-07,3.47659929572e-07,3.04086860103e-06,2.98862873931e-08,0.00660834609648,3.47659929572e-07,1.49656199911e-07,3.47659929572e-07,0.283240779897,0.426919196098,0.283226917201
503,0.0859170340607,0.0490319508439,0.0471661349233,0.264978249268,0.098600245875,0.159177448257,0.00617335175754,0.0859743906016,0.0414128414389,0.050577016864,0.0213503325392,0.089641003571,1,0.1,30,20,1,8,20,1.88127120943e-07,8.09825568778e-08,1.88127120943e-07,1.08661996323e-05,2.91652396761e-07,0.00748243719259,1.88127120943e-07,8.09825568778e-08,1.88127120943e-07,0.282989468758,0.426540403363,0.282975618361
504,0.00889809549072,0.251014811889,0.0537228891033,0.0457489515538,0.14487130741,0.0485639404662,0.120414901265,0.100279188312,0.0039706871648,0.0597399859563,0.162504445515,0.000270795873094,1,0.1,30,20,1,8,20,6.25735648144e-06,2.69358678654e-06,6.25735648144e-06,0.000221419743821,0.00268670118501,0.00115929230748,6.25735648144e-06,2.69358678654e-06,6.25735648144e-06,0.283957951641,0.42800016468,0.283944053844
505,0.0189219197685,0.0410090957423,0.137792913863,0.0165280946438,0.171265712508,0.0378306343247,0.0816998212672,0.157659810644,0.00677887517898,0.0492482397717,0.0122555360422,0.269009346246,1,0.1,30,20,1,8,20,5.10345487455e-08,2.19686998121e-08,5.10345487455e-08,0.0549852728969,2.12374764429e-05,2.29019770598e-07,5.10345487455e-08,2.19686998121e-08,5.10345487455e-08,0.269442409297,0.406121381298,0.269429221936
506,0.132934880934,0.0361801570125,0.0249209854786,0.291435412537,0.0252091522112,0.0172742718202,0.1500808425,0.0766789900463,0.0112975793266,0.0341255645743,0.186705093801,0.0131570697583,1,0.1,30,20,1,8,20,5.84926991404e-08,2.51791890044e-08,5.84926991404e-08,1.91937311195e-05,0.00304476964467,9.69039229035e-05,5.84926991404e-08,2.51791890044e-08,5.84926991404e-08,0.28422502328,0.42840271268,0.284211112412
507,0.105233191825,0.0212555676083,0.220470226634,0.07744486838,0.124595095389,0.0260155974212,0.00844357787055,0.0315646965717,0.0160778155656,0.310580936449,0.051457018287,0.00686140799852,1,0.1,30,20,1,8,20,4.32423813287e-08,1.86144272443e-08,4.32423813287e-08,0.0133941931132,0.000667029705191,0.000167247984312,4.32423813287e-08,1.86144272443e-08,4.32423813287e-08,0.281069379016,0.423646317387,0.281055622595
508,0.212512714784,0.141372426105,0.158989872236,0.131569047671,0.00479304297192,0.0906299143215,0.0307271449345,0.0544015372565,0.0353150963335,0.058947435717,0.0175520448917,0.0631897227773,1,0.1,30,20,1,8,20,1.97658253557e-06,8.50853969422e-07,1.97658253557e-06,9.33818219016e-07,0.00446017808165,0.0056180708709,1.97658253557e-06,8.50853969422e-07,1.97658253557e-06,0.2822497708,0.425425481784,0.282235956607
509,0.0682993772855,0.226673152649,0.168894530524,0.203499703394,0.10613688734,0.067552813744,0.0257698174258,0.00314712239674,0.00767528045164,0.0454699213083,0.0215441978355,0.0553371956464,1,0.1,30,20,1,8,20,8.77201153026e-05,3.77606332952e-05,8.77201153026e-05,0.124738940207,0.00315148467068,0.0020018943059,8.77201153026e-05,3.77606332952e-05,8.77201153026e-05,0.24796904956,0.373755316356,0.247956913173
510,0.165945245081,0.117594169485,0.0341429357476,0.0446635805748,0.0825941195348,0.00348831472666,0.0458556043561,0.0836859846495,0.0969717056109,0.301905498512,0.00444844337477,0.0187043983471,1,0.1,30,20,1,8,20,9.81538849368e-06,4.22520289994e-06,9.81538849368e-06,0.0224272934714,5.89157746975e-08,0.000765906133802,9.81538849368e-06,4.22520289994e-06,9.81538849368e-06,0.278499737804,0.419773184567,0.278486107149
511,0.159442085471,0.0261265706698,0.00235571960955,0.0448407998193,0.078190342026,0.0867509170991,0.0435642989859,0.0625615319428,0.198178092905,0.159600254733,0.0117466449208,0.126642741818,1,0.1,30,20,1,8,20,1.14626320417e-10,4.93428723427e-11,1.14626320417e-10,0.0472728910681,4.0263814587e-08,0.00096309451844,1.14626320417e-10,4.93428723427e-11,1.14626320417e-10,0.271372988716,0.409031278009,0.271359706867
512,0.0655102421249,0.031531994172,0.056436662709,0.0584452712965,0.0884545798977,0.0744184149907,0.0509455463734,0.0272910336359,0.0228028357505,0.276071228612,0.0766264517625,0.171465738675,1,0.1,30,20,1,8,20,2.01064201348e-10,8.6551545785e-11,2.01064201348e-10,0.0180783678575,0.000214566665602,1.65853030387e-09,2.01064201348e-10,8.6551545785e-11,2.01064201348e-10,0.279910552489,0.421899657568,0.279896852784
513,0.192363601835,0.0822457478921,0.00687677263426,0.000944637938355,0.0576455330525,0.0775605589858,0.032454987375,0.147082328951,0.0641413681081,0.265692748438,0.0020444474564,0.0709472673335,1,0.1,30,20,1,8,20,3.92676516751e-07,1.69034364599e-07,3.92676516751e-07,0.0118796276003,0.000191825186981,0.000832364974064,3.92676516751e-07,1.69034364599e-07,3.92676516751e-07,0.281446588195,0.424214871956,0.281432813312
514,0.0163508807322,0.0408908303058,0.131948175075,0.0238173562178,0.162668847371,0.101926197288,0.176188073186,0.0273564807278,0.0832999161435,0.0871475051528,0.121772444844,0.0266332929565,1,0.1,30,20,1,8,20,1.8861475132e-08,8.11924657656e-09,1.8861475132e-08,0.00574288036066,2.45039154318e-08,0.0126755348977,1.8861475132e-08,8.11924657656e-09,1.8861475132e-08,0.279874742248,0.421845682009,0.279861044296
515,0.0242035852104,0.256729566133,0.251942909232,0.0461599807443,0.00343859111771,0.211952683896,0.0499811150827,0.00782918344767,0.0507817191383,0.0290059828393,0.00366201392902,0.06431266923,1,0.1,30,20,1,8,20,0.000111263024746,4.78950838387e-05,0.000111263024746,1.57652418774e-06,0.000635274534464,0.0209033818164,0.000111263024746,4.78950838387e-05,0.000111263024746,0.278830454529,0.420271662641,0.278816807688
516,0.131230245429,0.0218622862691,0.0451869154332,0.0677824446548,0.0608798184395,0.0087359371878,0.18834531622,0.0909243529156,0.0790748351157,0.0197369625811,0.0959592651693,0.190281620585,1,0.1,30,20,1,8,20,2.46478554911e-05,1.06100935857e-05,2.46478554911e-05,2.59231611006e-07,2.07444760958e-05,0.000174008660996,2.46478554911e-05,1.06100935857e-05,2.46478554911e-05,0.285036586296,0.429625954018,0.285022635708
517,0.0927674735809,0.0598300672682,0.00656752584573,0.0573837015611,0.0609590244263,0.0118564682256,0.00614457213326,0.407875314331,0.00249719386321,0.00233804992586,0.0570768016255,0.234703807214,1,0.1,30,20,1,8,20,6.53391857214e-05,2.81263769811e-05,6.53391857214e-05,0.000138597842148,0.000590592921512,1.61942187386e-06,6.53391857214e-05,2.81263769811e-05,6.53391857214e-05,0.28482741883,0.429310683009,0.284813478479
518,0.0735761594534,0.0891237500449,0.0255791617893,0.00521863369551,0.143162656273,0.00617480161373,0.0759587740676,0.0143329206085,0.0664227315974,0.381673183766,0.086801816166,0.0319754109246,1,0.1,30,20,1,8,20,1.84634635011e-06,7.94791562025e-07,1.84634635011e-06,0.000664646676913,2.61121963004e-09,5.65904181785e-05,1.84634635011e-06,7.94791562025e-07,1.84634635011e-06,0.284918147463,0.429447435192,0.284904202671
519,0.0499036819102,0.096550449964,0.0809367384813,0.101514132579,0.0673944287834,0.138047768631,0.0277104307266,0.0739252953099,0.00750931463289,0.231453086006,0.118967385574,0.00608728740262,1,0.1,30,20,1,8,20,4.96726657804e-08,2.13824538518e-08,4.96726657804e-08,2.62162440586e-09,0.000866269729152,0.000492555144425,4.96726657804e-08,2.13824538518e-08,4.96726657804e-08,0.284738844538,0.42917717799,0.284724908522
520,0.0855802416029,0.0340330873569,0.0422834386583,0.127382780577,0.281005921701,0.0830036202286,0.120119009638,0.0343392429371,0.0465438787812,0.10000576176,0.0256611664461,0.0200418503123,1,0.1,30,20,1,8,20,5.44222608251e-09,2.34269987793e-09,5.44222608251e-09,0.0713770134079,0.0026379235832,0.00115314471165,5.44222608251e-09,2.34269987793e-09,5.44222608251e-09,0.263693942525,0.397456912806,0.263681036512
521,0.094695487562,0.0727028156561,0.0365205742508,0.0218281153492,0.0179024571825,0.0760629556139,0.201845867536,0.161843473766,0.166687635208,0.0319878959018,0.0591339310539,0.0587887909203,1,0.1,30,20,1,8,20,9.29067864093e-08,3.99933251357e-08,9.29067864093e-08,0.151474888264,2.29446135386e-07,6.18996409886e-07,9.29067864093e-08,3.99933251357e-08,9.29067864093e-08,0.241936498083,0.364662656648,0.241924656949
522,0.0369359059517,0.062742317122,0.126935670007,0.0420269981748,0.00939384684557,0.062091806369,0.0799436913543,0.0163930849843,0.0303368199678,0.18778992061,0.164258748193,0.181151190421,1,0.1,30,20,1,8,20,3.40657875788e-07,1.46642045355e-07,3.40657875788e-07,3.99404185906e-08,8.32934842561e-05,3.31349726843e-13,3.40657875788e-07,1.46642045355e-07,3.40657875788e-07,0.285102118208,0.42972472804,0.285088164412
523,0.0253231796547,0.0419504311605,0.00519999533112,0.368226739277,0.13641853108,0.0604370235068,0.10126385032,0.00198488056988,0.00877328311302,0.205932093604,0.0103363454439,0.0341536469387,1,0.1,30,20,1,8,20,6.48865845243e-08,2.79315470066e-08,6.48865845243e-08,1.47656095612e-10,0.00300457267372,4.8799909579e-08,6.48865845243e-08,2.79315470066e-08,6.48865845243e-08,0.284269564178,0.428469847661,0.28425565113
524,0.0559218884036,0.0705791165322,0.00984490979741,0.333947697782,0.0167204558971,0.0706529042718,0.066925067683,0.031308637684,0.222637295399,0.0652968210162,0.0461085285909,0.0100566769428,1,0.1,30,20,1,8,20,0.000276154978734,0.000118875663223,0.000276154978734,0.130079879898,7.75667354946e-05,0.000833462188268,0.000276154978734,0.000118875663223,0.000276154978734,0.24739464566,0.37288953689,0.247382537387
525,0.101946594292,0.00276738953763,0.213791469867,0.214826642056,0.0854460890547,0.123938229154,0.00308034946234,0.0572085735439,0.0284009802287,0.0708280226019,0.0136782488371,0.0840874113644,1,0.1,30,20,1,8,20,1.55640274565e-06,6.69980347555e-07,1.55640274565e-06,0.0748297250188,0.000703191501575,0.00120989464402,1.55640274565e-06,6.69980347555e-07,1.55640274565e-06,0.263242796059,0.396776915078,0.263229912127
526,0.00533784808236,0.379932796857,0.224158599584,0.0589611501724,0.0835379125869,0.022229705352,0.0135389187459,0.0131853357619,0.0101732868151,0.0643778585808,0.122712022085,0.00185456537616,1,0.1,30,20,1,8,20,1.702737817e-07,7.32972797445e-08,1.702737817e-07,0.0337806093043,0.0194512806255,4.33811762751e-06,1.702737817e-07,7.32972797445e-08,1.702737817e-07,0.269947063473,0.406882029377,0.269933851413
527,0.258551162506,0.114635189497,0.106964723857,0.0648379558212,0.00451035346633,0.0886096810717,0.0956001976843,0.201047365134,0.0169327986359,0.0114242930324,0.0207579036517,0.0161283756421,1,0.1,30,20,1,8,20,5.44154177115e-06,2.34240530433e-06,5.44154177115e-06,0.412903353092,0.00083056985891,2.82189367726e-06,5.44154177115e-06,2.34240530433e-06,5.44154177115e-06,0.167151560743,0.251941863615,0.167143379819
528,0.0275526046489,0.0511084365355,0.0968927108231,0.154617137708,0.0127545177597,0.0882578169007,0.109161078213,0.268074976128,0.0428139195182,0.0758627413222,0.0237603828417,0.0491436776004,1,0.1,30,20,1,8,20,2.04972099305e-07,8.82337677155e-08,2.04972099305e-07,2.2492579194e-07,0.00715232833987,0.00123370644739,2.04972099305e-07,8.82337677155e-08,2.04972099305e-07,0.282734923191,0.426156735487,0.282721085253
529,0.0487990413043,0.110541673847,0.0531939365718,0.0266738672191,0.0043808614714,0.114653579749,0.00605382268846,0.0466113298039,0.340896505109,0.211827735134,0.0131488118515,0.0232188352516,1,0.1,30,20,1,8,20,1.60443971617e-06,6.90658688231e-07,1.60443971617e-06,0.0152175465529,0.000201546363858,0.00311583959454,1.60443971617e-06,6.90658688231e-07,1.60443971617e-06,0.279839329515,0.421792305601,0.279825633296
530,0.0892595884407,0.0270211293942,0.00914093363021,0.0378940241636,0.0366231782951,0.0195526120077,0.165385064528,0.10100240915,0.00299885544207,0.0531129429289,0.00761957638007,0.450389685639,1,0.1,30,20,1,8,20,2.71751505144e-09,1.16980112232e-09,2.71751505144e-09,0.0226347625787,0.000380719554153,1.48175894567e-08,2.71751505144e-09,1.16980112232e-09,2.71751505144e-09,0.278564022482,0.419870078677,0.278550388681
531,0.047559317731,0.0542303005986,0.0156660197744,0.0131160392306,0.311544849876,0.0865766037515,0.0393802692974,0.184894609586,0.0150892946381,0.0937696809298,0.0277060796339,0.110466934953,1,0.1,30,20,1,8,20,5.16545041148e-07,2.22355702702e-07,5.16545041148e-07,0.0131209811834,0.00587045584719,1.06356228248e-06,5.16545041148e-07,2.22355702702e-07,5.16545041148e-07,0.279710372598,0.421597933226,0.279696682691
532,0.134765279352,0.0879752923987,0.0432128744305,0.203970221214,0.0265909215143,0.00739009992937,0.065440803836,0.0534156797087,0.0573239568285,0.0355249959179,0.210306439213,0.0740834356575,1,0.1,30,20,1,8,20,2.97689815695e-09,1.28145704408e-09,2.97689815695e-09,0.062210590121,1.24654309339e-07,0.000156667482753,2.97689815695e-09,1.28145704408e-09,2.97689815695e-09,0.267343762663,0.402958162591,0.267330678017
533,0.0382525441727,0.0551151732055,0.154278088537,0.0142426849195,0.106191518044,0.114785597734,0.0325743697949,0.0432305452023,0.157748058837,0.0998305105899,0.156628730086,0.0271221788771,1,0.1,30,20,1,8,20,0.000157538084409,6.78149796642e-05,0.000157538084409,0.00139341579323,0.000771005213579,0.000820443713812,0.000157538084409,6.78149796642e-05,0.000157538084409,0.284056942611,0.428149370403,0.284043039969
534,0.00179398448306,0.113113060272,0.0674880957377,0.15974245477,0.0266954559781,0.213627938316,0.0532024983613,0.0814677727819,0.0552844919709,0.0962694175226,0.08662332083,0.0446915089764,1,0.1,30,20,1,8,20,1.47819704948e-05,6.36315359719e-06,1.47819704948e-05,2.26200527887e-05,1.89452561213e-05,0.00247569169539,1.47819704948e-05,6.36315359719e-06,1.47819704948e-05,0.284388127082,0.428648553494,0.284374208231
535,0.00320683821842,0.105591792953,0.0455688222429,0.0779968971007,0.00795872156382,0.225522372545,0.0728275365479,0.0380999391615,0.252864619396,0.0716572084281,0.0136274440212,0.0850778078205,1,0.1,30,20,1,8,20,0.000737252069829,0.000317362841566,0.000737252069829,0.0158887144327,9.72948532511e-05,0.00224152635766,0.000737252069829,0.000317362841566,0.000737252069829,0.278907383197,0.420387614606,0.278893732591
536,0.0454089456769,0.0964049735932,0.216226557273,0.149577271155,0.028940171262,0.1009161194,0.0820643472775,0.089616915116,0.046770558975,0.0930125492485,0.00798186426936,0.0430797267541,1,0.1,30,20,1,8,20,1.16824629972e-09,5.02891725234e-10,1.16824629972e-09,0.0643773387663,0.0032246864709,0.00220980759856,1.16824629972e-09,5.02891725234e-10,1.16824629972e-09,0.265221156143,0.39975882996,0.265208175383
537,0.301273362799,0.0263039400926,0.0630394600789,0.0655299797904,0.00711114546081,0.0722942823698,0.156521588013,0.097762911616,0.0384516097628,0.0518229681247,0.0984603308526,0.0214284210395,1,0.1,30,20,1,8,20,1.31928732515e-09,5.67909934044e-10,1.31928732515e-09,0.0268630207361,0.00354601804505,0.00173447637937,1.31928732515e-09,5.67909934044e-10,1.31928732515e-09,0.275961385897,0.415947213053,0.275947879477
538,0.230140990895,0.0837913319848,0.150855875801,0.182939888918,0.0357615723271,0.216324502837,0.0139619630921,0.0187570597945,0.00582343377083,0.00150720207129,0.0337993185063,0.0263368600021,1,0.1,30,20,1,8,20,0.0014568160402,0.000627111536308,0.0014568160402,0.000241252109786,0.00217663683611,0.0240462890178,0.0014568160402,0.000627111536308,0.0014568160402,0.275561597802,0.415344626052,0.275548110949
539,0.0954444658,0.0315381606853,0.134948048169,0.202467797099,0.0153961520105,0.112269012555,0.0637151291395,0.0220934794957,0.0590767182573,0.164896747349,0.083040775642,0.0151135137982,1,0.1,30,20,1,8,20,4.72702607515e-05,2.03482972617e-05,4.72702607515e-05,0.00282958949806,0.00193506606256,0.00401044743681,4.72702607515e-05,2.03482972617e-05,4.72702607515e-05,0.282558822153,0.425891304379,0.282544992833
540,0.00606159995276,0.0698068669367,0.281555595409,0.118253272183,0.0216294878235,0.0182501973496,0.12729233344,0.0996075413435,0.0182498761951,0.0174044142844,0.107766135341,0.114122679741,1,0.1,30,20,1,8,20,6.04831454258e-05,2.60360108635e-05,6.04831454258e-05,3.35128659244e-05,0.000593345706845,1.00613897727e-05,6.04831454258e-05,2.60360108635e-05,6.04831454258e-05,0.284860919784,0.429361177857,0.284846977793
541,0.156858274551,0.0199924667601,0.0208880968105,0.224329532789,0.0363232923724,0.126290261736,0.0700662950555,0.0108194659541,0.102865762308,0.217113484658,0.0138634330402,0.000589633964533,1,0.1,30,20,1,8,20,5.66012346575e-06,2.43649755656e-06,5.66012346575e-06,3.20824299149e-05,0.00169021459877,6.76334998769e-08,5.66012346575e-06,2.43649755656e-06,5.66012346575e-06,0.284627414537,0.429009223338,0.284613483974
542,0.0265482886264,0.0325294105904,0.199301461574,0.030621234066,0.239203734782,0.0810157225718,0.0978909455584,0.0199177188677,0.079002532512,0.0629925896997,0.0872506902442,0.0437256709071,1,0.1,30,20,1,8,20,1.23128359998e-06,5.30027216e-07,1.23128359998e-06,1.07375542475e-06,0.0040639776829,1.26702426156e-06,1.23128359998e-06,5.30027216e-07,1.23128359998e-06,0.283965229828,0.428011134845,0.283951331675
543,0.0385679142526,0.0128539490812,0.105632048916,0.0971773605585,0.00766173490908,0.164240963358,0.0170722998692,0.127639367271,0.0572186215637,0.0991264144369,0.219592728602,0.0532165971815,1,0.1,30,20,1,8,20,3.56796873784e-07,1.53589354794e-07,3.56796873784e-07,0.0475414953739,0.000611104144762,7.98456330087e-05,3.56796873784e-07,1.53589354794e-07,3.56796873784e-07,0.271373515313,0.40903207173,0.271360233438
544,0.00847672938944,0.0641092751836,0.0634699443227,0.0374121482464,0.0699247193896,0.0892544675203,0.104746682606,0.337106955071,0.128493130842,0.0281662176109,0.0105701656626,0.058269564155,1,0.1,30,20,1,8,20,5.28703447421e-08,2.27589497929e-08,5.28703447421e-08,0.000468835010933,0.0071912198486,0.0153736941955,5.28703447421e-08,2.27589497929e-08,5.28703447421e-08,0.278558748815,0.419862129858,0.278545115272
545,0.0671545553273,0.0407479900687,0.243580053475,0.0356222176142,0.101006575706,0.105399221043,0.0224830430658,0.0771944238469,0.0833400463706,0.0043141204144,0.102829566232,0.116328186836,1,0.1,30,20,1,8,20,4.69630477048e-06,2.02160521186e-06,4.69630477048e-06,0.0128533426512,8.80838958207e-08,0.000983065189308,4.69630477048e-06,2.02160521186e-06,4.69630477048e-06,0.281174692329,0.423805052563,0.281160930754
546,0.0107113537406,0.0305072045416,0.0529949603022,0.00464824861845,0.0246442883786,0.13902676622,0.114258922338,0.321948081295,0.129809343285,0.014007876537,0.100239730453,0.0572032242908,1,0.1,30,20,1,8,20,2.06516140555e-10,8.88984268447e-11,2.06516140555e-10,0.111985270839,1.0915461086e-10,0.000129884227096,2.06516140555e-10,8.88984268447e-11,2.06516140555e-10,0.253159365546,0.381578503147,0.253146975128
547,0.0376190607533,0.131601296948,0.335189976385,0.0290627805157,0.0721448212677,0.0917037007353,0.0659985247961,0.0490862222975,0.00222514766814,0.0345545395516,0.0918322123979,0.0589817166844,1,0.1,30,20,1,8,20,1.41409274405e-09,6.08720558211e-10,1.41409274405e-09,0.10795299187,2.97150276765e-05,6.09004589736e-08,1.41409274405e-09,6.08720558211e-10,1.41409274405e-09,0.254337616405,0.383354440602,0.254325168321
548,0.168813594472,0.0106246868811,0.14170182752,0.017442162962,0.0530920384542,0.0793400602315,0.0643034103147,0.190127086415,0.0898454512759,0.0390628749476,0.140200732763,0.00544607376384,1,0.1,30,20,1,8,20,3.69670700694e-05,1.59131115147e-05,3.69670700694e-05,0.0275699554393,6.15900524809e-05,3.31571942826e-05,3.69670700694e-05,1.59131115147e-05,3.69670700694e-05,0.277187179545,0.417794810136,0.277173613131
549,0.191488628712,0.0133916722478,0.128506364056,0.0298000561517,0.0965518725569,0.0110356579822,0.164518702035,0.0263242075727,0.0186774031567,0.00608337356883,0.224874901891,0.0887471600696,1,0.1,30,20,1,8,20,9.22254937937e-07,3.97000510042e-07,9.22254937937e-07,0.0398286066792,0.000488526787125,3.30288634585e-06,9.22254937937e-07,3.97000510042e-07,9.22254937937e-07,0.273628653797,0.412431165282,0.273615261548
550,0.0424624303735,0.126268371475,0.0685190992582,0.251501500988,0.0388440205408,0.0604318155482,0.050875236311,0.0281951760324,0.0867466544871,0.138268536664,0.0864081364568,0.0214790218653,1,0.1,30,20,1,8,20,3.60857215019e-05,1.55337198558e-05,3.60857215019e-05,0.054321688026,0.000694244985465,0.000282939237355,3.60857215019e-05,1.55337198558e-05,3.60857215019e-05,0.269309171149,0.405920555968,0.269295990309
551,0.0348062069658,0.232389284675,0.0480922603672,0.117686444908,0.181236893901,0.0479789758802,0.0580039221958,0.0417583576426,0.0376183814783,0.108254953186,0.0815045157499,0.0106698030508,1,0.1,30,20,1,8,20,7.13806055709e-07,3.07270101282e-07,7.13806055709e-07,0.0546529268175,1.67707004449e-06,0.00231294264294,7.13806055709e-07,3.07270101282e-07,7.13806055709e-07,0.268882412925,0.405277317808,0.268869252972
552,0.0988943774552,0.0269439697287,0.0980550776828,0.0186177629871,0.205505967292,0.0506127920754,0.022564724881,0.202503275861,0.174187254949,0.0203906754901,0.00753804007944,0.0741860815179,1,0.1,30,20,1,8,20,2.47792618326e-06,1.0666659707e-06,2.47792618326e-06,0.241767077634,0.000208345749385,3.14153629916e-05,2.47792618326e-06,1.0666659707e-06,2.47792618326e-06,0.216120389724,0.325750914381,0.216109812111
553,0.0129883203475,0.0191251633129,0.00674281502609,0.263587763098,0.0691647938969,0.0698009174213,0.0826705517261,0.0200257709762,0.0116950604788,0.216195395413,0.219377945205,0.00862550309777,1,0.1,30,20,1,8,20,4.78647957908e-06,2.06042251013e-06,4.78647957908e-06,0.0318273991639,1.54103189923e-05,1.30232224638e-07,4.78647957908e-06,2.06042251013e-06,4.78647957908e-06,0.276040455738,0.416066392336,0.276026945448
554,0.0915773300377,0.0303562612112,0.0596207360294,0.0854612901129,0.0758954629643,0.436355460865,0.0552361289205,0.0101208366018,0.00649282271461,0.0410532636432,0.106870432229,0.000959974670015,1,0.1,30,20,1,8,20,2.04487747154e-07,8.80252699967e-08,2.04487747154e-07,4.65383070461e-05,1.64120931827e-07,0.00883283537283,2.04487747154e-07,8.80252699967e-08,2.04487747154e-07,0.282594277281,0.425944744689,0.282580446227
555,0.207944545047,0.130975675578,0.0414310140903,0.0156169002145,0.139702505488,0.00879756538627,0.147917270701,0.0997712776806,0.0263266671841,0.0230262801614,0.0513635263845,0.107126772084,1,0.1,30,20,1,8,20,0.000187500019975,8.07126104735e-05,0.000187500019975,0.000323673995518,7.56100333737e-09,0.00041379919493,0.000187500019975,8.07126104735e-05,0.000187500019975,0.284656204343,0.429052617234,0.284642272371
556,0.0576737071187,0.0332049193301,0.0682320583242,0.074771726936,0.0013910064372,0.0366717644885,0.052552882043,0.0207321966773,0.00665791473416,0.178739542001,0.119571255238,0.349801026673,1,0.1,30,20,1,8,20,2.18477313642e-05,9.40473196519e-06,2.18477313642e-05,0.00681800976557,0.000125891848741,7.84256356224e-05,2.18477313642e-05,9.40473196519e-06,2.18477313642e-05,0.283093819835,0.426697688194,0.283079964332
557,0.0222650253056,0.00236476870169,0.0977362073522,0.0737282541688,0.0234111831631,0.264762918712,0.0700056205251,0.0781704159252,0.116419268347,0.155546937197,0.0407651943166,0.0548242062854,1,0.1,30,20,1,8,20,6.72078393385e-10,2.89307710902e-10,6.72078393385e-10,0.0936572906761,6.99458517923e-05,1.39425301301e-09,6.72078393385e-10,2.89307710902e-10,6.72078393385e-10,0.258402244647,0.389480916536,0.258389597627
558,0.0134118664143,0.0508842596642,0.0186131514765,0.226989057935,0.00975485923348,0.0088701998291,0.039154972642,0.199645160608,0.043235260899,0.263790915344,0.10978954794,0.0158607480148,1,0.1,30,20,1,8,20,1.80377199212e-11,7.76464696925e-12,1.80377199212e-11,0.0480013630611,1.30538854667e-05,3.07421785071e-05,1.80377199212e-11,7.76464696925e-12,1.80377199212e-11,0.271427409983,0.409113305334,0.27141412547
559,0.0278905037412,0.0328004543633,0.0534295633911,0.0907271721459,0.000568008417922,0.423574925298,0.105597918802,0.143573145216,0.0100749821484,0.0331427050045,0.0364442773329,0.042176344138,1,0.1,30,20,1,8,20,7.28377911357e-05,3.13542807328e-05,7.28377911357e-05,0.0831881792755,0.00425031488808,0.00496866817642,7.28377911357e-05,3.13542807328e-05,7.28377911357e-05,0.258677682155,0.389896074125,0.258665021654
560,0.0516959320219,0.0387577884161,0.00710206695343,0.145530818262,0.056061630758,0.0165818724891,0.057070258922,0.0423271348045,0.109858986909,0.169818138052,0.209501647532,0.0956937248789,1,0.1,30,20,1,8,20,1.86478584434e-05,8.02729159662e-06,1.86478584434e-05,0.000812715704364,0.00126022842585,3.05783963296e-05,1.86478584434e-05,8.02729159662e-06,1.86478584434e-05,0.284500735638,0.428818284542,0.284486811276
561,0.0844545723078,0.03427834277,0.144692079163,0.0293306352256,0.190636521672,0.0238913297766,0.0769340281004,0.0370356330725,0.17166881261,0.0347520822862,0.0928967811881,0.0794291818281,1,0.1,30,20,1,8,20,1.54693231731e-05,6.6590363869e-06,1.54693231731e-05,0.0108343206132,3.04803105115e-05,0.0016978637174,1.54693231731e-05,6.6590363869e-06,1.54693231731e-05,0.281522964001,0.424329990612,0.28150918538
562,0.00352586197172,0.0375956676008,0.0939709460502,0.0540199784095,0.00259012069672,0.115222033088,0.00178325460494,0.164819859694,0.2992825371,0.00119691336565,0.174308494227,0.0516843331905,1,0.1,30,20,1,8,20,7.27302857911e-08,3.1308003207e-08,7.27302857911e-08,2.37207802742e-06,0.000109154279428,0.0029404304273,7.27302857911e-08,3.1308003207e-08,7.27302857911e-08,0.284256056804,0.428449488456,0.284242144417
563,0.0590556829339,0.00509221785516,0.0394984535237,0.0716422945593,0.0411100585244,0.241606730847,0.136347677687,0.0232728109581,0.126528376927,0.0911340093221,0.104616220732,0.0600954661303,1,0.1,30,20,1,8,20,6.41148491162e-06,2.75993402186e-06,6.41148491162e-06,0.0410849885727,2.59682263641e-05,1.67155542592e-05,6.41148491162e-06,2.75993402186e-06,6.41148491162e-06,0.273390881576,0.412072779298,0.273377500965
564,0.00560549030342,0.110051271526,0.124829281511,0.0502633619644,0.0389087891653,0.26679734514,0.021200099988,0.12394751961,0.0390722151143,0.0689070824375,0.135302011622,0.0151155316175,1,0.1,30,20,1,8,20,7.98549347072e-10,3.43749309481e-10,7.98549347072e-10,0.0153307166375,2.72315230531e-07,0.00332900405815,7.98549347072e-10,3.43749309481e-10,7.98549347072e-10,0.279805894086,0.421741909517,0.279792199504
565,0.0924927572433,0.239479926606,0.0665341541264,0.0302539098412,0.0785554495624,0.0203775980635,0.0435693278586,0.182747353252,0.156138081483,0.0236288139739,0.0355312489261,0.0306913790638,1,0.1,30,20,1,8,20,7.73271319577e-09,3.32867947511e-09,7.73271319577e-09,0.165326390883,1.3464645791e-05,0.00813702168397,7.73271319577e-09,3.32867947511e-09,7.73271319577e-09,0.235663511224,0.355207596865,0.235651977109
566,0.033883215971,0.0442524842027,0.23294885154,0.0959883712852,0.0605853812978,0.10601839729,0.145708146694,0.0129215850682,0.113776485085,0.0851747848723,0.0304148489603,0.0383274477334,1,0.1,30,20,1,8,20,3.02797696033e-08,1.30344479406e-08,3.02797696033e-08,0.13688646522,0.000489140016472,4.43480072132e-08,3.02797696033e-08,1.30344479406e-08,3.02797696033e-08,0.245956891272,0.37072245859,0.245944853366
567,0.00572731689893,0.154360490223,0.0299858576008,0.0739253778963,0.181152207292,0.0319653418414,0.0111477749141,0.146555860078,0.000376601674449,0.120165607252,0.125599356198,0.119038208132,1,0.1,30,20,1,8,20,1.91375021539e-06,8.23806715855e-07,1.91375021539e-06,0.0306686132163,1.75257290908e-05,2.05562474814e-06,1.91375021539e-06,8.23806715855e-07,1.91375021539e-06,0.276373685554,0.416568658306,0.276360158955
568,0.249706399194,0.00410625780178,0.00448112409426,0.0358904585994,0.0968888151037,0.0401280057747,0.0435423266819,0.0909633353426,0.0447810490222,0.0613540619936,0.281821829577,0.0463363368148,1,0.1,30,20,1,8,20,3.42735484687e-09,1.47536387861e-09,3.42735484687e-09,0.0267444823881,1.07278396032e-06,0.000194713396117,3.42735484687e-09,1.47536387861e-09,3.42735484687e-09,0.277444965689,0.418183362425,0.277431386658
569,0.054579702371,0.00239741392502,0.150667193229,0.0454280191372,0.100254744164,0.319125001353,0.0832718066021,0.0293422396678,0.0321812908546,0.0719682707442,0.00584107798354,0.104943239969,1,0.1,30,20,1,8,20,2.51519656155e-07,1.08270964645e-07,2.51519656155e-07,1.47445564349e-09,0.00488192024432,2.64173028431e-07,2.51519656155e-07,1.08270964645e-07,2.51519656155e-07,0.283733962459,0.427662553403,0.283720075625
570,0.22104566523,0.0811395727971,0.0737547253781,0.00997838864559,0.142192734599,0.00720600094214,0.10608181487,0.213909340209,0.0401667195349,0.0524363232613,0.047102219048,0.00498649548433,1,0.1,30,20,1,8,20,4.69794224963e-06,2.02231009294e-06,4.69794224963e-06,0.000150131773624,4.1657813392e-08,0.0219319146236,4.69794224963e-06,2.02231009294e-06,4.69794224963e-06,0.278823654464,0.420261413135,0.278810007956
571,0.068651140795,0.0661903812995,0.066278452065,0.149242710686,0.038711560395,0.320659501289,0.0255850873071,0.0896332813051,0.055203850513,0.0755571646741,0.0337509075795,0.0105359620926,1,0.1,30,20,1,8,20,0.000407312748495,0.000175334782442,0.000407312748495,0.000545898956641,0.00327670364998,0.000497268502448,0.000407312748495,0.000175334782442,0.000407312748495,0.283330114299,0.427053846803,0.28331624723
572,0.0818073355277,0.0534093382818,0.0135857529343,0.0197267326897,0.471849671287,0.0664535670987,0.0354292095818,0.0322186908243,0.0942594322371,0.0851174657663,0.0357364800244,0.0104063237465,1,0.1,30,20,1,8,20,1.01316437909e-10,4.36134043538e-11,1.01316437909e-10,0.0198532686731,0.00590310662827,0.00370962482816,1.01316437909e-10,4.36134043538e-11,1.01316437909e-10,0.276724817675,0.417097907812,0.276711273891
573,0.0573533683948,0.0722354608881,0.0916881671754,0.0429505881169,0.013568511054,0.00608715324809,0.173711014126,0.103649519378,0.00745506828613,0.0961147746754,0.0287540931978,0.306432281459,1,0.1,30,20,1,8,20,2.01847361106e-07,8.68886703811e-08,2.01847361106e-07,1.29228099164e-09,2.6208095335e-05,0.000328819118846,2.01847361106e-07,8.68886703811e-08,2.01847361106e-07,0.285024843169,0.429608254002,0.285010893155
574,0.00381768739656,0.125701230577,0.0100311729083,0.0642156778966,0.194121859082,0.057737566776,0.140326512204,0.214178682694,0.0474557286855,0.0139868624205,0.104251504895,0.0241755144651,1,0.1,30,20,1,8,20,2.05558117696e-10,8.84860294173e-11,2.05558117696e-10,5.37129061117e-12,0.00400165646307,0.00579468617369,2.05558117696e-10,8.84860294173e-11,2.05558117696e-10,0.282333155194,0.425551164246,0.282319336919
575,0.178223400342,0.0435615092546,0.0785443109328,0.216694997546,0.00166565790826,0.0742334093872,0.0348663913997,0.0197441836,0.0640430099132,0.065458104942,0.193884032774,0.0290809920004,1,0.1,30,20,1,8,20,2.90188187394e-06,1.24916499402e-06,2.90188187394e-06,0.0427679476422,0.000798456801342,6.48631305611e-07,2.90188187394e-06,1.24916499402e-06,2.90188187394e-06,0.272700214094,0.411031759688,0.272686867286
576,0.0249201063998,0.0540096985837,0.00950156776964,0.0113420633596,0.102004412068,0.266179954232,0.0131426345913,0.0553805709636,0.0291479586938,0.312999990799,0.0352404165953,0.0861306259451,1,0.1,30,20,1,8,20,8.35862385865e-06,3.59811349187e-06,8.35862385865e-06,4.70818457419e-06,8.18837444588e-07,1.94395903188e-05,8.35862385865e-06,3.59811349187e-06,8.35862385865e-06,0.28510764738,0.429733061973,0.285093693313
577,0.0235362067443,0.019403471497,0.268787298141,0.0276201283735,0.00495513932183,0.212384173267,0.191915007496,0.0543844233232,0.0796988944472,0.0463972112809,0.0211671386308,0.0497509074769,1,0.1,30,20,1,8,20,1.94493065776e-05,8.37228873891e-06,1.94493065776e-05,9.84029850989e-09,0.0140726632193,1.84752528664e-07,1.94493065776e-05,8.37228873891e-06,1.94493065776e-05,0.281086851954,0.423672653752,0.281073094678
578,0.0223053781963,0.0558122534396,0.135071401152,0.193363912927,0.0233350460106,0.084486665831,0.0222768965812,0.187971762318,3.47467307282e-05,0.0253441858289,0.0220883165388,0.227909434447,1,0.1,30,20,1,8,20,5.01218804458e-05,2.15758260355e-05,5.01218804458e-05,8.11459052614e-05,1.28645943283e-05,4.3440647678e-05,5.01218804458e-05,2.15758260355e-05,5.01218804458e-05,0.285017692016,0.429597475311,0.285003742352
579,0.0660359537878,0.181433342409,0.044695764902,0.0403957151211,0.0144947022277,0.0673871250388,0.100572104996,0.09326085682,0.197195430618,0.0437977712891,0.0613553334267,0.0893758993639,1,0.1,30,20,1,8,20,7.81901597053e-06,3.36582998978e-06,7.81901597053e-06,0.0399531287119,5.21399739632e-05,0.00311188321678,7.81901597053e-06,3.36582998978e-06,7.81901597053e-06,0.272821677721,0.411214837684,0.272808324969
580,0.0440416332123,0.123926341323,0.0783068773067,0.220693689174,0.0647095089894,0.00530292314644,0.0561710492254,0.0582678377769,0.285562088337,0.0293069631785,0.00108475613229,0.0326263321976,1,0.1,30,20,1,8,20,0.00244290772743,0.00105159167371,0.00244290772743,0.00376806518572,0.016954239615,0.00155944342756,0.00244290772743,0.00105159167371,0.00244290772743,0.275387414887,0.415082086068,0.275373936559
581,0.0710141100121,0.0672750749559,0.0192749232112,0.0791210449654,0.0400038300615,0.23884817758,0.228717062421,0.105502857851,0.0329733579685,0.00938425033888,0.100322003315,0.00756330731921,1,0.1,30,20,1,8,20,3.41886768786e-07,1.47171043495e-07,3.41886768786e-07,0.043192008805,0.00517159384858,0.00643999185967,3.41886768786e-07,1.47171043495e-07,3.41886768786e-07,0.26949992814,0.406208077494,0.269486737964
582,0.278530753328,0.0527929650484,0.034375909896,0.0601361200019,0.0606989428208,0.141158584047,0.050322228494,0.134317535433,0.0141827565196,0.056383054161,0.0579372952371,0.0591638550137,1,0.1,30,20,1,8,20,4.41390129432e-05,1.90003977538e-05,4.41390129432e-05,7.44218451389e-07,7.73311020097e-05,0.00206749680677,4.41390129432e-05,1.90003977538e-05,4.41390129432e-05,0.284453415946,0.42874696118,0.2844394939
583,0.0296819164402,0.144052352758,0.148509733603,0.0222133223078,0.0491885727144,0.000362012308351,0.0164233018999,0.0757650750504,0.148049891319,0.250295544126,0.0281577167838,0.0873005606889,1,0.1,30,20,1,8,20,2.96019157422e-06,1.27426540802e-06,2.96019157422e-06,0.00196944637536,0.0024003308134,2.0306713505e-06,2.96019157422e-06,1.27426540802e-06,2.96019157422e-06,0.283875730519,0.427876235578,0.283861836746
584,0.0512027037254,0.0378065320629,0.0438892689145,0.0316224391599,0.147524257005,0.0605930192037,0.0217991832958,0.0848328115707,0.226093402214,0.087195844629,0.0584179580416,0.149022580177,1,0.1,30,20,1,8,20,7.43652667941e-08,3.20118089178e-08,7.43652667941e-08,1.0312408391e-07,3.53462197205e-10,0.00152843357156,7.43652667941e-08,3.20118089178e-08,7.43652667941e-08,0.284690421649,0.429104191816,0.284676488002
585,0.00522343370259,0.0360788185985,0.0160836901178,0.226321216755,0.00847016507865,0.0114485202285,0.0127398434199,0.370209073285,0.0921642007633,0.142472625388,0.0713424162881,0.0074459963746,1,0.1,30,20,1,8,20,2.57167945291e-05,1.10702367911e-05,2.57167945291e-05,2.43082715968e-07,1.48030089901e-08,4.3552326829e-05,2.57167945291e-05,1.10702367911e-05,2.57167945291e-05,0.285078216487,0.429688701788,0.285064263861
586,0.0817340019851,0.151219418442,0.0787106102744,0.137543105693,0.195791861985,0.0085897887519,0.0387672064418,0.0620997766036,0.0636889462344,0.0247019606568,0.0453396036059,0.111813719325,1,0.1,30,20,1,8,20,5.18412967718e-07,2.23159783842e-07,5.18412967718e-07,0.0469747523687,1.10326696863e-06,0.00333314267875,5.18412967718e-07,2.23159783842e-07,5.18412967718e-07,0.270781211291,0.408139312018,0.270767958405
587,0.0441061831949,0.0554053721859,0.0260315360666,0.00957121317728,0.04224575524,0.080237980892,0.11987820855,0.0619026378995,0.0696459470104,0.116558816361,0.259906142009,0.114510207413,1,0.1,30,20,1,8,20,2.19013331626e-07,9.42780578177e-08,2.19013331626e-07,2.47103654728e-07,6.9855608023e-07,0.000522753953308,2.19013331626e-07,9.42780578177e-08,2.19013331626e-07,0.284976726801,0.429535729835,0.284962779142
588,0.0242498213534,0.0017233851521,0.0832571730045,0.0166319824504,0.226661132766,0.0907447746268,0.0829622755743,0.154204620982,0.0918699427122,0.0226693023238,0.155753961946,0.0492716271084,1,0.1,30,20,1,8,20,9.94297746376e-08,4.28012576792e-08,9.94297746376e-08,6.03803913863e-06,0.00408431056363,5.38541018266e-06,9.94297746376e-08,4.28012576792e-08,9.94297746376e-08,0.283958411407,0.42800085767,0.283944513588
589,0.0281894886608,0.0374565176913,0.0325695849452,0.092218280139,0.0258824987736,0.302203599998,0.190409993151,0.00746715018673,0.0335471500915,0.0661998801043,0.159578332863,0.0242775233963,1,0.1,30,20,1,8,20,7.66492225165e-13,3.29949769653e-13,7.66492225165e-13,0.098796793847,5.87635659402e-10,2.66421950282e-09,7.66492225165e-13,3.29949769653e-13,7.66492225165e-13,0.256956780669,0.387302217834,0.256944204395
590,0.0127357976962,0.0157318197699,0.0839906186478,0.173608656297,0.0560188543569,0.00188419631977,0.239690152612,0.0782191303017,0.0995218522576,0.0448040292298,0.0455633521785,0.148231540333,1,0.1,30,20,1,8,20,6.91933648703e-06,2.97854747262e-06,6.91933648703e-06,0.00423330550224,7.10395263547e-06,0.0031515128862,6.91933648703e-06,2.97854747262e-06,6.91933648703e-06,0.283009129,0.426570036577,0.282995277641
591,0.0104882294642,0.238326532474,0.172815200968,0.0104397347641,0.173865972413,0.0220425412198,0.046894433642,0.000722958928834,0.0127769723163,0.10515231011,0.203595937475,0.00287917622456,1,0.1,30,20,1,8,20,4.13179334509e-05,1.77860155356e-05,4.13179334509e-05,6.15194382269e-05,0.000124289292917,3.71611757333e-05,4.13179334509e-05,1.77860155356e-05,4.13179334509e-05,0.285005510463,0.429579114471,0.284991561395
592,0.000927193691686,0.273170110088,0.0124163981692,0.0336882117837,0.130678659326,0.286144480966,0.102040727957,0.00877915993264,0.0250726437689,0.0259195145532,0.0813463819665,0.0198165177963,1,0.1,30,20,1,8,20,2.80318616666e-08,1.20667972827e-08,2.80318616666e-08,0.00522276217404,0.0189840566029,4.51284287898e-08,2.80318616666e-08,1.20667972827e-08,2.80318616666e-08,0.278224297284,0.419358022438,0.278210680111
593,0.00539993367722,0.136679421884,0.049887139018,0.0176542057095,0.0131480797396,0.088841007346,0.327396704364,0.0575728490836,0.111620196618,0.0505136910034,0.0370007095677,0.104286061989,1,0.1,30,20,1,8,20,2.32239341658e-08,9.99714214556e-09,2.32239341658e-08,0.0504174061667,0.00348427572533,5.04270673479e-09,2.32239341658e-08,9.99714214556e-09,2.32239341658e-08,0.269757527417,0.406596348125,0.269744324634
594,0.0391498124242,0.0103029829466,0.0530479920932,0.0297452797795,0.0306288541043,0.00857995156728,0.159765586761,0.0974343529551,0.0361830306078,0.0834546929016,0.0210596839244,0.430647779935,1,0.1,30,20,1,8,20,5.91287132959e-06,2.54529722434e-06,5.91287132959e-06,6.64814729751e-06,4.75997369953e-06,9.79991985957e-06,5.91287132959e-06,2.54529722434e-06,5.91287132959e-06,0.285112108813,0.429739786539,0.285098154528
595,0.0442643717419,0.0372318521667,0.228515327903,0.0208081531347,0.123571390974,0.122954677398,0.128992285095,0.0971973401559,0.121316376952,0.0447170432319,0.0178880522089,0.0125431290377,1,0.1,30,20,1,8,20,0.00132853849807,0.000571892260642,0.00132853849807,0.034582396503,0.00279585478927,2.4037265766e-08,0.00132853849807,0.000571892260642,0.00132853849807,0.272627491218,0.41092214697,0.272614147969
596,0.139285923773,0.0936010029085,0.137097967351,0.131896743442,0.0817946019438,0.0814398157221,0.128979912396,0.0236304880439,0.0056306448616,0.0107038577763,0.0662619122315,0.0996771295498,1,0.1,30,20,1,8,20,2.92494279257e-05,1.25909196333e-05,2.92494279257e-05,3.03889568822e-07,5.07301443651e-05,0.00251380501223,2.92494279257e-05,1.25909196333e-05,2.92494279257e-05,0.284354508574,0.428597881461,0.284340591368
597,0.234958139734,0.00140593675196,0.0365237458824,0.0814055016554,0.0350962965503,0.0928962026059,0.0651761400818,0.0796659347814,0.00340640824491,0.0320194748632,0.0411988904134,0.296247328436,1,0.1,30,20,1,8,20,5.87675900074e-06,2.52975205089e-06,5.87675900074e-06,0.0140611965637,9.95141542466e-06,5.10017277076e-06,5.87675900074e-06,2.52975205089e-06,5.87675900074e-06,0.281104696565,0.423699550328,0.281090938415
598,0.0499381699958,0.163812543122,0.0509998069864,0.0196921104936,0.0209036993005,0.173644677678,0.126508087334,0.0826543615513,0.102047915279,0.169788289815,0.0347720700255,0.00523826842004,1,0.1,30,20,1,8,20,1.5381789558e-07,6.62135603582e-08,1.5381789558e-07,1.63833176466e-07,2.49568178367e-08,0.00444974475369,1.5381789558e-07,6.62135603582e-08,1.5381789558e-07,0.283857344407,0.427848522817,0.283843451534
599,0.00137431034235,0.062214485486,0.0377407850061,0.236960316005,0.0549674166345,0.126607643845,0.0443071230283,0.0800355403058,0.0529252775938,0.0776402903916,0.116797602364,0.108429208997,1,0.1,30,20,1,8,20,5.6714069223e-06,2.44135471462e-06,5.6714069223e-06,1.06035978608e-09,0.000194760397807,5.16873361261e-06,5.6714069223e-06,2.44135471462e-06,5.6714069223e-06,0.285061485083,0.429663483112,0.285047533276
600,0.382619471831,0.0370772712554,0.229985939723,0.0531907043656,0.0189626141898,0.0158942548732,0.0152887700945,0.0764415322215,0.0133328806196,0.0636504274665,0.0620412972882,0.0315148360717,1,0.1,30,20,1,8,20,7.17361227314e-05,3.08800486084e-05,7.17361227314e-05,0.000159337047901,0.00248417387683,0.00533333352249,7.17361227314e-05,3.08800486084e-05,7.17361227314e-05,0.282752517493,0.426183254779,0.282738678693
601,0.0401654546609,0.162529719066,0.165931111729,0.0718794346654,0.0514874283985,0.0375064306345,0.210880496429,0.0400519011569,0.0897217234771,0.000765135494797,0.128309926262,0.000771238026111,1,0.1,30,20,1,8,20,0.000348099993151,0.000149845632853,0.000348099993151,0.000320194455278,0.00253977813835,7.7031251261e-05,0.000348099993151,0.000149845632853,0.000348099993151,0.283806473919,0.427771847461,0.283792583536
602,0.164547653681,0.0769743648949,0.0349221223539,0.0169957874813,0.0235897779875,0.014165115553,0.178224010945,0.101415408506,0.089249834052,0.20523394911,0.064851175548,0.029830799887,1,0.1,30,20,1,8,20,4.67450602152e-08,2.01222156521e-08,4.67450602152e-08,0.00370695749861,0.00137841679115,0.000745129192595,4.67450602152e-08,2.01222156521e-08,4.67450602152e-08,0.283463855939,0.42725543103,0.283449982324
603,0.0104527447909,0.131271107327,0.0962730394728,0.103689099664,0.0781290815087,0.106964796784,0.0573768126534,0.0566343092987,0.162692514952,0.0269523885962,0.0768166301487,0.0927474748041,1,0.1,30,20,1,8,20,2.94345563955e-06,1.26706113691e-06,2.94345563955e-06,0.0622315431238,8.48278907799e-06,0.00159647882342,2.94345563955e-06,1.26706113691e-06,2.94345563955e-06,0.266920801686,0.402320647892,0.266907737741
604,0.0627610998459,0.0300332188795,0.00435850856268,0.0300057718814,0.0561006765449,0.08534594116,0.152376271057,0.14205896404,0.155428800409,0.0159952323121,0.126961735479,0.138573779829,1,0.1,30,20,1,8,20,1.38998123562e-11,5.9834134445e-12,1.38998123562e-11,0.00713830091536,0.00732730696226,5.96429897847e-10,1.38998123562e-11,5.9834134445e-12,1.38998123562e-11,0.281001824731,0.423544495111,0.280988071616
605,0.0296748454705,0.00484213249753,0.0246377769637,0.0266568306867,0.158483081798,0.0829115166718,0.0157990395527,0.0795763186156,0.271491529384,0.100940859414,0.0351564363174,0.169829632628,1,0.1,30,20,1,8,20,1.41970297977e-06,6.11135580731e-07,1.41970297977e-06,5.06970043228e-05,2.25138243517e-07,0.00178786259577,1.41970297977e-06,6.11135580731e-07,1.41970297977e-06,0.284600097245,0.428968048914,0.28458616802
606,0.207193293391,0.112946300482,0.0463694630048,0.103128894662,0.0717972877927,0.0238094935314,0.0450621236613,0.0810055303311,0.0178710246206,0.154844558948,0.115116502809,0.0208555267657,1,0.1,30,20,1,8,20,1.1220013569e-05,4.82984793719e-06,1.1220013569e-05,8.83488746084e-08,2.05379285175e-05,9.24767589942e-08,1.1220013569e-05,4.82984793719e-06,1.1220013569e-05,0.285104892726,0.429728909976,0.285090938794
607,0.00299977696913,0.0453927671397,0.0789095073,0.0658955460992,0.048195451407,0.039779883756,0.0419322069429,0.266797149986,0.0587294453537,0.116946043776,0.193982305736,0.040439915534,1,0.1,30,20,1,8,20,1.5106186013e-06,6.50271774674e-07,1.5106186013e-06,0.0121121569075,0.00357473065983,3.76773109242e-07,1.5106186013e-06,6.50271774674e-07,1.5106186013e-06,0.280651404783,0.423016319039,0.280637668819
608,0.114303908557,0.059524490856,0.100022502412,0.249311773065,0.0047970047003,0.110901148571,0.0976915350418,0.00065816184454,0.0122486866145,0.00828545155279,0.154627929559,0.0876274072268,1,0.1,30,20,1,8,20,0.000149862118892,6.45107282043e-05,0.000149862118892,0.00797028586885,0.00611323153029,0.000193344477338,0.000149862118892,6.45107282043e-05,0.000149862118892,0.280847935406,0.423312542963,0.280834189823
609,0.2503812281,0.102430988671,0.00173689555476,0.00953594131536,0.237294720857,0.0256533278827,0.17030522359,0.0571543764123,0.0179526755403,0.0423461800686,0.0546531204386,0.0305553215696,1,0.1,30,20,1,8,20,0.00032125145945,0.000138288219458,0.00032125145945,0.000180557495918,0.000322001434127,0.00201650542938,0.00032125145945,0.000138288219458,0.00032125145945,0.283962851024,0.428007549353,0.283948952987
610,0.075298824389,0.136075799668,0.259619056478,0.00947418285117,0.102329325081,0.0490773848782,0.192020894462,0.0261510211422,0.0333412281359,0.0201965783703,0.0151090745728,0.0813066299716,1,0.1,30,20,1,8,20,3.91871674891e-05,1.68687906568e-05,3.91871674891e-05,0.0871632185584,0.00109096390153,5.27942901512e-05,3.91871674891e-05,1.68687906568e-05,3.91871674891e-05,0.259893392218,0.391728472564,0.259880672217
611,0.0532635837204,0.0049197183716,0.22011954518,0.0468687769575,0.0816136819756,0.202838842525,0.0108859097889,0.010400586325,0.000538145814853,0.00891043405299,0.219328439752,0.140312335536,1,0.1,30,20,1,8,20,6.79181766524e-08,2.92365480118e-08,6.79181766524e-08,5.88802420073e-08,0.00106690102355,4.22569401434e-08,6.79181766524e-08,2.92365480118e-08,6.79181766524e-08,0.284822026343,0.429302555096,0.284808086255
612,0.0189852981196,0.0559418902477,0.0727698148134,0.135283568338,0.189293090396,0.0256166974594,0.0697018483098,0.147502527158,0.0356231158361,0.00890681027323,0.0618956514937,0.178479687554,1,0.1,30,20,1,8,20,3.7727278114e-06,1.62403561506e-06,3.7727278114e-06,0.000829964551125,3.08460474588e-06,0.00415378191114,3.7727278114e-06,1.62403561506e-06,3.7727278114e-06,0.283699245036,0.427610225013,0.283685359901
613,0.0684995050904,0.00282988251787,0.185345450699,0.197891119446,0.0381830345629,0.00666281696986,0.00994668501088,0.163483778843,0.113863621285,0.141516869068,0.0166811925237,0.0550960439826,1,0.1,30,20,1,8,20,0.000119744469599,5.15460677413e-05,0.000119744469599,0.000250879726259,0.00104302090301,0.000120290855227,0.000119744469599,5.15460677413e-05,0.000119744469599,0.284557164152,0.428903337322,0.284543237028
614,0.0449533794369,0.00590556391399,0.0887947377305,0.213645675749,0.0102752021631,0.186495869479,0.0771523888863,0.0493243179372,0.0126888266577,0.172908342936,0.0656039263791,0.0722517687312,1,0.1,30,20,1,8,20,3.10962404994e-05,1.33859118893e-05,3.10962404994e-05,0.0352257087209,0.000685633529425,0.00049722480655,3.10962404994e-05,1.33859118893e-05,3.10962404994e-05,0.274702210259,0.414049300431,0.274688765467
615,0.0213257651029,0.00259324408722,0.0550484506415,0.15052133342,0.0555615841784,0.0747312182219,0.0807132640022,0.0564330279153,0.00847595890296,0.254427880849,0.0765594321603,0.163608840518,1,0.1,30,20,1,8,20,9.31680165356e-06,4.01057761393e-06,9.31680165356e-06,1.19366287477e-05,3.35718886652e-06,1.70919533486e-05,9.31680165356e-06,4.01057761393e-06,9.31680165356e-06,0.285104203966,0.429727871833,0.285090250068
616,0.0734215790359,0.0316271968764,0.00247547530734,0.0399031731381,0.201736192563,0.178003078752,0.0143171976679,0.0357516046434,0.161205947806,0.102583513687,0.094778321524,0.0641967189993,1,0.1,30,20,1,8,20,3.44616333703e-07,1.48346031689e-07,3.44616333703e-07,1.63766821641e-07,6.40924379708e-07,0.00218161145317,3.44616333703e-07,1.48346031689e-07,3.44616333703e-07,0.284503608925,0.42882261535,0.284489684422
617,0.0158705607176,0.0782582461294,0.133541548246,0.0116393385873,0.0790440265047,0.051408676149,0.051199780722,0.19243225897,0.19560859774,0.0880892812139,0.102313347988,0.000594337032074,1,0.1,30,20,1,8,20,3.82661753434e-08,1.64723337374e-08,3.82661753434e-08,1.64317739551e-08,1.11838605467e-08,0.00511346780556,3.82661753434e-08,1.64723337374e-08,3.82661753434e-08,0.283668305582,0.427563591025,0.283654421962
618,0.0719716254856,0.0484537325865,0.0702515860802,0.195479412305,0.00865518504839,0.0164496778687,0.0398472063387,0.0898558788563,0.00740046659952,0.0498185921881,0.388035108837,0.0137815278064,1,0.1,30,20,1,8,20,9.36940901708e-08,4.03322335893e-08,9.36940901708e-08,0.0336345657211,3.81300526753e-05,4.75438645708e-07,9.36940901708e-08,4.03322335893e-08,9.36940901708e-08,0.275525112619,0.415289633176,0.275511627552
619,0.0566254611072,0.201598605544,0.0237739333801,0.145443097515,0.0563771920865,0.248892521294,0.0782292475929,0.0801598991479,0.0233944359643,0.0291046524765,0.0286136583946,0.0277872954971,1,0.1,30,20,1,8,20,0.0003775283518,0.000162513576295,0.0003775283518,0.00217355642805,0.0163783619985,0.000129173712953,0.0003775283518,0.000162513576295,0.0003775283518,0.279276632344,0.42094417129,0.279262963666
620,0.108174511481,0.000596067366786,0.0511023125792,0.0287625777844,0.167563030908,0.0847584000055,0.0428145880846,0.185018237672,0.00248080007744,0.191047344421,0.0253398463214,0.112342283299,1,0.1,30,20,1,8,20,2.1104173397e-05,9.08465464157e-06,2.1104173397e-05,1.25520805833e-05,0.00082385270159,2.08407421224e-08,2.1104173397e-05,9.08465464157e-06,2.1104173397e-05,0.28485861395,0.429357702352,0.284844672072
621,0.00175308520372,0.104547284855,0.149179231665,0.0809650626477,0.0845263862183,0.201215281377,0.0369581797109,0.0267790477178,0.141335693482,0.0258449797277,0.036265879486,0.110629887909,1,0.1,30,20,1,8,20,5.27576129088e-10,2.27104224351e-10,5.27576129088e-10,1.42790987619e-08,0.00652308578742,1.80427431613e-08,5.27576129088e-10,2.27104224351e-10,5.27576129088e-10,0.283266437314,0.42695786865,0.283252573362
622,0.0506567485928,0.212915629643,0.122617367269,0.0460832204902,0.0115549817774,0.172213544612,0.0620989210089,0.0125342131363,0.212767203771,0.0285202790731,0.0441415524755,0.023896338151,1,0.1,30,20,1,8,20,0.000196838955979,8.47327161995e-05,0.000196838955979,0.0677366765423,0.000424089268466,0.0102511230039,0.000196838955979,8.47327161995e-05,0.000196838955979,0.26249624023,0.395651656863,0.262483392836
623,0.0286907779394,0.0322411025499,0.094676058426,0.0184581865663,0.000530402441183,0.0638309850211,0.0338352177959,0.214229311263,0.104483354063,0.00806659486267,0.0380742037972,0.362883805274,1,0.1,30,20,1,8,20,3.06408870148e-06,1.31898971452e-06,3.06408870148e-06,0.00480696217503,8.06649007959e-07,6.76021969394e-06,3.06408870148e-06,1.31898971452e-06,3.06408870148e-06,0.283749355044,0.427685754122,0.283735467456
624,0.102931539405,0.0478567937795,0.0963738883925,0.119284736643,0.148843007117,0.0516017505777,0.0082153656317,0.16507509272,0.018946232373,0.0121950193825,0.0373024248236,0.191374149155,1,0.1,30,20,1,8,20,2.77331963089e-05,1.19382316395e-05,2.77331963089e-05,0.0318614323297,0.000211185630904,7.49546700191e-09,2.77331963089e-05,1.19382316395e-05,2.77331963089e-05,0.275943162579,0.415919745665,0.275929657051
625,0.0897831448689,0.144738181834,0.0914960710741,0.0242151272718,0.110860411935,0.0237946382999,0.120654265797,0.190547047691,0.0333640779176,0.121560307129,0.0247703443555,0.0242163818263,1,0.1,30,20,1,8,20,1.27422027038e-07,5.48510044717e-08,1.27422027038e-07,0.128028888981,1.96930831845e-05,1.59190912923e-06,1.27422027038e-07,5.48510044717e-08,1.27422027038e-07,0.248615695466,0.37472998374,0.24860352743
626,0.00240279296121,0.197264986704,0.0611407827793,0.0439186156528,0.131772919196,0.0541708644914,0.007657891927,0.0758756041256,0.0275096783877,0.0999617634773,0.0884022261282,0.20992187417,1,0.1,30,20,1,8,20,4.08267158701e-11,1.7574562474e-11,4.08267158701e-11,5.64923675149e-06,4.2535533815e-05,0.00112401294231,4.08267158701e-11,1.7574562474e-11,4.08267158701e-11,0.284792126395,0.429257487922,0.284778187771
627,0.0546947392556,0.0945522174507,0.0573322632416,0.176356465553,0.267770909648,0.0135032207499,0.0600988503712,0.0792980768762,0.0459284946638,0.0163004255434,0.0634706492554,0.0706936873921,1,0.1,30,20,1,8,20,1.70771978955e-09,7.35117373268e-10,1.70771978955e-09,0.13174257684,0.000346150761843,0.00174788401,1.70771978955e-09,7.35117373268e-10,1.70771978955e-09,0.246966003855,0.372243459672,0.24695391656
628,0.030466711231,0.126941501403,0.0155719520875,0.311193875422,0.104434351314,0.080998451394,0.0404904723463,0.114483186115,0.0382786212195,0.038853920916,0.0176681106168,0.0806188459356,1,0.1,30,20,1,8,20,6.15224402804e-05,2.64833932199e-05,6.15224402804e-05,0.120506533188,0.000314671116213,0.00265859828674,6.15224402804e-05,2.64833932199e-05,6.15224402804e-05,0.249833736483,0.376565895547,0.249821508832
629,0.0897367995786,0.157129792176,0.164361186629,0.0505629420522,0.0251317185165,0.0257304262764,0.0164283220546,0.0916199050197,0.0185879536273,0.142846616733,0.183359186239,0.0345051510976,1,0.1,30,20,1,8,20,1.72636944116e-08,7.43145436766e-09,1.72636944116e-08,2.91328888809e-08,0.00115099482346,2.94354561837e-08,1.72636944116e-08,7.43145436766e-09,1.72636944116e-08,0.284798131328,0.429266538953,0.28478419241
630,0.140012764116,0.0123742038236,0.0778878468055,0.036257004689,0.0212291152683,0.146372376178,0.0916858760034,0.0216416991886,0.0349598911248,0.242318405329,0.11521430691,0.0600465105632,1,0.1,30,20,1,8,20,1.94807750172e-05,8.3858348703e-06,1.94807750172e-05,0.000602881244435,4.95835069684e-05,0.00164325212973,1.94807750172e-05,8.3858348703e-06,1.94807750172e-05,0.284444781557,0.428733946859,0.284430859933
631,0.0385218488214,0.043693037249,0.123511698083,0.0637336900781,0.0845858387193,0.0159920230468,0.145279036106,0.207372705167,0.0137500079691,0.254060741687,0.00894087065643,0.000558502417343,1,0.1,30,20,1,8,20,1.37710976186e-06,5.92800597053e-07,1.37710976186e-06,0.016388053776,0.000996109706943,0.000676582971929,1.37710976186e-06,5.92800597053e-07,1.37710976186e-06,0.27997484753,0.421996567297,0.279961144678
632,0.302165486817,0.0458266269208,0.164925231519,0.0516435010939,0.0736490967576,0.168679864015,0.0706213511303,0.0110856944538,0.015151942189,0.0101211979236,0.0181452454585,0.0679847617214,1,0.1,30,20,1,8,20,0.000244463616614,0.00010523357099,0.000244463616614,0.0337860504887,0.0074658780704,0.000324314234627,0.000244463616614,0.00010523357099,0.000244463616614,0.272933046712,0.411382700377,0.272919688509
633,0.151194435601,0.0495376586053,0.0868998960311,0.138411315693,0.0461709683197,0.0863303840967,0.0631655886389,0.115026610273,0.117654824716,0.000232139342444,0.000381509455974,0.144994669228,1,0.1,30,20,1,8,20,0.000187090592425,8.05363653384e-05,0.000187090592425,9.46073725856e-08,0.00190244775386,0.000134951057025,0.000187090592425,8.05363653384e-05,0.000187090592425,0.284286103933,0.428494777472,0.284272190076
634,0.103784738531,0.0143845250008,0.171135536164,0.00013227719903,0.000963752118596,0.00586386504735,0.0429458112409,0.0670848690025,0.014069629448,0.108756242402,0.257740265037,0.213138488808,1,0.1,30,20,1,8,20,2.93589113504e-06,1.26380486576e-06,2.93589113504e-06,0.000119956214281,0.000436880243134,6.07536139375e-07,2.93589113504e-06,1.26380486576e-06,2.93589113504e-06,0.284963339849,0.429515552138,0.284949392845
635,0.00417935929693,0.270438918597,0.0162023992303,0.241418472042,0.016194342745,0.134559664195,0.173011824666,0.0793023605211,0.00392166976483,0.0304125616106,0.0138618419512,0.0164965853793,1,0.1,30,20,1,8,20,0.000183845586127,7.91394965311e-05,0.000183845586127,3.55957799683e-06,0.046838092651,5.55880156338e-07,0.000183845586127,7.91394965311e-05,0.000183845586127,0.271515596646,0.409246226091,0.271502307817
636,0.113339507622,0.171847461933,0.0597220621797,0.217666693497,0.00403314781344,0.055898533203,0.0699968487991,0.0938657981334,0.0526568119901,0.0193241683432,0.0229674241928,0.118681542293,1,0.1,30,20,1,8,20,6.33225957077e-05,2.72583011043e-05,6.33225957077e-05,1.38845857109e-06,7.1620129809e-05,6.09416468105e-07,6.33225957077e-05,2.72583011043e-05,6.33225957077e-05,0.285017596593,0.429597331484,0.285003646934
637,0.144762543526,0.0258072341643,0.138013108382,0.0461989709693,0.0814798193148,0.00710922578458,0.0940484681055,0.208155315643,0.00692031480892,0.0464229961988,0.117601284719,0.0834807183843,1,0.1,30,20,1,8,20,1.52826223272e-06,6.57866779469e-07,1.52826223272e-06,2.30479109531e-08,0.00176976533173,0.001046359164,1.52826223272e-06,6.57866779469e-07,1.52826223272e-06,0.284321274894,0.428547789465,0.284307359315
638,0.162397698811,0.00120161909365,0.0437985837593,0.116550544309,0.0279629712091,0.065673078768,0.0369451777264,0.291753499506,0.0728688051078,0.0272610673656,0.102867702593,0.0507192517517,1,0.1,30,20,1,8,20,0.000258705569259,0.00011136426461,0.000258705569259,0.0352678224881,0.000609471087248,1.55098499107e-05,0.000258705569259,0.00011136426461,0.000258705569259,0.274533805971,0.413795470375,0.274520369422
639,0.0528243793325,0.225805399302,0.00936786400115,0.0764132610909,0.0765515681465,0.092089974994,0.0796929109852,0.0312801402165,0.0869348898473,0.151943282442,0.101531099923,0.0155652297185,1,0.1,30,20,1,8,20,4.12942385181e-07,1.7775815644e-07,4.12942385181e-07,0.0576973025563,5.27824732608e-07,2.08815570606e-07,4.12942385181e-07,1.7775815644e-07,4.12942385181e-07,0.268674547208,0.404964008881,0.268661397429
640,0.0483127663623,0.170292489981,0.118855593377,0.0569738495133,0.0183910288819,0.0858791323964,0.250847485048,0.0430180291166,0.0531325005819,0.0407565440847,0.00166433917656,0.11187624148,1,0.1,30,20,1,8,20,0.000149904147521,6.45288201508e-05,0.000149904147521,0.000193034730643,4.78708609071e-06,0.00581581786057,0.000149904147521,6.45288201508e-05,0.000149904147521,0.283203939547,0.426863667891,0.283190078654
641,0.0649793415882,0.0945947821069,0.143260079582,0.00305481503428,0.0580808351552,0.0438014418022,0.138799428299,0.0527424287907,0.270725996168,0.0232539247111,0.0256689667287,0.0810379600339,1,0.1,30,20,1,8,20,1.89576016852e-07,8.1606259057e-08,1.89576016852e-07,0.000158284763758,0.00136895279447,0.011556862679,1.89576016852e-07,8.1606259057e-08,1.89576016852e-07,0.281395466404,0.424137817819,0.281381694023
642,0.00913789628922,0.169014714271,0.038884810554,0.0383855040482,0.0221441484612,0.0417707155664,0.00195848766927,0.0933896013526,0.0914078773409,0.211250370807,0.019312344301,0.263343529339,1,0.1,30,20,1,8,20,3.30592638414e-07,1.42309290704e-07,3.30592638414e-07,0.00341470337643,0.00109692429131,9.80618450729e-10,3.30592638414e-07,1.42309290704e-07,3.30592638414e-07,0.2838395085,0.427821639362,0.2838256165
643,0.166856202904,0.0303134832094,0.0237101177356,0.162605406645,0.0225345457719,0.252446839982,0.0993385491018,0.0281701115502,0.0208042686455,0.148463926586,0.0366611245872,0.00809542328079,1,0.1,30,20,1,8,20,2.48988508338e-06,1.07181388506e-06,2.48988508338e-06,5.79437299879e-06,0.000907489883246,0.00391830897841,2.48988508338e-06,1.07181388506e-06,2.48988508338e-06,0.283745285428,0.427679620129,0.28373139804
644,0.118398605018,0.00863540607836,0.0696908892137,0.187218175878,0.337433783332,0.00295193605664,0.0682192821218,0.00241691179369,0.129762754387,0.00640538569004,0.0143036317686,0.0545632386623,1,0.1,30,20,1,8,20,6.56099828762e-05,2.82429462769e-05,6.56099828762e-05,0.0456030375585,0.0537194175362,2.74491076886e-05,6.56099828762e-05,2.82429462769e-05,6.56099828762e-05,0.256708141104,0.386927451872,0.256695576998
645,0.190476444409,0.0275701944798,0.00601096810451,0.106712909039,0.0660213676855,0.0912186343715,0.0248108360062,0.129965876193,0.0881349953009,0.169216281346,0.092252680954,0.00760881210994,1,0.1,30,20,1,8,20,1.71157290052e-05,7.367760112e-06,1.71157290052e-05,0.0246503302356,0.000340982518924,0.000796649622697,1.71157290052e-05,7.367760112e-06,1.71157290052e-05,0.277749801232,0.418642830673,0.277736207281
646,0.138630584476,0.0247659607333,0.0158586634631,0.0954912932787,0.105939895196,0.0922818573611,0.155462341417,0.0784264549899,0.0566043403595,0.19758309349,0.00459324337402,0.0343622718612,1,0.1,30,20,1,8,20,2.01239850741e-07,8.66271570891e-08,2.01239850741e-07,3.98811385541e-09,0.0033458633481,2.28274319349e-10,2.01239850741e-07,8.66271570891e-08,2.01239850741e-07,0.284172076985,0.42832290853,0.284158168708
647,0.128791980881,0.0350117149856,0.0637841756354,0.0346922265388,0.0948934409228,0.0153653523525,0.112089915003,0.14893555905,0.0308894405091,0.0333869865184,0.193796625957,0.108362581647,1,0.1,30,20,1,8,20,2.86665169477e-06,1.23399955709e-06,2.86665169477e-06,0.0201980900009,4.28728432347e-06,6.43118155505e-07,2.86665169477e-06,1.23399955709e-06,2.86665169477e-06,0.2793619643,0.421072789245,0.279348291445
648,0.0931482300685,0.0635407852247,0.174745384946,0.108108793111,0.111458762491,0.022634428221,0.00396663258732,0.223295441043,0.0364122544707,0.058605505504,0.0508519519825,0.0532318303507,1,0.1,30,20,1,8,20,2.62099161034e-10,1.12825094594e-10,2.62099161034e-10,0.036522926364,0.0207523863968,1.00087789028e-08,2.62099161034e-10,1.12825094594e-10,2.62099161034e-10,0.268795646767,0.405146538129,0.268782491061
649,0.0123927010878,0.150102562661,0.180911761522,0.0655710576071,0.0676225934935,0.0617609056337,0.0484811770804,0.0154478043634,0.0581176408005,0.24684580718,0.0269011844353,0.065844804135,1,0.1,30,20,1,8,20,6.61302103024e-06,2.84668871256e-06,6.61302103024e-06,0.0150233977276,1.58187829346e-05,2.87191816601e-06,6.61302103024e-06,2.84668871256e-06,6.61302103024e-06,0.280828289606,0.423282931518,0.280814544985
650,0.0848829332639,0.183911404863,0.0194586641491,0.0481594163935,0.132238777667,0.252145205627,0.0321569877783,0.0185979626137,0.00353795567893,0.00715034725519,0.0923193807613,0.125440963949,1,0.1,30,20,1,8,20,1.39813245138e-06,6.01850175555e-07,1.39813245138e-06,0.00765357425472,9.81663299419e-06,0.00984835972662,1.39813245138e-06,6.01850175555e-07,1.39813245138e-06,0.280131351573,0.42223246052,0.280117641062
651,0.0748903101323,0.00254754972582,0.284646190202,0.0830303402382,0.0688579075246,0.00715437257102,0.162925462238,0.00779496505304,0.0686222265265,0.151800060389,0.00279292293102,0.0849376924681,1,0.1,30,20,1,8,20,4.29123410635e-06,1.84723557322e-06,4.29123410635e-06,3.2534443281e-07,7.79372289517e-06,0.00176953290687,4.29123410635e-06,1.84723557322e-06,4.29123410635e-06,0.284613547921,0.42898832266,0.284599618037
652,0.238101736255,0.162772653858,0.191868316628,0.132816427484,0.0183457488238,0.0713750921721,0.0848510670738,0.0189641775117,0.0468911326844,0.0109856757052,0.0134116814372,0.00961629036751,1,0.1,30,20,1,8,20,5.59578856866e-06,2.4088034929e-06,5.59578856866e-06,0.340909089982,1.0088591491e-05,0.0281999941356,5.59578856866e-06,2.4088034929e-06,5.59578856866e-06,0.17987299249,0.271116445101,0.179864188939
653,0.0376151330169,0.159319727426,0.110571458307,0.0129271721155,0.00161098927546,0.112577043619,0.151242849505,0.0292473858642,0.0970129666983,0.203192215457,0.0649757623008,0.0197072964134,1,0.1,30,20,1,8,20,9.93832659974e-07,4.27812372346e-07,9.93832659974e-07,1.50707441826e-08,0.00125382519098,0.000506548402498,9.93832659974e-07,4.27812372346e-07,9.93832659974e-07,0.28462304028,0.42900263017,0.284609109931
654,0.130246389522,0.189013502017,0.0314920068381,0.0318446968041,0.152179681881,0.101236984493,0.136777067268,0.102880995568,0.0272932895487,0.00274016184592,0.0239659346107,0.0703292896039,1,0.1,30,20,1,8,20,1.60653847343e-07,6.91562134415e-08,1.60653847343e-07,1.58324592465e-05,0.0177780611915,0.0032664939582,1.60653847343e-07,6.91562134415e-08,1.60653847343e-07,0.279121256778,0.420709978982,0.279107595704
655,9.25874351082e-05,0.0226693729958,0.18734502196,0.0328379686171,0.0683911729642,0.0345265207063,0.0406170362557,0.150583141272,0.00973830415034,0.139062567485,0.164230778584,0.149905527575,1,0.1,30,20,1,8,20,8.39088749471e-07,3.61200192927e-07,8.39088749471e-07,1.26418315776e-06,8.41242463689e-07,0.000246912448447,8.39088749471e-07,3.61200192927e-07,8.39088749471e-07,0.28505418639,0.429652482041,0.28504023494
656,0.00242072950076,0.0824280266593,0.0706487784648,0.0263831864507,0.26352669513,0.0746254640666,0.0514934556708,0.068251477177,0.0437444502345,0.223901505771,0.0508896043533,0.0416866265213,1,0.1,30,20,1,8,20,1.21032438392e-05,5.21004960739e-06,1.21032438392e-05,9.93266834762e-06,0.000812361807091,2.640425002e-05,1.21032438392e-05,5.21004960739e-06,1.21032438392e-05,0.284867589678,0.429371231162,0.28485364736
657,0.143657249717,0.01148379291,0.0597017982498,0.0770426622591,0.220006835507,0.00463716142507,0.0647918112465,0.0476527183927,0.0359211871557,0.0268829124118,0.240623256741,0.0675986139842,1,0.1,30,20,1,8,20,9.45914943139e-06,4.0718536647e-06,9.45914943139e-06,0.0143463165873,0.000756145111522,7.07872515286e-06,9.45914943139e-06,4.0718536647e-06,9.45914943139e-06,0.280805112587,0.423247997584,0.2807913691
658,0.0406543602311,0.162049503409,0.192952325468,0.0641730320363,0.101135405126,0.0100450515406,0.033734556363,0.0426021968646,0.0715572174457,0.0421949865768,0.0810342020185,0.157867162921,1,0.1,30,20,1,8,20,0.000191608155005,8.24810278982e-05,0.000191608155005,0.00136260615117,0.00130162437836,0.000167821943931,0.000191608155005,8.24810278982e-05,0.000191608155005,0.284053292956,0.428143869402,0.284039390493
659,0.169640539144,0.0867149663887,0.0516482156644,0.131129824815,0.0230320396949,0.0516621480582,0.0026934015407,0.0990770418969,0.0577042891654,0.0626775475084,0.0922259857032,0.171794000421,1,0.1,30,20,1,8,20,1.86615451237e-05,8.03318326367e-06,1.86615451237e-05,0.00813012137549,1.26762426406e-05,0.00618869386834,1.86615451237e-05,8.03318326367e-06,1.86615451237e-05,0.2810142005,0.423563148687,0.28100044678
660,0.13472975833,0.0484582638635,0.101079292485,0.0584615202928,0.0758897146742,0.00995361339869,0.0353015214466,0.326938787269,0.0602309230496,0.00632271694921,0.0648681402729,0.0777657479686,1,0.1,30,20,1,8,20,7.26405372554e-07,3.12693694053e-07,7.26405372554e-07,0.10864017377,0.00553702439751,0.000144076950211,7.26405372554e-07,3.12693694053e-07,7.26405372554e-07,0.252529336119,0.380628881216,0.252516976538
661,0.220836822674,0.0500014842478,0.144123286171,0.0169271782255,0.0626896903325,0.0750867835654,0.100749583299,0.0592827455612,0.0265733484278,0.083914155587,0.0252323910077,0.134582530901,1,0.1,30,20,1,8,20,5.21828348279e-06,2.24629993182e-06,5.21828348279e-06,0.023430610294,2.15672656335e-07,0.00101944518975,5.21828348279e-06,2.24629993182e-06,5.21828348279e-06,0.278147701876,0.419242572783,0.278134088451
662,0.23870582045,0.119226044232,0.00793249136593,0.294728796602,0.144050672432,0.00797373575879,0.00159938403265,0.00468968291821,0.0448633065984,0.075547851154,0.012946375894,0.0477358385622,1,0.1,30,20,1,8,20,2.97801919509e-07,1.28193961424e-07,2.97801919509e-07,1.12241937833e-08,1.54016258294e-08,0.0105474074585,2.97801919509e-07,1.28193961424e-07,2.97801919509e-07,0.282118586769,0.425227752555,0.282104778996
663,0.0320946177952,0.0590799629456,0.00085442277656,0.0879594766964,0.346950977012,0.0812002786012,0.247401646388,0.070096062703,0.00530523899611,0.0128939936595,0.0538015941986,0.00236172822811,1,0.1,30,20,1,8,20,0.0034993537586,0.00150635704927,0.0034993537586,0.0486450341753,0.00523547933782,0.0135488283497,0.0034993537586,0.00150635704927,0.0034993537586,0.261050432671,0.393472440294,0.26103765604
664,0.504626724845,0.0276229881985,0.035962872368,0.0156197336231,0.127622175909,0.162243777419,0.0322553932527,0.0652029873053,0.0194676863835,0.00172410614524,0.0049641297081,0.0026874248429,1,0.1,30,20,1,8,20,0.00961327284643,0.00413819874117,0.00961327284643,0.119841161448,0.353660063225,0.199845358506,0.00961327284643,0.00413819874117,0.00961327284643,0.0798136881092,0.120300458068,0.0798097817758
665,0.0377868883608,0.0596433476595,0.282872158553,0.173925512623,0.0478314577983,0.104102547914,0.0824858449127,0.0691058415397,0.0382985876136,0.00770370355865,0.00604186114578,0.0902022483206,1,0.1,30,20,1,8,20,4.36952482936e-06,1.88093716232e-06,4.36952482936e-06,0.192110504014,4.84622219254e-06,6.63807194394e-06,4.36952482936e-06,1.88093716232e-06,4.36952482936e-06,0.230341253377,0.347185538592,0.23032997975
666,0.059422693127,0.177110745123,0.0305443898829,0.003227863755,0.0482331865969,0.141316359064,0.211012286971,0.0430301142534,0.0238961281168,0.0111230055666,0.0499970707643,0.201086156779,1,0.1,30,20,1,8,20,2.27212694225e-08,9.78076145598e-09,2.27212694225e-08,1.29497827635e-07,0.000942335063851,0.00182049867365,2.27212694225e-08,9.78076145598e-09,2.27212694225e-08,0.284338525792,0.428573791157,0.284324609369
667,0.0183715765137,0.0324210022101,0.00542763421953,0.381622580146,0.0450133894658,0.057871033814,0.170756255341,0.00839291879125,0.0413114048293,0.155831944398,0.0242028865491,0.0587773737224,1,0.1,30,20,1,8,20,0.000161059801443,6.93309633704e-05,0.000161059801443,0.0803365862078,0.000366586070837,0.00272953028022,0.000161059801443,6.93309633704e-05,0.000161059801443,0.261114263138,0.393568649787,0.261101483383
668,0.039182197389,0.0116415321518,0.0859044154768,0.316267544705,0.0247599745275,0.00916963928587,0.264978681137,0.0529829435932,0.145453369278,0.0181812503243,0.00499346786976,0.0264849842618,1,0.1,30,20,1,8,20,4.21741396072e-06,1.81545842108e-06,4.21741396072e-06,0.0252833430823,0.0797426052696,1.87824920822e-06,4.21741396072e-06,1.81545842108e-06,4.21741396072e-06,0.255174304712,0.384615552436,0.255161815678
669,0.202087547036,0.120736579306,0.118351751989,0.0489063348558,0.14520125956,0.0707669637145,0.0116099279593,0.0269747840154,0.0243552118788,0.129139276458,0.00861639668686,0.0932539665405,1,0.1,30,20,1,8,20,5.29715094507e-07,2.28024978827e-07,5.29715094507e-07,3.50828722524e-07,0.00114994826263,0.00151336377906,5.29715094507e-07,2.28024978827e-07,5.29715094507e-07,0.284366136259,0.428615407475,0.284352218485
670,0.114014934082,0.0131611931004,0.0956887403545,0.0994965437809,0.139319316395,0.00747805753088,0.0485075499752,0.183638747888,0.100835311141,0.0066581960039,0.000986808514144,0.190214601234,1,0.1,30,20,1,8,20,2.05463696955e-09,8.84453843846e-10,2.05463696955e-09,0.0329112376801,0.00205701321292,0.00136725215553,2.05463696955e-09,8.84453843846e-10,2.05463696955e-09,0.274766138668,0.414145657549,0.274752690747
671,0.0336446903412,0.17965256102,0.0778851042207,0.00451209576884,0.166009423752,0.133153197689,0.0386263466647,0.0662675070664,0.00134159067956,0.00630842327035,0.19706889633,0.0955301631973,1,0.1,30,20,1,8,20,1.88056509671e-05,8.09521610404e-06,1.88056509671e-05,3.10545804984e-07,0.000221688167353,3.16280186404e-05,1.88056509671e-05,8.09521610404e-06,1.88056509671e-05,0.285027970978,0.429612968442,0.285014020811
672,0.0956269701709,0.13316448706,0.104460594447,0.182754535736,0.0536928296038,0.0527721156272,0.00315843133833,0.0245670930013,0.0760111835643,0.228420223686,0.0163358801712,0.0290356555945,1,0.1,30,20,1,8,20,1.33124536955e-05,5.73057480057e-06,1.33124536955e-05,0.0443284643104,3.62573545059e-06,0.000105988483904,1.33124536955e-05,5.73057480057e-06,1.33124536955e-05,0.272437432935,0.410635678583,0.272424098988
673,0.0113653953546,0.0639920639875,0.0400516399537,0.0012879027799,0.0968652061521,0.143833547375,0.0950043275532,0.137530755779,0.0381859520975,0.205540020437,0.0129988991808,0.153344289349,1,0.1,30,20,1,8,20,6.87967652894e-10,2.96147516112e-10,6.87967652894e-10,0.0275807753455,3.1502677856e-08,0.000668898257035,6.87967652894e-10,2.96147516112e-10,6.87967652894e-10,0.277071614624,0.417620623061,0.277058053866
674,0.0597038747074,0.0684919500715,0.0432720586591,0.0990645062467,0.225049328537,0.0389946822202,0.133524344524,0.0534045726306,0.0711042359489,0.161791168611,0.00978750645448,0.0358117713892,1,0.1,30,20,1,8,20,5.14729343656e-05,2.21574104469e-05,5.14729343656e-05,2.05107305934e-05,5.05320331342e-05,7.96277636786e-05,5.14729343656e-05,2.21574104469e-05,5.14729343656e-05,0.285012050288,0.429588971727,0.2849981009
675,0.120964514645,0.0295858744684,0.359833370247,0.0389024612462,0.0036726147901,0.0171452877837,0.0383468657232,0.179501267828,0.0336327785721,0.0420680826015,0.0508603186685,0.0854865634268,1,0.1,30,20,1,8,20,2.94820346671e-05,1.26910492082e-05,2.94820346671e-05,0.0874633423808,6.1500901925e-05,0.000863874855314,2.94820346671e-05,1.26910492082e-05,2.94820346671e-05,0.259883536719,0.391713617706,0.2598708172
676,0.104634141253,0.0178958806193,0.00361299551302,0.231276015646,0.0255714283802,0.0522975177915,0.0771142762934,0.0491133445627,0.0847062947953,0.149048021168,0.000674869911972,0.204055214065,1,0.1,30,20,1,8,20,0.000152132893681,6.54882222921e-05,0.000152132893681,0.000905368187419,0.000306282933822,7.35885688272e-05,0.000152132893681,6.54882222921e-05,0.000152132893681,0.284549041982,0.428891095052,0.284535115256
677,0.0389129093142,0.133174834369,0.0423203685358,0.0635460516012,0.020553361169,0.0145380294213,0.0625527386843,0.138587178394,0.387292072938,0.0317344441743,0.0612671296772,0.00552088172103,1,0.1,30,20,1,8,20,3.40512532924e-05,1.46579480018e-05,3.40512532924e-05,1.53622415209e-05,0.00209144803286,0.0192121964852,3.40512532924e-05,1.46579480018e-05,3.40512532924e-05,0.279000545933,0.420528035631,0.278986890767
678,0.00724102290638,0.0132144139801,0.127034198532,0.0217381908386,0.0297399183017,0.134716870295,0.216582868691,0.314856969556,0.0101473129314,0.0105240655634,0.102270187965,0.0119339804397,1,0.1,30,20,1,8,20,0.000174618641046,7.51675992252e-05,0.000174618641046,0.0204697005077,0.000188538617612,0.000125390462682,0.000174618641046,7.51675992252e-05,0.000174618641046,0.278958372415,0.420464468921,0.278944719313
679,0.0709523594275,0.00733535835819,0.0319294674238,0.041836551256,0.0336017198562,0.0089238381756,0.0480550570157,0.284399936008,0.118615227611,0.158367723735,0.156095928537,0.0398868325962,1,0.1,30,20,1,8,20,6.29099810103e-06,2.70806840066e-06,6.29099810103e-06,1.15991706724e-07,1.52739613898e-05,0.000183308874713,6.29099810103e-06,2.70806840066e-06,6.29099810103e-06,0.285060977436,0.429662717953,0.285047025654
680,0.0228526228833,0.0245649769042,0.0201714373416,0.0142940583748,0.155440420165,0.0219662820807,0.177005813407,0.066770882024,0.133517334551,0.108971206587,0.094671088011,0.15977387767,1,0.1,30,20,1,8,20,3.59295169552e-07,1.54664789203e-07,3.59295169552e-07,7.46027133722e-06,8.77202740806e-08,0.000775239315777,3.59295169552e-07,1.54664789203e-07,3.59295169552e-07,0.284902659644,0.429424090929,0.28488871561
681,0.0428554665296,0.170276816768,0.00271070190314,0.170235710899,0.0545726577041,0.0208175373828,0.122421612703,0.0907630991178,0.159633339202,0.0364199285112,0.125917598677,0.00337553060161,1,0.1,30,20,1,8,20,5.0512633945e-06,2.17440326041e-06,5.0512633945e-06,0.0650554414919,1.60983105065e-06,0.00366238807474,5.0512633945e-06,2.17440326041e-06,5.0512633945e-06,0.265525626964,0.400217748475,0.265512631303
682,0.045227368087,0.112705680711,0.231879531885,0.0323614775165,0.0325953189207,0.166437616541,0.0769664121766,0.017370027745,0.0797003674547,0.0704256555718,0.113762640322,0.0205679030691,1,0.1,30,20,1,8,20,6.50692826564e-07,2.80101925618e-07,6.50692826564e-07,8.64763206187e-09,0.000324475226923,0.0035936806275,6.50692826564e-07,2.80101925618e-07,6.50692826564e-07,0.284008277114,0.428076018555,0.283994376854
683,0.0766350473654,0.161203401671,0.0165653064449,0.221128758868,0.131574771849,0.0384861157639,0.028101043464,0.0163369009449,0.116253587781,0.0212666193526,0.0122343762642,0.160214070231,1,0.1,30,20,1,8,20,3.75584798734e-05,1.61676940429e-05,3.75584798734e-05,3.51032141647e-06,1.40106098962e-06,5.04813887146e-05,3.75584798734e-05,1.61676940429e-05,3.75584798734e-05,0.285058501649,0.429658986284,0.285044549988
684,0.0150724899713,0.0312809598696,0.102962764792,0.0988303525925,0.0157919413938,0.051329334425,0.0907472791807,0.0239545823322,0.00412486003925,0.15648146169,0.186338503847,0.223085469867,1,0.1,30,20,1,8,20,7.49572953173e-12,3.22666577844e-12,7.49572953173e-12,0.0209887916234,5.45154399833e-08,3.04644221064e-05,7.49572953173e-12,3.22666577844e-12,7.49572953173e-12,0.279133191579,0.420727967902,0.279119529921
685,0.152167470766,0.227883968984,0.00519724849499,0.0126823656961,0.0191381526782,0.217031427309,0.256264071384,0.0262944433081,0.0341201433633,0.0042032242329,0.00632479759278,0.0386926861904,1,0.1,30,20,1,8,20,0.00483078544902,0.00207949473435,0.00483078544902,0.223258530005,0.0118460466532,0.00269176506064,0.00483078544902,0.00207949473435,0.00483078544902,0.210628973335,0.317473889191,0.21061866449
686,0.0251632638361,0.111031216615,0.0295932265165,0.132164075375,0.00199796284401,0.126889465911,0.197561590417,0.0299875418928,0.216427814497,0.0525774656815,0.0199459051654,0.0566604712483,1,0.1,30,20,1,8,20,1.54806498082e-05,6.6639121319e-06,1.54806498082e-05,0.142297932038,0.000120114635876,0.0015539531726,1.54806498082e-05,6.6639121319e-06,1.54806498082e-05,0.24405468408,0.367855326374,0.244042739275
687,0.02433578,0.0213922745545,0.0387245391503,0.00815152943054,0.434989641644,0.129131870224,0.0464491753303,0.0384794724761,0.0403070033936,0.158300007356,0.000748651114519,0.0589900553267,1,0.1,30,20,1,8,20,8.38431688567e-08,3.60917349753e-08,8.38431688567e-08,0.00257789747256,0.00241867800485,0.00129022207465,8.38431688567e-08,3.60917349753e-08,8.38431688567e-08,0.283333703058,0.427059256019,0.283319835814
688,0.0996905337872,0.0500836761402,0.132079424649,0.0327479004964,0.171723537552,0.118745894222,0.0850274378982,0.00455586814333,0.0316431367263,0.0246007080552,0.0801250273266,0.168976855004,1,0.1,30,20,1,8,20,2.39576890792e-08,1.03129995759e-08,2.39576890792e-08,0.000707118202767,1.29614125036e-08,0.00424536882916,2.39576890792e-08,1.03129995759e-08,2.39576890792e-08,0.283714229452,0.427632810513,0.283700343584
689,0.0192259428524,0.163559002027,0.125782368155,0.00382301325504,0.0585268605134,0.05949279881,0.169162992079,0.191846904508,0.0272327763565,0.130495842862,0.00920113265546,0.0416503659255,1,0.1,30,20,1,8,20,3.06578155261e-06,1.31971843142e-06,3.06578155261e-06,7.74037015003e-05,0.000911638728546,0.00475460065285,3.06578155261e-06,1.31971843142e-06,3.06578155261e-06,0.283484437802,0.427286453372,0.28347056318
690,0.00406014032333,0.0650539267017,0.0159281462293,0.00920584220024,0.0860051630655,0.010443591515,0.0355651375632,0.0520197162122,0.459936082051,0.120975370096,0.0639191022506,0.0768877817925,1,0.1,30,20,1,8,20,1.82311953601e-07,7.84793180161e-08,1.82311953601e-07,2.3586624214e-05,0.00321868683314,4.78827663915e-08,1.82311953601e-07,7.84793180161e-08,1.82311953601e-07,0.284201626975,0.428367448226,0.284187717252
691,0.0487990587324,0.134834188222,0.0453370033161,0.056430991911,0.00822169942963,0.0859428187635,0.0797499294369,0.124427164688,0.092366458357,0.216778035266,0.0919740011806,0.0151386506966,1,0.1,30,20,1,8,20,3.81749562304e-07,1.64330669004e-07,3.81749562304e-07,0.0105822748409,0.00018305928492,0.00209778250443,3.81749562304e-07,1.64330669004e-07,3.81749562304e-07,0.281458208305,0.424232386552,0.281444432853
692,0.00535738719295,0.441026613371,0.0702768728067,0.00169654053753,0.018763416989,0.0408368415317,0.096036442673,0.0496153350021,0.0729997972847,0.0495660345868,0.00915633138096,0.144668386644,1,0.1,30,20,1,8,20,2.00824531474e-05,8.6448375763e-06,2.00824531474e-05,0.047841851963,0.000110118670596,9.93971815374e-06,2.00824531474e-05,8.6448375763e-06,2.00824531474e-05,0.271423312539,0.409107129395,0.271410028227
693,0.0217158938032,0.0572964840711,0.039089737161,0.0793362121409,0.133412053888,0.328553749749,0.129185351247,0.00507962051502,0.0471498586234,0.0741266833723,0.0201911820303,0.0648631733987,1,0.1,30,20,1,8,20,5.06472959052e-05,2.18020001624e-05,5.06472959052e-05,0.0389198031237,0.000681866139382,1.87356344856e-05,5.06472959052e-05,2.18020001624e-05,5.06472959052e-05,0.273759333274,0.412628134014,0.27374593463
694,0.00286786791137,0.0717661142597,0.091328922281,0.0101926213399,0.0250904019352,0.109312940073,0.155145298567,0.0711639046537,0.0138240998035,0.0293407993413,0.249032483558,0.170934546276,1,0.1,30,20,1,8,20,1.50554506699e-08,6.48087784518e-09,1.50554506699e-08,0.0139826610234,0.000330826245813,2.57376763779e-09,1.50554506699e-08,6.48087784518e-09,1.50554506699e-08,0.281045176914,0.423609838382,0.281031421678
695,0.0166255697099,0.0938803947231,0.206552777078,0.161501720318,0.145880222937,0.0382217027652,0.0756240033299,0.0239070289048,0.166514284256,0.0373638979009,0.0130579624462,0.0208704356319,1,0.1,30,20,1,8,20,1.81457405629e-05,7.81114631348e-06,1.81457405629e-05,0.249813025827,0.000638389648567,3.4144035451e-05,1.81457405629e-05,7.81114631348e-06,1.81457405629e-05,0.213681167727,0.322074358009,0.213670709498
696,0.0704728236989,0.149916237902,0.007433755102,0.0541790118545,0.208001621437,0.0129192696998,0.112335263253,0.0506078904445,0.0310426570669,0.206287965961,0.0312556847738,0.0655478188058,1,0.1,30,20,1,8,20,2.78891126954e-05,1.20053485314e-05,2.78891126954e-05,0.0118378175394,3.92108957593e-05,0.000151400858164,2.78891126954e-05,1.20053485314e-05,2.78891126954e-05,0.281658074991,0.424533638811,0.281644289757
697,0.135315243845,0.0758122867901,0.00787624706444,0.0912908080865,0.0192658851984,0.00442146402931,0.220132666507,0.0718023854796,0.0599215834527,0.0669828781186,0.0817702888394,0.165408262589,1,0.1,30,20,1,8,20,1.65707352973e-05,7.13315819109e-06,1.65707352973e-05,0.0456783346893,0.000434876904124,1.2659040188e-05,1.65707352973e-05,7.13315819109e-06,1.65707352973e-05,0.271951683016,0.409903524249,0.271938372844
698,0.119844564156,0.160708153272,0.00873565523297,0.0113081121336,0.155464123478,0.081567442494,0.0678071381707,0.197724038105,0.0129258976194,0.044754801577,0.10819768347,0.0309623902913,1,0.1,30,20,1,8,20,1.05765451622e-06,4.5528558874e-07,1.05765451622e-06,0.0874040030141,5.55700215765e-07,2.22358826246e-08,1.05765451622e-06,4.5528558874e-07,1.05765451622e-06,0.260203535801,0.39219594144,0.26019080062
699,0.0120158938337,0.0240571133676,0.0128768703874,0.196979177401,0.357680523892,0.00877388247946,0.0861637579858,0.0397151710827,0.00143153644129,0.020563964346,0.222975236016,0.0167668727677,1,0.1,30,20,1,8,20,0.000115694788336,4.98028127466e-05,0.000115694788336,0.0342856019207,0.00231770777085,6.93664769317e-06,0.000115694788336,4.98028127466e-05,0.000115694788336,0.274527454244,0.413785896633,0.274514018005
700,0.0192379569738,0.0392301961874,0.0628183751701,0.0323206737138,0.025785236518,0.13298371487,0.0299290066606,0.0458383300284,0.290168445633,0.0758750957578,0.0227386337247,0.223074334762,1,0.1,30,20,1,8,20,6.09925990628e-06,2.62553139492e-06,6.09925990628e-06,2.45112765512e-09,0.00120634305385,7.29037370199e-06,6.09925990628e-06,2.62553139492e-06,6.09925990628e-06,0.284771857884,0.429226937884,0.284757920252
701,0.0211627300852,0.0106578185779,0.16834731101,0.190167614775,0.196463161657,0.00616683121606,0.123917371247,0.0312794578192,0.0155640656424,0.0577933863324,0.145419821958,0.033060429681,1,0.1,30,20,1,8,20,3.11372773747e-06,1.34035769185e-06,3.11372773747e-06,0.0647815856937,0.000669318880927,0.000196579007414,3.11372773747e-06,1.34035769185e-06,3.11372773747e-06,0.266404207902,0.401542003648,0.266391169241
702,0.0715030945284,0.229349921021,0.0274659498557,0.057969408677,0.256356794772,0.0465780534107,0.100448928887,0.0560480692862,0.043482899652,0.0735333454775,0.0368144156479,0.000449118785189,1,0.1,30,20,1,8,20,1.31570596956e-09,5.66368277898e-10,1.31570596956e-09,0.0739018353154,0.00932657242511,0.000568546850786,1.31570596956e-09,5.66368277898e-10,1.31570596956e-09,0.261233629205,0.3937485662,0.261220843608
703,0.0824452854847,0.00850615086959,0.100736160829,0.150202039441,0.0781700064248,0.0272528819966,0.108562508249,0.068568904014,0.0945847469025,0.221266586041,0.0513638148477,0.00834091490134,1,0.1,30,20,1,8,20,4.67462640415e-05,2.01227338598e-05,4.67462640415e-05,0.0292342052688,0.00129447062561,0.000149824950358,4.67462640415e-05,2.01227338598e-05,4.67462640415e-05,0.276314312501,0.416479167322,0.276300788808
704,0.0236852012345,0.141126487527,0.0124288307805,0.0143132630839,0.156004801869,0.106602796053,0.027409518134,0.285711173786,0.038828983565,0.0456738555696,0.14766663668,0.000548451717734,1,0.1,30,20,1,8,20,3.45655157229e-05,1.48793211155e-05,3.45655157229e-05,0.00601805446675,1.37867889891e-05,3.09842030672e-05,3.45655157229e-05,1.48793211155e-05,3.45655157229e-05,0.283349772479,0.42708347691,0.283335904448
705,0.34237776799,0.00927804455995,0.00392645031222,0.0281055643146,0.0141046775169,0.121623233112,0.00780440562128,0.0555504025146,0.123693410895,0.171870940997,0.0563162827398,0.0653488194273,1,0.1,30,20,1,8,20,5.18698340003e-11,2.23282627253e-11,5.18698340003e-11,0.00383779181427,0.000151982975992,0.0105314612653,5.18698340003e-11,2.23282627253e-11,5.18698340003e-11,0.280985963789,0.423520588452,0.280972211451
706,0.0634718169711,0.0262347347335,0.0569665331878,0.00546722251711,0.0206384467326,0.397607259018,0.152699123724,0.00551662979519,0.164792811175,0.0206866082522,0.0130259257032,0.0728928881901,1,0.1,30,20,1,8,20,0.000491944369855,0.000211765920367,0.000491944369855,0.000192865634813,0.000351697900016,0.00068035089399,0.000491944369855,0.000211765920367,0.000491944369855,0.284095270227,0.428207140315,0.284081365709
707,0.018715651438,0.0706693783301,0.0621391375777,0.171702937589,0.0140021433764,0.166022425122,0.0755509542571,0.101614474525,0.156431311293,0.0527750483109,0.0249123894621,0.0854641487186,1,0.1,30,20,1,8,20,1.4109610223e-05,6.07372454687e-06,1.4109610223e-05,1.78614331474e-07,0.00091667708319,0.00554886815835,1.4109610223e-05,6.07372454687e-06,1.4109610223e-05,0.283263247015,0.42695306002,0.283249383219
708,0.0149480001854,0.0443740071423,0.202817228862,0.0180563836687,0.0222404188033,0.0370685604474,0.0555240797174,0.0528115408282,0.115468601775,0.0867556657119,0.254976906489,0.0949586063694,1,0.1,30,20,1,8,20,6.90768002218e-06,2.97352974672e-06,6.90768002218e-06,0.00561289819471,0.000502881291554,1.78947288697e-05,6.90768002218e-06,2.97352974672e-06,6.90768002218e-06,0.283367904852,0.42711080722,0.283354035934
709,0.13922892421,0.178488500345,0.018603167274,0.110718416101,0.153917895575,0.0500175791795,0.0210445531574,0.00712316838888,0.131634530154,0.0298134748742,0.044970426142,0.114439364598,1,0.1,30,20,1,8,20,4.76762651297e-06,2.05230688336e-06,4.76762651297e-06,0.0555178273263,0.00110494101242,0.00841828350942,4.76762651297e-06,2.05230688336e-06,4.76762651297e-06,0.266574825298,0.401799169447,0.266561778286
710,0.169727589767,0.00351140316333,0.295791605366,0.00800180264498,0.156033424481,0.12576943049,0.0095036157918,0.0705782510254,0.0364120334449,0.0432345814017,0.0094462829789,0.0719899794458,1,0.1,30,20,1,8,20,1.17582444621e-07,5.06153868811e-08,1.17582444621e-07,5.73908859493e-07,0.0127902876679,2.03969307738e-07,1.17582444621e-07,5.06153868811e-08,1.17582444621e-07,0.281479118098,0.424263903172,0.281465341623
711,0.127618160068,0.0212540137348,0.0291664903883,0.421199055409,0.0175144448193,0.131367586096,0.0442261663405,0.0510219566279,0.0541150944184,0.0110379339827,0.0468698921715,0.0446092059436,1,0.1,30,20,1,8,20,1.4398696368e-05,6.19816665317e-06,1.4398696368e-05,0.203316284438,2.44329123968e-05,0.000113299126697,1.4398696368e-05,6.19816665317e-06,1.4398696368e-05,0.2270962933,0.342294520612,0.227085178492
712,0.0876565080966,0.0790629446802,0.163322630698,0.0176340492446,0.0975193373805,0.0244386380398,0.0729168722725,0.000963787169902,0.0841772683884,0.0528949600494,0.00459418938049,0.314818814599,1,0.1,30,20,1,8,20,1.45951202248e-05,6.2827206828e-06,1.45951202248e-05,0.00167706865028,0.000183099891629,0.000383700678614,1.45951202248e-05,6.2827206828e-06,1.45951202248e-05,0.284466336114,0.428766435309,0.284452413435
713,0.159597716277,0.111345203412,0.0206024729652,0.208459507003,0.135318660617,0.0430617945389,0.00793342495228,0.098703898497,0.0532616484118,0.155767217422,0.00532349208911,0.000624963815395,1,0.1,30,20,1,8,20,2.46827265451e-06,1.06251044311e-06,2.46827265451e-06,2.83733391504e-11,0.00587499574406,6.40051555482e-07,2.46827265451e-06,1.06251044311e-06,2.46827265451e-06,0.283447631329,0.427230976227,0.283433758509
714,0.0217263983911,0.091663420678,0.162323518939,0.156906671589,0.0423290528437,0.0627597509636,0.0328669173684,0.0310624468508,0.210996817914,0.0696544761057,0.064585751036,0.0531247773205,1,0.1,30,20,1,8,20,6.14323236717e-08,2.64446009748e-08,6.14323236717e-08,0.0526663574859,0.000300383699515,0.00233266995935,6.14323236717e-08,2.64446009748e-08,6.14323236717e-08,0.269358946457,0.405995580598,0.269345763182
715,0.156660208177,0.072646515347,0.103013139603,0.0308193031021,0.037792195881,0.0482792906181,0.0324788028493,0.0104826138377,0.205858597362,0.121314134299,0.139264507875,0.0413906910496,1,0.1,30,20,1,8,20,1.0104639092e-07,4.34971579797e-08,1.0104639092e-07,0.00514786423058,0.00057587657942,0.00115064573867,1.0104639092e-07,4.34971579797e-08,1.0104639092e-07,0.283166142109,0.426806697097,0.283152283065
716,0.0505052213252,0.0954284277094,0.00441080087394,0.0181403000479,0.155333335523,0.199142436448,0.0781166404489,0.0543838202176,0.112553896841,0.0823940868871,0.0675114686693,0.0820795650089,1,0.1,30,20,1,8,20,5.86067814773e-06,2.52282977096e-06,5.86067814773e-06,2.95735666359e-08,0.0011314022041,1.29970187805e-06,5.86067814773e-06,2.52282977096e-06,5.86067814773e-06,0.284795256529,0.429262205867,0.284781317752
717,0.0385221424157,0.084650283469,0.0385292600566,0.000695120459153,0.222808490736,0.18024774467,0.225060505135,0.0669176484747,0.0151691765885,0.0879300398897,0.0100377456236,0.0294318424817,1,0.1,30,20,1,8,20,0.000286809726211,0.000123462182643,0.000286809726211,4.74588794634e-07,0.00330262219692,0.000228207346075,0.000286809726211,0.000123462182643,0.000286809726211,0.283721970362,0.427644478122,0.283708084114
718,0.0817932722202,0.062708264916,0.228556025037,0.112567387619,0.0307906749406,0.0318142237405,0.03910191081,0.127783465457,0.164665315927,0.0171971808668,0.0402344806464,0.0627877978197,1,0.1,30,20,1,8,20,0.000114357133122,4.92269960387e-05,0.000114357133122,0.0764577659282,4.71540772222e-05,0.000128733079215,0.000114357133122,4.92269960387e-05,0.000114357133122,0.263117580292,0.396588181611,0.263104702488
719,0.136193506438,0.00386910048542,0.100897832765,0.256023553771,0.0739491886911,0.120781476125,0.0166695089265,0.0192362877829,0.179350361917,0.0330857740341,0.034488228493,0.0254551805711,1,0.1,30,20,1,8,20,0.000511566275743,0.000220212507449,0.000511566275743,8.97267569353e-05,0.000545532192185,0.00552565268593,0.000511566275743,0.000220212507449,0.000511566275743,0.282660691776,0.426044848999,0.282646857471
720,0.160289514155,0.157094748962,0.029518928668,0.113971913211,0.04062823655,0.106368219107,0.0121421425014,0.037681393166,0.100356351195,0.120721614596,0.0639429526921,0.0572839851948,1,0.1,30,20,1,8,20,1.87131536295e-08,8.05539903321e-09,1.87131536295e-08,3.26951378395e-12,0.000915154192513,0.00216313189023,1.87131536295e-08,8.05539903321e-09,1.87131536295e-08,0.284248624494,0.428438285987,0.28423471247
721,0.0131345071039,0.0428243913853,0.127352804528,0.0080231197392,0.0426098933524,0.32138821065,0.00912760015938,0.174259431241,0.0729375627443,0.0351053594785,0.0774486004211,0.0757885191967,1,0.1,30,20,1,8,20,0.000408717865663,0.000175939639309,0.000408717865663,0.00491844229221,0.005955164938,3.3600553404e-06,0.000408717865663,0.000175939639309,0.000408717865663,0.281458565928,0.424232925586,0.281444790459
722,0.0553048282454,0.00458488103955,0.0110303917989,0.0353839421184,0.288751434089,0.0211099097058,0.162102139587,0.0445839538546,0.205740822192,0.124028939627,0.015815676176,0.0315630815675,1,0.1,30,20,1,8,20,2.50053854688e-08,1.07639985177e-08,2.50053854688e-08,8.32302819697e-07,4.01796299481e-08,0.00667516898607,2.50053854688e-08,1.07639985177e-08,2.50053854688e-08,0.283222800909,0.42689209698,0.283208939093
723,0.113912954522,0.00371231240075,0.0402474018297,0.154573609606,0.00818391559913,0.148871382279,0.00374677653809,0.045507064638,0.321439977202,0.101008543281,0.0346439359155,0.0241521261881,1,0.1,30,20,1,8,20,4.43502780317e-06,1.9091340447e-06,4.43502780317e-06,0.0454059925536,0.00719522683169,1.41962231858e-05,4.43502780317e-06,1.9091340447e-06,4.43502780317e-06,0.270118162592,0.407139921262,0.270104942158
724,0.0261968133633,0.211689114273,0.0266259998174,0.0275452273032,0.0369944311027,0.0889496945892,0.0944033801559,0.0319797017931,0.0130618013621,0.316830158302,0.0195314875433,0.106192190395,1,0.1,30,20,1,8,20,8.25692071474e-06,3.55433362326e-06,8.25692071474e-06,0.0192774584827,0.000186215685213,0.000988963932335,8.25692071474e-06,3.55433362326e-06,8.25692071474e-06,0.279283320909,0.420954252737,0.279269651904
725,0.0291370900573,0.0370857483604,0.0465080377088,0.18034831,0.0781820965923,0.0836013086737,0.272745568741,0.106367865925,0.0305395338376,0.0376710014598,0.0726051577271,0.0252082809168,1,0.1,30,20,1,8,20,0.000199708326752,8.59678862306e-05,0.000199708326752,0.000124591794976,0.000311147855323,4.20715063674e-06,0.000199708326752,8.59678862306e-05,0.000199708326752,0.284724118637,0.429154982141,0.284710183342
726,0.0079021427178,0.0373361261867,0.252088591253,0.0570183993437,0.0202180718335,0.0172657834273,0.183878074007,0.0393020839986,0.0949029817306,0.249116968804,0.0139658798559,0.0270048968414,1,0.1,30,20,1,8,20,1.51142393153e-10,6.50618442934e-11,1.51142393153e-10,0.0672096880548,2.47523345861e-10,5.88584544893e-09,1.51142393153e-10,6.50618442934e-11,1.51142393153e-10,0.265963095849,0.40087713045,0.265950078777
727,0.0657234828293,0.0271113865859,0.126375457311,0.171091637152,0.00306331138847,0.0425668851735,0.245981038831,0.0422032990678,0.0382459678414,0.0532791378925,0.1206572169,0.0637011790268,1,0.1,30,20,1,8,20,2.87653646673e-07,1.2382546273e-07,2.87653646673e-07,0.0354904028356,0.00109929557701,0.00296529873713,2.87653646673e-07,1.2382546273e-07,2.87653646673e-07,0.273847780229,0.412761447101,0.273834377255
728,0.0032032562373,0.0211448925466,0.00610750361658,0.00195082358944,0.188430372962,0.111674703227,0.178609973932,0.03226452063,0.215142045082,0.0236716690271,0.0200561702097,0.197744068941,1,0.1,30,20,1,8,20,6.96665807005e-10,2.99891786244e-10,6.96665807005e-10,4.53675912234e-06,9.59851178393e-10,0.00432099501718,6.96665807005e-10,2.99891786244e-10,6.96665807005e-10,0.283893026578,0.427902305341,0.283879131959
729,0.249699275794,0.0800307199543,0.0122116683335,0.0870464292169,0.0643393823044,0.0935119817337,0.142001000248,0.0444176621979,0.0442130140697,0.0491472166516,0.0920767699757,0.0413048795205,1,0.1,30,20,1,8,20,2.38485461795e-07,1.02660171364e-07,2.38485461795e-07,1.56261458775e-06,0.00512925543315,2.76892597864e-07,2.38485461795e-07,1.02660171364e-07,2.38485461795e-07,0.283663009996,0.427555609168,0.283649126634
730,0.0551573134363,0.0579358619213,0.395806263736,0.0122328503383,0.118179764245,0.0244080504864,0.0526269520812,0.14898124223,0.0788009735031,0.0263809878626,0.0183192773038,0.0111704628558,1,0.1,30,20,1,8,20,7.18400958646e-06,3.0924805633e-06,7.18400958646e-06,0.0169341052906,0.0347725976553,0.0341609177506,7.18400958646e-06,3.0924805633e-06,7.18400958646e-06,0.260633272661,0.392843669196,0.260620516447
731,0.129517634346,0.000117071475757,0.0995978947827,0.199232954885,0.104493395919,0.0955614167583,0.0883176909615,0.0472840695115,0.0888979675638,0.0635978489858,0.0176628637834,0.0657191910272,1,0.1,30,20,1,8,20,8.24060197884e-11,3.54730894255e-11,8.24060197884e-11,0.157918576624,9.53108984319e-07,6.09887839842e-05,8.24060197884e-11,3.54730894255e-11,8.24060197884e-11,0.240081942035,0.36186734738,0.240070191668
732,0.112716177755,0.0683530107217,0.0884868514336,0.133708541588,0.0685737052236,0.0874607242297,0.0823083010745,0.0135119735069,0.035935994622,0.0291707940919,0.181134641271,0.0986392844813,1,0.1,30,20,1,8,20,1.26474000976e-08,5.44429103378e-09,1.26474000976e-08,0.0313595388075,1.78775154433e-05,0.000726076479821,1.26474000976e-08,5.44429103378e-09,1.26474000976e-08,0.275972781625,0.415964389447,0.275959274647
733,0.00824515116529,0.00447964285709,0.0871184678094,0.0854600928295,0.00207030689964,0.08685088205,0.0572326799901,0.152291412262,0.021128203321,0.163436222115,0.119916192216,0.211770746485,1,0.1,30,20,1,8,20,4.15932285231e-11,1.79045210372e-11,4.15932285231e-11,0.0100853453789,0.00021706764844,0.000226217787498,4.15932285231e-11,1.79045210372e-11,4.15932285231e-11,0.282124360766,0.425236455505,0.282110552711
734,0.0627279688204,0.140507099751,0.0239148812527,0.226853910901,0.00263503202995,0.00180883619661,0.0402054362363,0.0717893753342,0.232531468506,0.0830613727074,0.0312206169147,0.0827440013499,1,0.1,30,20,1,8,20,1.22987710757e-05,5.2942176714e-06,1.22987710757e-05,0.000206303475715,0.000587194763555,0.00373014332657,1.22987710757e-05,5.2942176714e-06,1.22987710757e-05,0.283819495639,0.427791474657,0.283805604619
735,0.0611510383637,0.0109411489785,0.0721863543257,0.180652058341,0.0594384717659,0.00977559695273,0.115358359485,0.117404717968,0.0203765479937,0.293021084276,0.0191925462483,0.0405020753018,1,0.1,30,20,1,8,20,1.80196515802e-06,7.7568691409e-07,1.80196515802e-06,0.0298525322429,0.000152436397925,2.00731129183e-06,1.80196515802e-06,7.7568691409e-07,1.80196515802e-06,0.276568073865,0.416861653197,0.276554537752
736,0.22018394228,0.0236342817316,0.00849051373244,0.0059425223382,0.00827350007588,0.156983786922,0.0995152438669,0.0920420622669,0.116552528933,0.00370213685194,0.247776205589,0.0169032754123,1,0.1,30,20,1,8,20,1.20594946661e-07,5.19121702291e-08,1.20594946661e-07,0.00337283270574,2.27040658686e-07,0.00187272282186,1.20594946661e-07,5.19121702291e-08,1.20594946661e-07,0.283630472925,0.427506567147,0.283616591156
737,0.0757224628968,0.0116803935251,0.150900581487,0.110162546875,0.148673267296,0.223903476857,0.0212152957616,0.0428245700543,0.10579461546,0.00681663448991,0.0597308790326,0.042575276264,1,0.1,30,20,1,8,20,2.90518610132e-05,1.25058735556e-05,2.90518610132e-05,1.81866014876e-10,0.0125330452899,4.11117442108e-05,2.90518610132e-05,1.25058735556e-05,2.90518610132e-05,0.281500862033,0.424296677066,0.281487084494
738,0.0688522498394,0.121764707087,0.0200072154213,0.0653892319916,0.194608961728,0.0385005396183,0.0565572146021,0.037727893974,0.0190965870027,0.0825459053209,0.173843655769,0.121105837646,1,0.1,30,20,1,8,20,8.0964001083e-07,3.48523476567e-07,8.0964001083e-07,1.21540517258e-06,3.74284171187e-06,0.00134196050656,8.0964001083e-07,3.48523476567e-07,8.0964001083e-07,0.284741186734,0.429180708303,0.284727250603
739,0.0342947050537,0.109803011547,0.00934187357712,0.009077017596,0.157869553999,0.0384088788372,0.00589517708311,0.240496608973,0.0631576203868,0.217692436816,0.111152199175,0.00281091695653,1,0.1,30,20,1,8,20,9.97749440193e-08,4.29498417799e-08,9.97749440193e-08,3.01327236427e-06,0.000828011185702,0.000860301830111,9.97749440193e-08,4.29498417799e-08,9.97749440193e-08,0.284643970929,0.429034178226,0.284630039557
740,0.0960093327677,0.0876764093619,0.101243471186,0.222738892809,0.0552811629675,0.0417105024452,0.0448354450324,0.019910869192,0.105695072079,0.105323412413,0.0993401194667,0.020235310279,1,0.1,30,20,1,8,20,4.12618891428e-07,1.77618902986e-07,4.12618891428e-07,0.0872430258333,2.37285613105e-07,3.63020288882e-06,4.12618891428e-07,1.77618902986e-07,4.12618891428e-07,0.260249390706,0.392265056979,0.26023665328
741,0.008658996744,0.233452210352,0.0442901260743,0.0183896924269,0.100883157091,0.160769080902,0.11660548253,0.00449038080375,0.0416468671986,0.137289683039,0.075702825784,0.0578214970549,1,0.1,30,20,1,8,20,1.75879013149e-10,7.5710148088e-11,1.75879013149e-10,0.0596709155577,1.0711305931e-06,0.000902855866341,1.75879013149e-10,7.5710148088e-11,1.75879013149e-10,0.26785486685,0.403728532551,0.267841757189
742,0.0957144530772,0.028298029999,0.0048683731935,0.00323346451656,0.327422011384,0.152456470744,0.0953661033416,0.00738146271901,0.00147790868815,0.00635725567188,0.0132088395137,0.264215627152,1,0.1,30,20,1,8,20,2.93735983192e-10,1.26443709161e-10,2.93735983192e-10,8.23021601049e-06,0.00101963183088,0.00127877974612,2.93735983192e-10,1.26443709161e-10,2.93735983192e-10,0.284468666144,0.428769947284,0.284454743351
743,0.0298162555841,0.0269066783232,0.125886352762,0.0316205536682,0.0529865991947,0.129544477898,0.135855012799,0.0618846760839,0.112302849207,0.221729780268,0.0196050297719,0.0518617344408,1,0.1,30,20,1,8,20,1.77842077488e-05,7.65551829169e-06,1.77842077488e-05,0.0204264592354,9.90313851184e-05,0.000200286495405,1.77842077488e-05,7.65551829169e-06,1.77842077488e-05,0.279192237145,0.420816965275,0.279178572597
744,0.0864753968604,0.0499959506732,0.101030696758,0.0126862960979,0.116340850835,0.141485017538,0.061035341114,0.114718485825,0.0123471588047,0.100021952868,0.00602868758188,0.197834165043,1,0.1,30,20,1,8,20,7.68747449769e-05,3.30920569897e-05,7.68747449769e-05,0.000184182487061,0.000249752826217,0.000111375170761,7.68747449769e-05,3.30920569897e-05,7.68747449769e-05,0.284864321623,0.429366305334,0.284850379465
745,0.136164822945,0.0312004542615,0.0194056494918,0.0633865695282,0.0833015320826,0.130549441882,0.0253147601335,0.0138707897512,0.0602520184467,0.0261828157557,0.407304710721,0.003066435,1,0.1,30,20,1,8,20,5.28155510225e-10,2.27353628933e-10,5.28155510225e-10,0.0132234617464,0.000624851855503,3.24539696965e-06,5.28155510225e-10,2.27353628933e-10,5.28155510225e-10,0.281176905705,0.423808388708,0.281163144021
746,0.0963783192426,0.00602213575148,0.0466295601006,0.00578516851069,0.0706335553398,0.209583093811,0.118624620571,0.0161611043123,0.108825096808,0.0944293996411,0.0096575522246,0.217270393687,1,0.1,30,20,1,8,20,9.49611628069e-08,4.08776668118e-08,9.49611628069e-08,0.0170516621123,0.000596151994367,0.00439231890763,9.49611628069e-08,4.08776668118e-08,9.49611628069e-08,0.278841996594,0.420289059603,0.278828349188
747,0.0482183462804,0.148398216587,0.00635885968849,0.0864291783521,0.0801408975492,0.0541214410346,0.0190702181334,0.0233544006957,0.030579300785,0.0229230067155,0.0101276482518,0.470278485927,1,0.1,30,20,1,8,20,1.9495901394e-06,8.39234627951e-07,1.9495901394e-06,2.46728878465e-07,1.60374573305e-06,1.77120358828e-07,1.9495901394e-06,8.39234627951e-07,1.9495901394e-06,0.285123070694,0.429756309009,0.285109115872
748,0.110761937121,0.0391084546758,0.0349636136761,0.140528273352,0.0411772944542,5.17203263637e-06,0.0749577344946,0.0856395502353,0.301150370822,0.0221393436194,0.100972680796,0.0485955747199,1,0.1,30,20,1,8,20,1.36454304848e-11,5.87391039003e-12,1.36454304848e-11,0.112081047398,0.00095834487133,2.5758460645e-06,1.36454304848e-11,5.87391039003e-12,1.36454304848e-11,0.252895107021,0.381180195259,0.252882729538
749,0.0238465051321,0.0449901704118,0.214548639199,0.138246753574,0.0216615611497,0.202636105297,0.0195695535051,0.0878554235753,0.122588166981,0.0718104026851,0.0127521868384,0.0394945316501,1,0.1,30,20,1,8,20,0.000436026505843,0.000187695113456,0.000436026505843,0.00630181638318,0.0097127195133,0.000657074110107,0.000436026505843,0.000187695113456,0.000436026505843,0.279768511352,0.421685563792,0.279754818599
750,0.0639010661923,0.0328611183975,0.260004397589,0.0367735774442,0.0102962106881,0.0358777464886,0.0573429889856,0.0763431159979,0.235445063223,0.0841845728216,0.0780136695526,0.02895647262,1,0.1,30,20,1,8,20,1.47507899524e-07,6.3497313961e-08,1.47507899524e-07,8.20011380194e-09,1.27002073089e-09,0.00484906362009,1.47507899524e-07,6.3497313961e-08,1.47507899524e-07,0.28374354795,0.427677001287,0.283729660646
751,0.0435150387499,0.107503711908,0.0399535544625,0.0440071317173,0.158265802326,0.184572460766,0.0350894711454,0.156921617178,0.0442389103519,0.16525525618,0.00782756439393,0.012849480821,1,0.1,30,20,1,8,20,1.60512461355e-06,6.90953514098e-07,1.60512461355e-06,0.0631700767559,0.00134010258431,8.61103780388e-08,1.60512461355e-06,6.90953514098e-07,1.60512461355e-06,0.266730549653,0.402033887472,0.266717495019
752,0.0513355111834,0.0270896516743,0.114538410556,0.0827835619429,0.0341581468174,0.0142901680431,0.0486915455684,0.244131728399,0.148459523089,0.0607786814779,0.172342214743,0.00140085650454,1,0.1,30,20,1,8,20,9.83995525792e-06,4.2357780864e-06,9.83995525792e-06,0.0393886815769,1.65788921526e-05,6.89608362938e-07,9.83995525792e-06,4.2357780864e-06,9.83995525792e-06,0.273877038173,0.412805546605,0.273863633767
753,0.0472189967962,0.0253268471834,0.053832340877,0.000366667724701,0.111703489374,0.22358519817,0.167404256441,0.0763698536264,0.0677585312682,0.0994531514335,0.0172317877232,0.109748879382,1,0.1,30,20,1,8,20,7.66095207774e-05,3.29778866685e-05,7.66095207774e-05,9.42780426492e-05,6.41523187836e-05,0.000139406046026,7.66095207774e-05,3.29778866685e-05,7.66095207774e-05,0.284935250599,0.429473214167,0.28492130497
754,0.0779297835265,0.0787013980458,0.00119520896089,0.0507046673476,0.156616853097,0.24666388777,0.0640446791023,0.160004571098,0.0317216149975,0.0633389903823,0.0390402584437,0.0300380872285,1,0.1,30,20,1,8,20,4.0214352555e-05,1.73109601463e-05,4.0214352555e-05,3.05710012201e-05,0.00960439175961,3.12754341144e-05,4.0214352555e-05,1.73109601463e-05,4.0214352555e-05,0.282314515377,0.425523069083,0.282300698015
755,0.0631770691475,0.0880155972472,0.0119319444345,0.075530050549,0.0716288591971,0.105976378918,0.0952640614812,0.0429654096999,0.0566157516099,0.270496506182,0.0400875049936,0.0783108665403,1,0.1,30,20,1,8,20,1.86244176582e-06,8.01720110718e-07,1.86244176582e-06,0.0164066681876,0.000507580009335,0.00054878473446,1.86244176582e-06,8.01720110718e-07,1.86244176582e-06,0.280144598745,0.422252427531,0.280130887585
756,0.00990696940944,0.150204779117,0.0731915773735,0.0405865551293,0.0320591738245,0.0519654168408,0.0376174424843,0.200432307403,0.139833895754,0.0349099787091,0.203603148132,0.0256887558238,1,0.1,30,20,1,8,20,1.81447080257e-05,7.81070184009e-06,1.81447080257e-05,0.0111936565267,3.34578766573e-05,1.59022096895e-05,1.81447080257e-05,7.81070184009e-06,1.81447080257e-05,0.281895522397,0.424891535213,0.281881725542
757,0.0475179128892,0.00941383420164,0.047602933963,0.205828577393,0.0271164952341,0.0759771082525,0.128165471565,0.198018296091,0.063610704479,0.0756548695679,0.0432613268155,0.0778324695484,1,0.1,30,20,1,8,20,4.43627086972e-05,1.90966914409e-05,4.43627086972e-05,8.05864162038e-05,0.00282555714811,4.09243930542e-05,4.43627086972e-05,1.90966914409e-05,4.43627086972e-05,0.284224578327,0.428402042018,0.28421066748
758,0.122838990783,0.048423367036,0.0398348052108,0.113676935807,0.016202738504,0.0769837036204,0.00668699992159,0.117907041515,0.0584072137037,0.00235818028271,0.0947119170574,0.301968106559,1,0.1,30,20,1,8,20,1.46421769901e-08,6.30297707727e-09,1.46421769901e-08,1.34875433318e-06,0.000649687802266,0.000160106626999,1.46421769901e-08,6.30297707727e-09,1.46421769901e-08,0.284895052319,0.429412624666,0.284881108657
759,0.00760090014314,0.030494120347,0.0502378186308,0.00859348493278,0.0850951917185,0.105889095386,0.166759698572,0.0973172053184,0.00258622009602,0.149926417365,0.067481326086,0.228018521404,1,0.1,30,20,1,8,20,4.6406828557e-07,1.99766180139e-07,4.6406828557e-07,0.00131625153393,0.000139881495437,0.000529781060022,4.6406828557e-07,1.99766180139e-07,4.6406828557e-07,0.284559471281,0.42890681478,0.284545544044
760,0.0453224391038,0.0541908134905,0.00652960006456,0.0361606263548,0.222196769632,0.095761307279,0.00570026691734,0.228677454937,0.101698849417,0.0544946853527,0.124695215247,0.0245719722045,1,0.1,30,20,1,8,20,5.44123317318e-12,2.34227246302e-12,5.44123317318e-12,0.086007536432,0.00122491900095,3.48483231129e-11,5.44123317318e-12,2.34227246302e-12,5.44123317318e-12,0.260254079192,0.392272123775,0.260241341538
761,0.0860828666951,0.00326561196123,0.0279450546242,0.108664768475,0.142304090881,0.00104826843941,0.058753802527,0.10358606518,0.138646550846,0.015809670199,0.112379213096,0.201514037076,1,0.1,30,20,1,8,20,2.81126202144e-07,1.21015611895e-07,2.81126202144e-07,0.0293780232354,0.000578065239586,1.39012429927e-05,2.81126202144e-07,1.21015611895e-07,2.81126202144e-07,0.276580727468,0.416880725543,0.276567190736
762,0.0291546350354,0.0366896147706,0.025164858671,0.0215321359083,0.0988716990282,0.0130477368483,0.0278244840866,0.102837587795,0.0192982285857,0.0192175249109,0.563789445097,0.0425720492638,1,0.1,30,20,1,8,20,3.74235366986e-06,1.6109605431e-06,3.74235366986e-06,3.33479267649e-06,4.28552528771e-06,8.02646932488e-06,3.74235366986e-06,1.6109605431e-06,3.74235366986e-06,0.285116702768,0.429746710851,0.285102748258
763,0.0408419645415,0.10736750006,0.0599662916091,0.00953005561382,0.062292568068,0.174248814404,0.0193115287117,0.119836495438,0.0017020715961,0.14293632412,0.251940805416,0.0100255804224,1,0.1,30,20,1,8,20,3.72348393902e-09,1.60283774271e-09,3.72348393902e-09,0.00130290976522,0.000328058694088,0.000597116116316,3.72348393902e-09,1.60283774271e-09,3.72348393902e-09,0.284491060123,0.428803700967,0.284477136234
764,0.0241450826806,0.00484186058888,0.215375732377,0.106692571396,0.0178740452669,0.0983322004435,0.0547632240251,0.00394514296205,0.230045157243,0.0753061664047,0.0235266885029,0.14515212811,1,0.1,30,20,1,8,20,1.16644045868e-11,5.02114369879e-12,1.16644045868e-11,4.72340146893e-08,0.00321370235748,2.31547231122e-12,1.16644045868e-11,5.02114369879e-12,1.16644045868e-11,0.284210026198,0.428380108088,0.284196116064
765,0.110543738283,0.00164343179693,0.249285038282,0.0150843493077,0.146389988327,0.0452586287854,0.043229182751,0.14070033232,0.0533015515059,0.00345209954774,0.00156544472794,0.189546214366,1,0.1,30,20,1,8,20,2.6060249826e-12,1.12180830345e-12,2.6060249826e-12,1.04972440901e-05,3.18070600807e-05,0.00571210582479,2.6060249826e-12,1.12180830345e-12,2.6060249826e-12,0.283485616943,0.427288230652,0.283471742264
766,0.120450732565,0.0090518019674,0.0164823359899,0.020061489464,0.0423518589534,0.240131060149,0.000995522714913,0.306114845801,0.207585311749,0.00734311482118,0.00299354827556,0.0264383775497,1,0.1,30,20,1,8,20,0.00012782998167,5.5026615564e-05,0.00012782998167,0.0746151876716,0.000220725107859,0.0963928781074,0.00012782998167,5.5026615564e-05,0.00012782998167,0.236127340731,0.355906711309,0.236115783915
767,0.0566875087643,0.0055496016747,0.141433998896,0.0316059145533,0.029183620468,0.0143412098395,0.0859062790183,0.274866436485,0.00514860524557,0.16163484745,0.0776115022677,0.116030475337,1,0.1,30,20,1,8,20,1.66988210937e-06,7.18829492649e-07,1.66988210937e-06,0.00345200346172,0.00444825486443,1.26586916189e-06,1.66988210937e-06,7.18829492649e-07,1.66988210937e-06,0.282871103724,0.426361995773,0.282857259121
768,0.000151882577074,0.0102161023742,0.0587109897752,0.0422982293969,0.0950157636454,0.199883275853,0.0593131808292,0.0918881245985,0.0367439170808,0.00484938234053,0.256381345686,0.144547805843,1,0.1,30,20,1,8,20,2.37041326098e-08,1.020385183e-08,2.37041326098e-08,0.00950755606588,0.000153868145907,0.000489265952769,2.37041326098e-08,1.020385183e-08,2.37041326098e-08,0.282232088809,0.425398830321,0.282218275481
769,0.137136400813,0.0149694423869,0.127956022702,0.0752923770663,0.106441916834,0.0174113065317,0.0500958549617,0.151493751805,0.101362684936,0.15760441566,0.0502427055399,0.0099931207644,1,0.1,30,20,1,8,20,1.97419763263e-05,8.49827346908e-06,1.97419763263e-05,0.0290808783574,4.15565650606e-05,8.43087574428e-05,1.97419763263e-05,8.49827346908e-06,1.97419763263e-05,0.276771376667,0.417168084597,0.276757830604
770,0.082070582797,0.0752100793519,0.138855679655,0.0057315122386,0.134225683476,0.0035712154121,0.0794019631144,0.0374680796886,0.231570639129,0.018178581603,0.098189270111,0.0955267134233,1,0.1,30,20,1,8,20,6.2692901334e-07,2.69872383241e-07,6.2692901334e-07,0.00224586058636,0.00325315552373,0.000813047955578,6.2692901334e-07,2.69872383241e-07,6.2692901334e-07,0.283325746203,0.427047262922,0.283311879348
771,0.0094577052157,0.180388700773,0.0511612943109,0.0374054060729,0.0709088185957,0.106767881892,0.113423672947,0.052363255904,0.126184969494,0.199869122864,0.0102391753815,0.0418299965491,1,0.1,30,20,1,8,20,3.04232613643e-06,1.30962164386e-06,3.04232613643e-06,0.0172324258418,0.000280339367308,0.000313512157441,3.04232613643e-06,1.30962164386e-06,3.04232613643e-06,0.280039392888,0.42209385432,0.280025686878
772,0.0045800252927,0.0255418893033,0.0386936698282,0.137582902098,0.0360318370502,0.0236176946814,0.137630948918,0.405705157736,0.111618485788,0.0268088694262,0.0334624630119,0.0187260568664,1,0.1,30,20,1,8,20,4.97379735924e-09,2.14105667234e-09,4.97379735924e-09,0.27936356987,0.000639363222312,9.01300744783e-09,4.97379735924e-09,2.14105667234e-09,4.97379735924e-09,0.205290126889,0.309426827486,0.205280079343
773,0.041704840737,0.212853395948,0.0360938563858,0.027838783343,0.00762969206246,0.178027949589,0.0301504767155,0.0925203761606,0.19219784706,0.00512464004799,0.0572846656511,0.118573476301,1,0.1,30,20,1,8,20,4.62864867741e-05,1.99248148223e-05,4.62864867741e-05,0.0139628777946,0.000417535537813,0.000459137858627,4.62864867741e-05,1.99248148223e-05,4.62864867741e-05,0.28083105166,0.423287094668,0.280817306904
774,0.00650701824046,0.0162429980758,0.0378567616868,0.0780122570991,0.0688350064642,0.0231841898937,0.131524041011,0.138297920578,0.0205604269129,0.102075135616,0.0586247219576,0.318279522464,1,0.1,30,20,1,8,20,8.32263541031e-07,3.58262164493e-07,8.32263541031e-07,0.0201206401718,2.89372856645e-07,0.000159550053814,8.32263541031e-07,3.58262164493e-07,8.32263541031e-07,0.279342698265,0.421043750205,0.279329026353
775,0.0732931824446,0.020168142905,0.138982574396,0.0734046680889,0.0372064563724,0.0517567317099,0.0425085394465,0.110338197802,0.240278497496,0.193045226696,0.00951040783238,0.00950737481059,1,0.1,30,20,1,8,20,1.39332119291e-05,5.99779086545e-06,1.39332119291e-05,0.0820034037831,1.37312788412e-05,0.000484833217309,1.39332119291e-05,5.99779086545e-06,1.39332119291e-05,0.26158355459,0.394275996834,0.261570751867
776,0.0259888399661,0.247004268786,0.0100955721738,0.0297267443733,0.0411356969105,0.0366838716598,0.213393593219,0.297282399898,0.0224769306566,0.0142528909948,0.0121141717909,0.0498450195715,1,0.1,30,20,1,8,20,6.01147595724e-08,2.5877432833e-08,6.01147595724e-08,0.272888157612,0.00198459231152,6.72794732082e-05,6.01147595724e-08,2.5877432833e-08,6.01147595724e-08,0.20673362029,0.311602556004,0.206723502095
777,0.0542412711121,0.0441569398178,0.0317469999999,0.0139203507013,0.0770932914336,0.352999954813,0.251626264396,0.046923978327,0.0237126378784,0.0200952061319,0.0322257568172,0.0512573485719,1,0.1,30,20,1,8,20,0.000231375709847,9.95996562798e-05,0.000231375709847,0.000322670120737,0.000277775027027,0.0101140278669,0.000231375709847,9.95996562798e-05,0.000231375709847,0.281750690095,0.424673234409,0.281736900329
778,0.178168172596,0.0118400972992,0.0465133115082,0.042419173506,0.20929393342,0.042194835377,0.0633783788614,0.0900948604551,0.0253406405594,0.164901213101,0.0234800001736,0.102375383144,1,0.1,30,20,1,8,20,2.60906819228e-06,1.12311830543e-06,2.60906819228e-06,0.0617538728551,0.000350163857439,4.84940019342e-06,2.60906819228e-06,1.12311830543e-06,2.60906819228e-06,0.267413854734,0.403063809986,0.267400766658
779,0.093532578294,0.189496091987,0.0781195119258,0.00709257781145,0.093793967046,0.0518240529702,0.175903639249,0.103262104958,0.134404363965,0.0208840454315,0.0022428697454,0.0494441966169,1,0.1,30,20,1,8,20,0.000271415106629,0.000116835303703,0.000271415106629,0.000359163191525,0.000948083591102,0.0371661233755,0.000271415106629,0.000116835303703,0.000271415106629,0.273780403225,0.412659892034,0.273767003549
780,0.00830480791929,0.043422857046,0.0296773197528,0.00431506736997,0.165014219516,0.014141625213,0.165070683251,0.118157568214,0.174522449464,0.0252007364844,0.22718900576,0.0249836600101,1,0.1,30,20,1,8,20,9.35626193386e-06,4.0275639707e-06,9.35626193386e-06,0.000347837178905,0.00261304281984,4.52413872392e-06,9.35626193386e-06,4.0275639707e-06,9.35626193386e-06,0.284267868451,0.42846729175,0.284253955486
781,0.00192411338749,0.00237099409374,0.0955242297087,0.034451285797,0.0378355457158,0.0522161807061,0.230435464421,0.131727293325,0.176978407803,0.177700313119,0.0401517319634,0.0186844399601,1,0.1,30,20,1,8,20,1.40915321296e-05,6.06594252047e-06,1.40915321296e-05,0.022052954009,2.11889137456e-05,1.81926855946e-07,1.40915321296e-05,6.06594252047e-06,1.40915321296e-05,0.278812848627,0.420245125863,0.278799202647
782,0.159471292174,0.035025257008,0.0686197178761,0.0173611031822,0.0782828242284,0.261093631418,0.0107533309591,0.197500037663,0.015071461495,0.00543622402655,0.132035337349,0.019349782621,1,0.1,30,20,1,8,20,5.64392785859e-06,2.42952587873e-06,5.64392785859e-06,4.96660973449e-06,0.00606768882577,3.52154873913e-06,5.64392785859e-06,2.42952587873e-06,5.64392785859e-06,0.283386050363,0.427138157332,0.283372180557
783,0.0825333305565,0.0558960696615,0.185220276348,0.0180880491367,0.162513623715,0.0502117348505,0.0368037452768,0.0404378604636,0.00436099980868,0.114873949747,0.136729807994,0.112330552442,1,0.1,30,20,1,8,20,5.51734702516e-06,2.37503698052e-06,5.51734702516e-06,1.16100775566e-10,4.61219889131e-13,0.00117600978788,5.51734702516e-06,2.37503698052e-06,5.51734702516e-06,0.28478339256,0.429244323709,0.284769454364
784,0.103014205966,0.0589422365858,0.0917412529689,0.00284650749302,0.059934695808,0.0226226510053,0.0223456851861,0.0360002296513,0.00387874183924,0.215548434887,0.0652059696275,0.317919388981,1,0.1,30,20,1,8,20,4.32499314247e-07,1.86176773131e-07,4.32499314247e-07,0.00191609769752,6.06523653951e-07,0.000383651363998,4.32499314247e-07,1.86176773131e-07,4.32499314247e-07,0.284469859479,0.428771745957,0.284455936628
785,0.0415099991964,0.0392263795307,0.13461417529,0.0170209900719,0.0179621995915,0.131172893178,0.25158496831,0.001031137199,0.182159238624,0.069784833028,0.0784651234148,0.0354680625659,1,0.1,30,20,1,8,20,4.83589988684e-06,2.08169633213e-06,4.83589988684e-06,3.8339857299e-10,0.00466156732532,0.00108011432985,4.83589988684e-06,2.08169633213e-06,4.83589988684e-06,0.283482543598,0.427283598303,0.283468669069
786,0.0752614671731,0.0106220336635,0.0511921614774,0.118973460846,0.0131606158418,0.374493595141,0.0782875927795,0.0625018984411,0.0280772706844,0.128311170491,0.0139159533087,0.0452027801526,1,0.1,30,20,1,8,20,9.57356446143e-07,4.12110558347e-07,9.57356446143e-07,2.1119640491e-08,1.81155085701e-09,0.00535120942853,9.57356446143e-07,4.12110558347e-07,9.57356446143e-07,0.283599246675,0.427459500883,0.283585366435
787,0.0582464357906,0.00162262329518,0.0629373901613,0.129263993059,0.275161635957,0.0902929669802,0.0538827261486,0.0942577563748,0.0331794777403,0.110800765575,0.0397793543322,0.0505748745855,1,0.1,30,20,1,8,20,2.5734904595e-08,1.10780325806e-08,2.5734904595e-08,2.06910632403e-07,0.00391511952685,0.000586337579173,2.5734904595e-08,1.10780325806e-08,2.5734904595e-08,0.283842772206,0.427826558635,0.283828880047
788,0.0973750824282,0.104843843569,0.0905563280591,0.0165695457478,0.030880724587,0.0443940178746,0.00623035538239,0.0996018641824,0.00471799270838,0.245052753755,0.100073282151,0.159704209555,1,0.1,30,20,1,8,20,1.87581219075e-06,8.07475640238e-07,1.87581219075e-06,0.00205664867201,3.7640186673e-05,3.34116109143e-06,1.87581219075e-06,8.07475640238e-07,1.87581219075e-06,0.284525661476,0.42885585441,0.284511735894
789,0.128368638291,0.091795141485,0.0980552658648,0.00102111243456,0.217018499651,0.0455891504956,0.0508107596433,0.106320332387,0.118477139533,0.0637860501306,0.00241413271939,0.076343777366,1,0.1,30,20,1,8,20,0.000161869312706,6.9679431425e-05,0.000161869312706,7.38914681521e-05,6.16379152124e-05,0.000203666666154,0.000161869312706,6.9679431425e-05,0.000161869312706,0.284805289467,0.429277328172,0.284791350198
790,0.0699860640574,0.0386208781746,0.233999431216,0.0748878403627,0.134644636913,0.0680008827196,0.0476478275789,0.0198947562476,0.042169848738,0.0832735319139,0.0746252287114,0.112249073367,1,0.1,30,20,1,8,20,3.3032129768e-07,1.42192487416e-07,3.3032129768e-07,0.0476575441468,0.000470413790944,5.6066011386e-07,3.3032129768e-07,1.42192487416e-07,3.3032129768e-07,0.271403184207,0.409076790645,0.27138990088
791,0.0764147256419,0.11421748524,0.107578248528,0.0577401054156,0.0181131819136,0.00410389619103,0.0373265892723,0.097566877943,0.0439423239174,0.258085589616,0.0354040633144,0.149506913006,1,0.1,30,20,1,8,20,5.62083644473e-06,2.41958578223e-06,5.62083644473e-06,2.09463809316e-13,0.000149313081663,0.000140440774006,5.62083644473e-06,2.41958578223e-06,5.62083644473e-06,0.285035944079,0.429624986026,0.285021993522
792,0.1749306547,0.0472387253667,0.158546186646,0.105246205628,0.0612327899637,0.0363313100174,0.00679407252817,0.00570334000791,0.185446484919,0.131711106093,0.0240895832569,0.0627295408732,1,0.1,30,20,1,8,20,1.39680865837e-05,6.01280326071e-06,1.39680865837e-05,1.07497076642e-07,0.00241745030192,7.1648845391e-06,1.39680865837e-05,6.01280326071e-06,1.39680865837e-05,0.284415639082,0.428690021397,0.284401718885
793,0.27145887348,0.120805958736,0.100284897937,0.0290868633777,0.0252010974025,0.0551846016328,0.00987611333075,0.0197495324831,0.0954524232515,0.0834768674966,0.0339132179662,0.155509552906,1,0.1,30,20,1,8,20,2.16720712727e-08,9.32911605567e-09,2.16720712727e-08,2.94405849675e-11,0.00194379284568,4.04828828709e-11,2.16720712727e-08,9.32911605567e-09,2.16720712727e-08,0.28457209429,0.428925841012,0.284558166435
794,0.168028935306,0.050548758727,0.0429760482555,0.00416726720568,0.240571571446,0.154985706383,0.038021511422,0.17865738753,0.0168506737242,0.0394110650301,0.0575506341636,0.00823044080763,1,0.1,30,20,1,8,20,3.95199586913e-05,1.70120463572e-05,3.95199586913e-05,0.0048963723396,0.0131767221294,3.18725724568e-05,3.95199586913e-05,1.70120463572e-05,3.95199586913e-05,0.279909373831,0.421897881016,0.279895674184
795,0.024159216539,0.00282418898068,0.0621975583084,0.0518425583193,0.0220919021802,0.085531488053,0.0573107001933,0.1019177732,0.16650018382,0.045665529353,0.221213416672,0.158745484381,1,0.1,30,20,1,8,20,8.44051291172e-06,3.63336404408e-06,8.44051291172e-06,3.0592699681e-06,0.000174456120948,6.31582435196e-05,8.44051291172e-06,3.63336404408e-06,8.44051291172e-06,0.285046030127,0.429640188383,0.285032079076
796,0.120974819436,0.196226192423,0.0253887522054,0.0592242419143,0.000197021759178,0.0198593120795,0.0762173017694,0.129029894499,0.182224187037,0.01886834379,0.05324539149,0.118544541597,1,0.1,30,20,1,8,20,0.000115879732004,4.98824249315e-05,0.000115879732004,0.0336673767156,0.00194026237443,0.000414615171911,0.000115879732004,4.98824249315e-05,0.000115879732004,0.274694849951,0.41403820649,0.27468140552
797,0.244703561706,0.110521369111,0.00718862197604,0.115594011104,0.0217632729071,0.0467191937334,0.0135471916677,0.0633253979157,0.0793501753306,0.147227741387,0.0911706279665,0.0588888351959,1,0.1,30,20,1,8,20,1.68428203459e-10,7.25028188285e-11,1.68428203459e-10,2.2493550735e-07,0.00191494131578,0.000153599057794,1.68428203459e-10,7.25028188285e-11,1.68428203459e-10,0.284536491171,0.428872177642,0.284522565059
798,0.0109622538676,0.0404459984938,0.0233152773281,0.0690549175401,0.0304064027364,0.0287664004354,0.090133242,0.0426322948414,0.086932570507,0.184214834757,0.121359761615,0.271776045878,1,0.1,30,20,1,8,20,1.27310181366e-07,5.48028585774e-08,1.27310181366e-07,1.58204893553e-09,1.84460024233e-09,0.000120608092492,1.27310181366e-07,5.48028585774e-08,1.27310181366e-07,0.285091784937,0.429709153052,0.285077831646
799,0.206155779979,0.118335624752,0.0654886186431,0.00231441374193,0.222788784804,0.026684253358,0.138778037057,0.0163444778581,0.00102088552232,0.165829438592,0.0230263033206,0.0132333823723,1,0.1,30,20,1,8,20,2.53829505253e-05,1.09265278942e-05,2.53829505253e-05,0.00106877400063,1.03901280654e-05,1.0022087954e-05,2.53829505253e-05,1.09265278942e-05,2.53829505253e-05,0.284780614943,0.429240137101,0.284766676882
800,0.112297185597,0.0239294865846,0.0214095781856,0.0206726889772,0.131550762267,0.262239588973,0.0747820165031,0.0688738443415,0.0205861798353,0.115428775138,0.141396798045,0.00683309555235,1,0.1,30,20,1,8,20,9.1786941817e-08,3.95112687584e-08,9.1786941817e-08,0.00262550815199,0.000526699204073,0.00246631871974,9.1786941817e-08,3.95112687584e-08,9.1786941817e-08,0.283524233856,0.427346436611,0.283510357287
801,0.0510715655916,0.167224252208,0.062943907196,0.0024175107613,0.088977171394,0.108490698584,0.0022223522059,0.093091313489,0.244444088005,0.0797963298621,0.0821758937592,0.0171449169437,1,0.1,30,20,1,8,20,5.24254011893e-05,2.25674161831e-05,5.24254011893e-05,6.03432776782e-07,0.00308655719504,0.00133979655757,5.24254011893e-05,2.25674161831e-05,5.24254011893e-05,0.283791448177,0.427749199671,0.283777558529
802,0.0661014171447,0.0211710257406,0.0438153649376,0.0934265995451,0.0496007964328,0.0504368568123,0.107326929646,0.0395097222575,0.262264171359,0.162184046961,0.0976429707269,0.00652009843722,1,0.1,30,20,1,8,20,5.68616577555e-05,2.447707917e-05,5.68616577555e-05,4.31419902459e-05,1.77835990064e-05,0.00108195920183,5.68616577555e-05,2.447707917e-05,5.68616577555e-05,0.28472167519,0.429151299216,0.284707740014
803,0.234446298858,0.0132366764654,0.0783818960985,0.00603296344255,0.165215829608,0.0171912854356,0.183434232046,0.00264944462835,0.0399502068266,0.00777410254532,0.227124919911,0.0245621441344,1,0.1,30,20,1,8,20,5.42227844982e-11,2.33411307614e-11,5.42227844982e-11,0.0250201077249,7.6000080563e-08,0.0113062804163,5.42227844982e-11,2.33411307614e-11,5.42227844982e-11,0.274768718671,0.4141495463,0.274755270624
804,0.0191061671398,0.301291295005,0.103380995549,0.0824058249819,0.0227220131123,0.158610677276,0.0279627504346,0.00452185500096,0.0440978837239,0.100481314821,0.0916684814933,0.0437507414631,1,0.1,30,20,1,8,20,3.32513055645e-11,1.43135967352e-11,3.32513055645e-11,4.99692348006e-06,0.00184555740208,0.0016008305708,3.32513055645e-11,1.43135967352e-11,3.32513055645e-11,0.284142270081,0.428277981598,0.284128363263
805,0.0075605511548,0.0706585512234,0.0194580464773,0.131027388806,0.042840362706,0.0420165524915,0.00530363788356,0.19550143914,0.108706852736,0.189545401227,0.0128425220677,0.174538694087,1,0.1,30,20,1,8,20,4.91928584404e-07,2.11759125248e-07,4.91928584404e-07,2.98259407085e-06,0.0012434866448,1.51987633409e-05,4.91928584404e-07,2.11759125248e-07,4.91928584404e-07,0.284765934311,0.429218009485,0.284751996969
806,0.0293936242114,0.195909904137,0.144971974159,0.00650352891588,0.0421165514931,0.0407034298486,0.0677068619212,0.0896597823654,0.0192835731361,0.00812856323664,0.285494789836,0.0701274167397,1,0.1,30,20,1,8,20,2.09143179008e-07,9.00292807581e-08,2.09143179008e-07,0.00257319566682,0.0034670545716,0.000169340466914,2.09143179008e-07,9.00292807581e-08,2.09143179008e-07,0.283355543102,0.427092174773,0.283341674788
807,0.000285379072781,0.147445984428,0.0113510416939,0.142754323498,0.0794877875689,0.0479950153146,0.0184892838533,0.0389478395705,0.0870896274093,0.391496694854,0.0199958252445,0.0146611974934,1,0.1,30,20,1,8,20,5.53196766689e-08,2.38133068738e-08,5.53196766689e-08,0.0241737713999,0.000146197161603,0.000206221805006,5.53196766689e-08,2.38133068738e-08,5.53196766689e-08,0.278133211075,0.419220731293,0.27811959836
808,0.0348038128013,0.0181745365985,0.138743852628,0.0776437737957,0.0652449934368,0.137706912496,0.02766798401,0.0195738824318,0.125263101267,0.125959364778,0.189271300889,0.0399464848679,1,0.1,30,20,1,8,20,1.03338055503e-05,4.44836444392e-06,1.03338055503e-05,3.09527808474e-07,1.24539386315e-05,2.24527734182e-05,1.03338055503e-05,4.44836444392e-06,1.03338055503e-05,0.285101987377,0.429724530844,0.285088033588
809,0.0800755727871,0.00573461614507,0.0677166749941,0.175502325595,0.042655258648,0.0262541763239,0.138177168396,0.0706874276672,0.0310981697324,0.217967315021,0.0739081984192,0.0702230962703,1,0.1,30,20,1,8,20,9.70148651197e-09,4.17617183166e-09,9.70148651197e-09,1.96386532306e-06,5.85796274975e-09,0.00139630856026,9.70148651197e-09,4.17617183166e-09,9.70148651197e-09,0.284727651478,0.429160307071,0.284713716009
810,0.00867961450391,0.0962211681999,0.0492397636399,0.0144412613547,0.0544355808269,0.232142470309,0.0249088537981,0.00623376934746,0.161067813203,0.0281611083198,0.0832417529708,0.241226843527,1,0.1,30,20,1,8,20,2.04085166261e-05,8.78519721227e-06,2.04085166261e-05,7.61605173238e-12,0.00012390308373,0.000228375103686,2.04085166261e-05,8.78519721227e-06,2.04085166261e-05,0.284997621306,0.429567223413,0.284983672625
811,0.00157050763688,0.00420565168319,0.0680804695239,0.0782074847062,0.181768251326,0.000840714837034,0.0269618493324,0.390078893346,0.163149075047,0.0602859592205,0.0242343534643,0.00061678987663,1,0.1,30,20,1,8,20,8.57629904766e-05,3.69181552317e-05,8.57629904766e-05,0.172826701205,0.0001062235566,3.89771417265e-05,8.57629904766e-05,3.69181552317e-05,8.57629904766e-05,0.235688637877,0.355245469414,0.235677102532
812,0.0961413786034,0.0585940675516,0.119109528769,0.0183952816995,0.0793649375485,0.0149482690707,0.0149260305822,0.171490747773,0.0966721737313,0.196728908822,0.0611115869145,0.0725170889342,1,0.1,30,20,1,8,20,2.1489941031e-06,9.25071495866e-07,2.1489941031e-06,1.83047461907e-10,1.25318046008e-08,5.69426594954e-05,2.1489941031e-06,9.25071495866e-07,2.1489941031e-06,0.285107132966,0.429732286615,0.285093178925
813,0.14702665238,0.0745728646017,0.0345896532666,0.0258077503703,0.103146584003,0.0428838731933,0.00514234919107,0.0346791176315,0.143311368885,0.296402184076,0.0524319136567,0.0400056887451,1,0.1,30,20,1,8,20,1.09802904096e-06,4.72665497762e-07,1.09802904096e-06,0.00430389649004,2.17283895601e-06,0.000465230474754,1.09802904096e-06,4.72665497762e-07,1.09802904096e-06,0.283764405759,0.427708439554,0.283750517435
814,0.0435924132682,0.177451095522,0.0652606357871,0.0540460376447,0.0273433707155,0.0501059394478,0.0151334705421,0.00645640019921,0.0470966301907,0.160154683841,0.0885010805908,0.26485824225,1,0.1,30,20,1,8,20,2.14029974621e-06,9.21328860315e-07,2.14029974621e-06,5.51715781294e-09,3.25434963099e-06,1.28689177038e-06,2.14029974621e-06,9.21328860315e-07,2.14029974621e-06,0.285122088094,0.42975482797,0.285108133321
815,0.0156523440011,0.144237090097,0.0083793635069,0.153746250828,0.0765432877927,0.0884549034486,0.138481351629,0.0252054700836,0.0360948527536,0.00442422989203,0.2421835917,0.0665972642686,1,0.1,30,20,1,8,20,0.00015391291689,6.62544639167e-05,0.00015391291689,0.0332972015194,1.30755766882e-05,0.000383013894516,0.00015391291689,6.62544639167e-05,0.00015391291689,0.275306185498,0.414959651771,0.275292711145
816,0.0935038880597,0.271398788703,0.0820565493515,0.00840792656343,0.0927778415599,0.0467644482571,0.0343834300634,0.0998544129348,0.0541065427544,0.0396656423517,0.163906958922,0.013173570479,1,0.1,30,20,1,8,20,0.000443432125702,0.000190882989975,0.000443432125702,0.00853013163024,0.00129949405567,9.58079676902e-05,0.000443432125702,0.000190882989975,0.000443432125702,0.281681759953,0.42456933835,0.28166797356
817,0.0897897566209,0.0523001335182,0.142643738834,0.0732991184669,0.0709878962455,0.0729208048242,0.0707809010784,0.0803101765269,0.0117176798386,0.00550491219912,0.122099632001,0.207645249846,1,0.1,30,20,1,8,20,1.22364157123e-08,5.26737573206e-09,1.22364157123e-08,9.99411692347e-11,1.12982083907e-10,0.00156590807105,1.22364157123e-08,5.26737573206e-09,1.22364157123e-08,0.284679852234,0.429088260897,0.284665919105
818,0.0386076284446,0.0207839001635,0.0704445048258,0.0462790346119,0.0228411491111,0.0666369541892,0.21402483692,0.0456007032031,0.269983397574,0.0826243826961,0.0228170802711,0.0993564279895,1,0.1,30,20,1,8,20,2.46425955015e-05,1.06078293327e-05,2.46425955015e-05,0.0181805455857,0.000296079529836,3.77053032318e-05,2.46425955015e-05,1.06078293327e-05,2.46425955015e-05,0.27981327328,0.421753031924,0.279799578337
819,0.174565167676,0.00657649839182,0.225374730213,0.000513748533693,0.0114979818153,0.0539401351463,0.195532358823,0.00780117964494,0.0702655508875,0.184333583978,0.0438859077148,0.0257131571754,1,0.1,30,20,1,8,20,1.18297173696e-08,5.09230543118e-09,1.18297173696e-08,0.0378983784115,4.30838681665e-08,0.00127413230165,1.18297173696e-08,5.09230543118e-09,1.18297173696e-08,0.273957207193,0.412926382643,0.273943798864
820,0.0110821259429,0.0232840091854,0.147041090022,0.0875168276433,0.0378561792679,0.00886494439349,0.0157673793001,0.0396016419549,0.244532273991,0.10003037342,0.0119704592222,0.272452695656,1,0.1,30,20,1,8,20,9.29049184911e-07,3.99925210581e-07,9.29049184911e-07,0.0166736303773,8.77177645565e-05,3.66441469249e-07,9.29049184911e-07,3.99925210581e-07,9.29049184911e-07,0.28034585675,0.422555776879,0.280332135741
821,0.00382566322412,0.00495550119158,0.113634012746,0.171646733211,0.208475048996,0.0115695610426,0.0328965555248,0.141438954689,0.0094335388366,0.0155101908035,0.0945948008522,0.192019438882,1,0.1,30,20,1,8,20,1.76950703368e-08,7.61714755863e-09,1.76950703368e-08,0.0418465717324,0.000949241554112,1.55970441823e-09,1.76950703368e-08,7.61714755863e-09,1.76950703368e-08,0.272924111862,0.411369233181,0.272910754096
822,0.00208015386203,0.00806775953189,0.227535424828,0.0129411036978,0.039547354228,0.289357799704,0.0606740929535,0.027427153141,0.113908614881,0.0347856571777,0.0498506980391,0.133824187956,1,0.1,30,20,1,8,20,2.58952139901e-05,1.11470405187e-05,2.58952139901e-05,7.0883182602e-06,5.76569968728e-06,1.71341679587e-05,2.58952139901e-05,1.11470405187e-05,2.58952139901e-05,0.285081910225,0.429694269234,0.285067957418
823,0.15815822533,0.188785361374,0.0791656088815,0.0188633763147,0.0612142539788,0.0681330936033,0.0970354801298,0.162089892958,0.0644069274304,0.0119386930492,0.0631125605668,0.0270965263835,1,0.1,30,20,1,8,20,0.000290669030048,0.000125123486398,0.000290669030048,0.000115467029312,0.00751705305594,0.000339417483771,0.000290669030048,0.000125123486398,0.000290669030048,0.282450479834,0.425728003686,0.282436655818
824,0.068273282165,0.0243640104352,0.107619034138,0.0376863793866,0.066438297203,0.0718177284522,0.0930705962025,0.250189083066,0.0267763614113,0.00158781999321,0.0446089579676,0.207568449579,1,0.1,30,20,1,8,20,3.32050857355e-09,1.42937006144e-09,3.32050857355e-09,5.6428829678e-06,0.00268381858984,0.000187876960119,3.32050857355e-09,1.42937006144e-09,3.32050857355e-09,0.284305941298,0.428524677658,0.28429202647
825,0.0290774767749,0.118401491108,0.0350187613214,0.0115367134479,0.342846388615,0.0375108870446,0.127714601984,0.0504648897218,0.0352552814873,0.0472901209951,0.147550875272,0.0173325122291,1,0.1,30,20,1,8,20,0.000315442504911,0.000135787655005,0.000315442504911,0.00391613539839,0.00501493517076,0.000207843052387,0.000315442504911,0.000135787655005,0.000315442504911,0.282083408658,0.425174729784,0.282069602607
826,0.0580981009349,0.231581148273,0.0837030767348,0.189157918337,0.0722532484069,0.0550581376985,0.00827036868085,0.0372442450796,0.0111800578575,0.14352986807,0.0475388744817,0.0623849554466,1,0.1,30,20,1,8,20,7.2228897252e-13,3.10921718814e-13,7.2228897252e-13,0.00907948947285,0.000287665496006,0.00581878866971,7.2228897252e-13,3.10921718814e-13,7.2228897252e-13,0.280796438213,0.423234922995,0.28078269515
827,0.00951472462474,0.0856640552165,0.125885025501,0.12491562283,0.0888283736666,0.0655751313251,0.0506720078824,0.0540793519124,0.00602069277608,0.132591713527,0.237474159881,0.0187791408579,1,0.1,30,20,1,8,20,6.55736013753e-09,2.82272852337e-09,6.55736013753e-09,0.0330749581466,0.000163766358296,0.000222470076592,6.55736013753e-09,2.82272852337e-09,6.55736013753e-09,0.275585673512,0.415380914551,0.275572185481
828,0.180428409537,0.00176820877252,0.128580391167,0.203427768135,0.138194088119,0.0565547835375,0.0498230825151,0.0318923546837,0.0881400231856,0.00789773062015,0.0494932446861,0.0637999150425,1,0.1,30,20,1,8,20,4.12201002369e-05,1.77439015449e-05,4.12201002369e-05,0.0953580110988,0.00384833286307,0.00127167350578,4.12201002369e-05,1.77439015449e-05,4.12201002369e-05,0.256420290186,0.386493583972,0.256407740169
829,0.090091437502,0.109337531339,0.204287022609,0.0355207402993,0.322844068495,0.00254327848594,0.0139708919165,0.00919483478416,0.0367459988283,0.136797538167,0.00955220573853,0.0291144518352,1,0.1,30,20,1,8,20,1.24035908212e-05,5.3393391348e-06,1.24035908212e-05,0.0421535159388,0.00231790266473,0.00148097148924,1.24035908212e-05,5.3393391348e-06,1.24035908212e-05,0.272006922471,0.4099867848,0.271993609595
830,0.1053884722,0.01444033888,0.075775004702,0.00926989071653,0.00731866100685,0.0255611718473,0.0411612787051,0.0863442427556,0.135911187216,0.0189171135356,0.0521748260435,0.427737812392,1,0.1,30,20,1,8,20,6.80829935953e-06,2.93074963014e-06,6.80829935953e-06,5.30497235455e-07,4.69779098368e-08,5.41918101748e-05,6.80829935953e-06,2.93074963014e-06,6.80829935953e-06,0.285101298572,0.42972349263,0.285087344816
831,0.0109748873432,0.00452926326804,0.205270099612,0.166767369557,0.109880870725,0.0124689320958,0.112720947094,0.138012900719,0.0289760619566,0.0607204099854,0.139750463341,0.00992779430265,1,0.1,30,20,1,8,20,4.54963194893e-07,1.95846737158e-07,4.54963194893e-07,1.13461465529e-09,0.00342072837845,4.48572420366e-07,4.54963194893e-07,1.95846737158e-07,4.54963194893e-07,0.284150252315,0.428290012947,0.284136345106
832,0.00269959426405,0.000232845846422,0.0889756743366,0.0152167631441,0.0190472025986,0.357192884467,0.066563324617,0.0173625342044,0.0234382041843,0.227126253222,0.0300589371957,0.152085781919,1,0.1,30,20,1,8,20,1.058412745e-06,4.55611981368e-07,1.058412745e-06,1.69619268137e-06,3.63776855213e-06,0.000847934229814,1.058412745e-06,4.55611981368e-07,1.058412745e-06,0.284881594723,0.42939234049,0.28486765172
833,0.0337933005957,0.153874845305,0.0871968835144,0.104150205658,0.0546223847746,0.239763573563,0.104212635328,0.0260774011171,0.133834494704,0.0483589874801,0.0131326648132,0.000982623147311,1,0.1,30,20,1,8,20,1.02896927603e-05,4.42937533426e-06,1.02896927603e-05,0.000104066649374,0.000755361005263,0.0457393883223,1.02896927603e-05,4.42937533426e-06,1.02896927603e-05,0.271825539239,0.409713392022,0.27181223524
834,0.144992826454,0.0114640227566,0.0683340622724,0.112257625683,0.0796153956748,0.0905590619081,0.0368117837911,0.0373855694171,0.219553441208,0.02722504276,0.0928353451987,0.0789658228764,1,0.1,30,20,1,8,20,2.33547337587e-05,1.00534470814e-05,2.33547337587e-05,3.62958488892e-08,5.04367379938e-08,0.00214825007691,2.33547337587e-05,1.00534470814e-05,2.33547337587e-05,0.284481434268,0.428789192243,0.28446751085
835,0.0649770710729,0.0851724416469,0.0493560123852,0.0726268666732,0.274687521568,0.121640883985,0.0986479868509,0.0261180179157,0.0603963618343,0.0890591890824,0.0496936542011,0.00762399278479,1,0.1,30,20,1,8,20,3.50572211199e-05,1.50909841658e-05,3.50572211199e-05,0.0828778158944,0.00162516113742,0.000272396632926,3.50572211199e-05,1.50909841658e-05,3.50572211199e-05,0.260906069344,0.39325484636,0.260893299779
836,0.120619437736,0.00234455511284,0.0988846142663,0.0815257932763,0.0094483641716,0.0687688456971,0.198417780218,0.0381955080229,0.0161516450875,0.0151837562826,0.33603176235,0.0144279377786,1,0.1,30,20,1,8,20,1.23014607929e-05,5.29537550646e-06,1.23014607929e-05,0.0473385982341,0.00104735358787,3.1545890232e-05,1.23014607929e-05,5.29537550646e-06,1.23014607929e-05,0.271304196881,0.408927590414,0.271290918399
837,0.132862197328,0.0064114786025,0.0474229134432,0.00754532828838,0.0462268097213,0.0394232360917,0.0949657547067,0.132675502491,0.0364074440042,0.214243697768,0.179612156549,0.0622034810064,1,0.1,30,20,1,8,20,1.65706407624e-09,7.13311749691e-10,1.65706407624e-09,1.29200434661e-09,0.000599230825477,6.74165574865e-10,1.65706407624e-09,7.13311749691e-10,1.65706407624e-09,0.284955491552,0.429503722668,0.284941544933
838,0.0546152923251,0.121556916375,0.0300678594393,0.0127206043119,0.0606258884386,0.160294178554,0.0733271985988,0.0437498626969,0.0573268305959,0.253216846897,0.0683739415841,0.064124580183,1,0.1,30,20,1,8,20,4.35228507463e-08,1.8735160132e-08,4.35228507463e-08,0.00220497096137,0.000672386458526,2.81080727757e-08,4.35228507463e-08,1.8735160132e-08,4.35228507463e-08,0.284305872151,0.428524573434,0.284291957326
839,0.0767593855113,0.0779084640927,0.260101869389,0.012125483687,0.0209855677442,0.0405659481872,0.388581584494,0.033041778624,0.0472230717442,0.0061000665106,0.034454777796,0.00215200221921,1,0.1,30,20,1,8,20,5.83566726421e-05,2.51206340571e-05,5.83566726421e-05,0.136676953545,0.0650864176742,0.00514296614346,5.83566726421e-05,2.51206340571e-05,5.83566726421e-05,0.226051020746,0.340719016835,0.226039957097
840,0.00119760899315,0.101548296162,0.213018706904,0.105032122131,0.238322253059,0.0509180377067,0.0988094999349,0.05072076394,0.00311834278532,0.0508472342506,0.00501604934589,0.0814510847874,1,0.1,30,20,1,8,20,1.00094896257e-05,4.30875707269e-06,1.00094896257e-05,0.0438916345975,1.66873304403e-05,0.00668491732526,1.00094896257e-05,4.30875707269e-06,1.00094896257e-05,0.270687012262,0.407997329025,0.270673763987
841,0.0298317882843,0.0792339913701,0.0114588095815,0.0884101385077,0.00161634537576,0.0154139651971,0.0389896241965,0.124973035025,0.194963459189,0.209704443348,0.0210941021746,0.184310297751,1,0.1,30,20,1,8,20,4.21937104047e-05,1.81630087974e-05,4.21937104047e-05,0.000130085237455,0.000160766764913,4.541668862e-05,4.21937104047e-05,1.81630087974e-05,4.21937104047e-05,0.284971992184,0.429528593509,0.284958044757
842,0.059569481465,0.030707254059,0.0293894476321,0.277419453639,0.0365138289198,0.0951937314581,0.0981873888215,0.0672567137198,0.0376131686751,0.0193577365343,0.0625083912037,0.186283403873,1,0.1,30,20,1,8,20,6.32084657013e-06,2.72091718788e-06,6.32084657013e-06,0.0665535474313,4.25223549103e-06,0.000587352625137,6.32084657013e-06,2.72091718788e-06,6.32084657013e-06,0.265972738084,0.400891663863,0.26595972054
843,0.114956675925,0.168646871296,0.0563677598763,0.0324294288377,0.0502218424023,0.0981104656651,0.0206359913641,0.0204172446577,0.0503500786074,0.0309578545789,0.0590396941889,0.297866092601,1,0.1,30,20,1,8,20,7.61807867946e-14,3.27933307471e-14,7.61807867946e-14,0.0242835573405,0.000537497391331,8.73145092833e-07,7.61807867946e-14,3.27933307471e-14,7.61807867946e-14,0.27804896519,0.419093750335,0.278035356598
844,0.108668541125,0.0752461271946,0.0848337594722,0.125264990388,0.088140553413,0.00820278567143,0.00378753225247,0.0841042438622,0.267630241026,0.0419646495108,0.0455053555056,0.0666512205785,1,0.1,30,20,1,8,20,0.000470525488867,0.000202545794426,0.000470525488867,0.00154888584112,6.9369780573e-06,0.0014855950628,0.000470525488867,0.000202545794426,0.000470525488867,0.283607023377,0.427471222441,0.283593142756
845,0.10573598785,0.00461266264719,0.0334034780191,0.275436087096,0.143515463196,0.105833534207,0.00264183486938,0.0218351929401,0.0291662640793,0.0463282051633,0.117142996488,0.114348293445,1,0.1,30,20,1,8,20,5.35177601603e-05,2.30376409017e-05,5.35177601603e-05,4.39930499328e-05,0.000828419232054,4.32642665153e-05,5.35177601603e-05,2.30376409017e-05,5.35177601603e-05,0.284791092824,0.429255930055,0.28477715425
846,0.0181270736031,0.100746515454,0.116467279417,0.0291999410239,0.0534212282894,0.0364449980856,0.373336017375,0.0443014019929,0.0727942692403,0.0329918950119,0.0519054783948,0.070263902112,1,0.1,30,20,1,8,20,1.01515719857e-06,4.36991886981e-07,1.01515719857e-06,0.0098368879043,0.00820412140939,0.00465575377122,1.01515719857e-06,4.36991886981e-07,1.01515719857e-06,0.278653498684,0.420004943114,0.278639860504
847,0.0617585589476,0.0539342020851,0.0499967352748,0.0576811601099,0.00642158993006,0.0453919822366,0.29687166142,0.0432154216942,0.153075133173,0.0527411815607,0.104735576172,0.0741767973955,1,0.1,30,20,1,8,20,5.26231868148e-06,2.26525564095e-06,5.26231868148e-06,5.0698068598e-06,9.46511525741e-05,0.00211067051293,5.26231868148e-06,2.26525564095e-06,5.26231868148e-06,0.284488816583,0.428800319355,0.284474892804
848,0.0112758656404,0.0478126755573,0.167447820878,0.0909775056153,0.0160225088462,0.126568106641,0.164319049167,0.12182972965,0.0427958064883,0.114231061388,0.0770363046583,0.0196835654693,1,0.1,30,20,1,8,20,1.05969748579e-06,4.56165020152e-07,1.05969748579e-06,0.0824512428558,8.52675520606e-07,3.5950735663e-07,1.05969748579e-06,4.56165020152e-07,1.05969748579e-06,0.26161551456,0.39432416901,0.261602710272
849,0.0742713792554,0.0220823717545,0.278315722503,0.133614120882,0.131977551988,0.0103858834102,0.0265915238775,0.125626699074,0.0122385068053,0.121101475154,0.0402805053389,0.0235142599568,1,0.1,30,20,1,8,20,1.35462837285e-05,5.83123096248e-06,1.35462837285e-05,8.44519449328e-08,0.00181351454875,0.000108514189575,1.35462837285e-05,5.83123096248e-06,1.35462837285e-05,0.284559530903,0.428906904646,0.284545603663
850,0.210127824057,0.0484233349658,0.00915960071427,0.25447136436,0.080403350037,0.0174341040126,0.0529687784387,0.00177828320979,0.025663142548,0.188295146274,0.0716994317736,0.0395756396091,1,0.1,30,20,1,8,20,5.69076570547e-10,2.449688036e-10,5.69076570547e-10,8.22356071466e-10,0.00221337941859,1.74003204747e-10,5.69076570547e-10,2.449688036e-10,5.69076570547e-10,0.284495257039,0.428810026836,0.284481332944
851,0.111653813473,0.254375846681,0.0235858259935,0.0201122085801,0.23262633335,0.00902847709285,0.101142457704,0.04491828955,0.00624158500493,0.159429431778,0.034725310406,0.0021604203871,1,0.1,30,20,1,8,20,7.06609624559e-07,3.04172273643e-07,7.06609624559e-07,0.00575447765544,0.00445296889511,1.65162208963e-06,7.06609624559e-07,3.04172273643e-07,7.06609624559e-07,0.282214488653,0.425372302204,0.282200676187
852,0.203522393166,0.0327710017608,0.156362420536,0.0983456089405,0.0683054090686,0.0608698854439,0.202796329464,0.0275855592133,0.0144745742486,0.00525495815905,0.0503319974783,0.0793798625198,1,0.1,30,20,1,8,20,6.04066047734e-07,2.60030626224e-07,6.04066047734e-07,0.0554940481187,0.00494992215908,0.00187958875652,6.04066047734e-07,2.60030626224e-07,6.04066047734e-07,0.267355424722,0.402975740414,0.267342339505
853,0.138362313245,0.0191180140524,9.18885177766e-05,0.0363858368795,0.176335806983,0.0410210800324,0.0446983446549,0.212568256487,0.0965716295135,0.0641988189268,0.115811310675,0.0548367000332,1,0.1,30,20,1,8,20,5.13947126937e-07,2.2123738582e-07,5.13947126937e-07,0.00140753136016,0.0019979609303,0.00223114084372,5.13947126937e-07,2.2123738582e-07,5.13947126937e-07,0.283518485951,0.427337772989,0.283504609663
854,0.0108099229394,0.0352384136012,0.0354193051664,0.352988207414,0.0945282902992,0.181452961426,0.0538627315631,0.0020262441714,0.0293862525215,0.0225795215046,0.00300973877395,0.17869841062,1,0.1,30,20,1,8,20,5.96527566177e-06,2.567855571e-06,5.96527566177e-06,2.13983408003e-08,0.00328247837823,0.00126513098935,5.96527566177e-06,2.567855571e-06,5.96527566177e-06,0.283821433787,0.427794395961,0.283807542672
855,0.0393949694325,0.0790813208811,0.212906876482,0.167162145954,0.055917812247,0.0527406955654,0.0207771914767,0.0877601092867,0.0511560394034,0.018505391364,0.108287306733,0.106310141173,1,0.1,30,20,1,8,20,5.32846860192e-09,2.29373101264e-09,5.32846860192e-09,8.2464946203e-10,0.00310039243575,3.03776455109e-10,5.32846860192e-09,2.29373101264e-09,5.32846860192e-09,0.28424233962,0.428428813011,0.284228427904
856,0.19917490824,0.0356772794027,0.00391012634203,0.0453649216897,0.049272172645,0.199230642704,0.149963660373,0.0123956417292,0.239999999081,0.00393673327284,0.0200200187327,0.0410538957887,1,0.1,30,20,1,8,20,9.44689529822e-06,4.06657866219e-06,9.44689529822e-06,0.0565045853391,0.00804820831559,0.0287044537876,9.44689529822e-06,4.06657866219e-06,9.44689529822e-06,0.258523159037,0.389663166684,0.258510506099
857,0.266243259762,0.0810689035511,0.191544904427,0.00992326467755,0.15644915215,0.0179009538611,0.0636790718987,0.033452390489,0.0835292926737,0.0181075094919,0.0429531486095,0.0351481484086,1,0.1,30,20,1,8,20,6.97703530697e-05,3.00338492266e-05,6.97703530697e-05,0.021207033748,0.000529818514816,0.0297754932347,6.97703530697e-05,3.00338492266e-05,6.97703530697e-05,0.270342123462,0.407477489864,0.270328892066
858,0.00929557761094,0.150028852199,0.0275787425858,0.0563030467136,0.0283449240444,0.124861284237,0.0800145521114,0.146867386625,0.0399926765081,0.193800757411,0.093677337675,0.0492348622788,1,0.1,30,20,1,8,20,6.09807907908e-07,2.62502308753e-07,6.09807907908e-07,0.0290002541942,7.58022529948e-07,0.000433600172054,6.09807907908e-07,2.62502308753e-07,6.09807907908e-07,0.276732922106,0.417110123345,0.276719377924
859,0.0394436312219,0.106378933387,0.0249624446557,0.0227130459482,0.184831249636,0.0152755052729,0.133059994496,0.09845144767,0.0545303940651,0.217575422542,0.0735398929334,0.0292380381722,1,0.1,30,20,1,8,20,1.19146288904e-08,5.12885705664e-09,1.19146288904e-08,0.00104212436651,0.00270591194867,3.21065956996e-08,1.19146288904e-08,5.12885705664e-09,1.19146288904e-08,0.284057661323,0.428150453693,0.284043758646
860,0.030354003607,0.00653710798753,0.0282115136352,0.212199083219,0.128974991711,0.0673604356412,0.0315034313039,0.263132265808,0.113247498999,0.0961678819148,0.00710731644596,0.0152044697264,1,0.1,30,20,1,8,20,3.96605731207e-07,1.70725762583e-07,3.96605731207e-07,2.3747604029e-10,0.00887085197465,0.00405286410243,3.96605731207e-07,1.70725762583e-07,3.96605731207e-07,0.281440909148,0.424206312121,0.281427134543
861,0.00161551090533,0.0913798177707,0.0196909650225,0.0218066845068,0.290220632996,0.124621746777,0.0812606949365,0.00168811422218,0.0500448096889,0.0698388465221,0.0308811128586,0.216951063793,1,0.1,30,20,1,8,20,3.6068186064e-05,1.55261714247e-05,3.6068186064e-05,4.57630999897e-05,1.15622659325e-07,0.000256619558452,3.6068186064e-05,1.55261714247e-05,3.6068186064e-05,0.284990110875,0.429555903196,0.284976162561
862,0.0717769963879,0.216555130741,0.103034680783,0.229927070538,0.010285158352,0.06148163213,0.00466297737576,0.0744323965087,0.0563450593407,0.0667747019882,0.0370519421456,0.0676722537095,1,0.1,30,20,1,8,20,2.13889270936e-09,9.20723177087e-10,2.13889270936e-09,0.132300062717,1.33581792394e-06,0.000575913820356,2.13889270936e-09,9.20723177087e-10,2.13889270936e-09,0.247239524753,0.372655728422,0.247227424072
863,0.0354066245612,0.0182235947421,0.176898813239,0.108880007812,0.0318948737943,0.0771336542701,0.0575158987194,0.0867689771171,0.203517937342,0.0480304927465,0.124123917593,0.0316052080634,1,0.1,30,20,1,8,20,0.000268838285389,0.000115726066653,0.000268838285389,0.0135892995194,0.000717443035626,0.00292179020301,0.000268838285389,0.000115726066653,0.000268838285389,0.279841437612,0.421795483065,0.27982774129
864,0.0555620789883,0.0481906685183,0.0313784310772,0.023546274823,0.074555699861,0.228041677624,0.0478823540745,0.050789247076,0.0877470824243,0.00401516032289,0.286841332497,0.0614499927133,1,0.1,30,20,1,8,20,1.13432996362e-06,4.8829185466e-07,1.13432996362e-06,8.92359756854e-07,8.69741375542e-07,0.00130095289069,1.13432996362e-06,4.8829185466e-07,1.13432996362e-06,0.284753340377,0.429199027076,0.284739403652
865,0.0492171428128,0.00206334653584,0.0655344000778,0.0558822380835,0.122031559386,0.190537674366,0.0153095441863,0.0145979944439,0.0674521074508,0.190243230508,0.0193488690684,0.20778189308,1,0.1,30,20,1,8,20,8.23442584567e-08,3.54465031974e-08,8.23442584567e-08,0.0337629249946,2.08819967101e-06,1.91818851292e-05,8.23442584567e-08,3.54465031974e-08,8.23442584567e-08,0.275493472519,0.41524194313,0.275479989001
866,0.0154623790865,0.0731292313984,0.0603893522728,0.0586332375003,0.278629436434,0.00727919901105,0.112832996409,0.0358561851578,0.104436123258,0.0809999757679,0.0336521326172,0.138699751087,1,0.1,30,20,1,8,20,1.47293288875e-06,6.34049311138e-07,1.47293288875e-06,5.23268493959e-07,0.00170062987097,0.00113402866787,1.47293288875e-06,6.34049311138e-07,1.47293288875e-06,0.284315924409,0.428539724861,0.284302009092
867,0.00649072436373,0.173090265933,0.0432425960059,0.0961108530566,0.018797251082,0.0320240171866,0.00600347060905,0.0883646881968,0.0154774708459,0.188836328695,0.0343061090423,0.297256224983,1,0.1,30,20,1,8,20,1.16593332706e-12,5.01896066345e-13,1.16593332706e-12,1.48991586398e-12,0.000348073151323,0.00016839563077,1.16593332706e-12,5.01896066345e-13,1.16593332706e-12,0.284979092047,0.429539294891,0.284965144272
868,0.0363714070537,0.110816854418,0.0467189018659,0.0138744335886,0.00674705496458,0.153732005907,0.0737502369438,0.00704561699685,0.0375152097465,0.2519385419,0.147696512338,0.113793224276,1,0.1,30,20,1,8,20,4.44775260201e-06,1.91461165336e-06,4.44775260201e-06,4.54807482975e-06,3.85586589022e-06,1.2989218307e-09,4.44775260201e-06,1.91461165336e-06,4.44775260201e-06,0.285117789855,0.42974834938,0.285103835292
869,0.206949742221,0.0513701947657,0.00600778143458,0.0773608824937,0.0786285250478,0.137479882168,0.03163888852,0.070744506662,0.00248883748875,0.126024902497,0.145815057093,0.0654907996079,1,0.1,30,20,1,8,20,3.21006845966e-05,1.38182921374e-05,3.21006845966e-05,0.00487581188266,0.00414071326707,9.65733453561e-05,3.21006845966e-05,1.38182921374e-05,3.21006845966e-05,0.282483475466,0.425777736881,0.282469649835
870,0.00331435083682,0.00204056083322,0.0577772827212,0.136223735374,0.203989189071,0.0561705481438,0.132339485035,0.0982560791498,0.151786678672,0.11974952781,0.020567251977,0.0177853103744,1,0.1,30,20,1,8,20,0.000190955380546,8.22000298983e-05,0.000190955380546,0.000188288842122,0.000568286502067,0.000293392974639,0.000190955380546,8.22000298983e-05,0.000190955380546,0.284562316841,0.428911103795,0.284548389464
871,0.118903856758,0.0331793905039,0.0538649377734,0.121807085264,0.261757615474,0.0807896737307,0.00641833360817,0.189685399119,0.056344890483,0.0379304762353,0.0277031279332,0.0116152131184,1,0.1,30,20,1,8,20,1.11036994153e-11,4.77977850797e-12,1.11036994153e-11,0.304802921755,4.25840115327e-08,4.40401770383e-10,1.11036994153e-11,4.77977850797e-12,1.11036994153e-11,0.198218993799,0.29876874903,0.198209292337
872,0.129217313294,0.061811228049,0.096354063579,0.122312569549,0.105249146038,0.131826614313,0.0983690529216,0.134575902566,0.0622611608874,0.00517509485065,0.0239864958243,0.0288613581289,1,0.1,30,20,1,8,20,1.16484421425e-06,5.01427238991e-07,1.16484421425e-06,0.186217625378,0.0246270388198,0.00010306209589,1.16484421425e-06,5.01427238991e-07,1.16484421425e-06,0.224977981027,0.339101660553,0.224966969895
873,0.0292496240036,0.0143720136905,0.0943725636534,0.395184049454,0.0641842427742,0.0162341822237,0.093311558285,0.00336480430066,0.0352359131436,0.11308461652,0.0819120383641,0.0594943935872,1,0.1,30,20,1,8,20,5.38834708369e-08,2.31950673563e-08,5.38834708369e-08,0.0990582202953,1.75705642087e-11,8.1733929565e-08,5.38834708369e-08,2.31950673563e-08,5.38834708369e-08,0.256882144037,0.387189720577,0.256869571416
874,0.11958858376,0.000442839547363,0.0465123599847,0.269468728299,0.0702132638301,0.136354265973,0.0889907511788,0.0124291739247,0.0232404383986,0.0513456174097,0.0793872066301,0.102026771063,1,0.1,30,20,1,8,20,6.4724934253e-08,2.78619618653e-08,6.4724934253e-08,1.97824691124e-07,0.00340576737873,1.54098798518e-07,6.4724934253e-08,2.78619618653e-08,6.4724934253e-08,0.284155086833,0.428297299853,0.284141179388
875,0.0144830941638,0.0363508275449,0.0475655566353,0.00607847922214,0.000579422028908,0.000178281015788,0.16980654678,0.114298309965,0.0958817279924,0.0844819144303,0.160573549827,0.269722290395,1,0.1,30,20,1,8,20,8.2155497506e-06,3.53652477975e-06,8.2155497506e-06,1.17360884794e-05,9.04542697399e-05,5.5740854065e-07,8.2155497506e-06,3.53652477975e-06,8.2155497506e-06,0.285085668221,0.429699933534,0.28507171523
876,0.0674361364957,0.0481931272035,0.0349140775426,0.0734147489752,0.000396898025904,0.00983958356042,0.338365190806,0.0247776330294,0.0695724145484,0.172483497259,0.0924165418867,0.0681901506671,1,0.1,30,20,1,8,20,2.22150965137e-05,9.56287061615e-06,2.22150965137e-05,2.06313420426e-05,3.59968041991e-05,1.40569740468e-05,2.22150965137e-05,9.56287061615e-06,2.22150965137e-05,0.285075407028,0.429684467186,0.285061454539
877,0.00777744743292,0.0540470243778,0.0875275086876,0.336371721065,0.094349012554,0.147444221222,0.0356334087008,0.00930792961593,0.000247084795111,0.0282409057603,0.161423215402,0.0376305203866,1,0.1,30,20,1,8,20,3.06484001509e-06,1.31931313039e-06,3.06484001509e-06,0.0747464070844,0.000565343887444,0.000653462274776,3.06484001509e-06,1.31931313039e-06,3.06484001509e-06,0.263462419051,0.397107945346,0.26344952437
878,0.0778747594207,0.138091434745,0.186068056498,0.0180445827824,0.0502742951845,0.117367029437,0.0239539433328,0.169100724025,0.125827587794,0.0231962061954,0.0292319794534,0.0409694011326,1,0.1,30,20,1,8,20,0.00029526805015,0.00012710321375,0.00029526805015,0.000261433409189,0.0177525442818,0.000241443411015,0.00029526805015,0.00012710321375,0.00029526805015,0.279512013547,0.421298953374,0.279498333349
879,0.0220182248514,0.0629341143521,0.0618776986432,0.0251590777853,0.0733710880439,0.104563699233,0.133173453405,0.019421825978,0.207527266657,0.162456161363,0.040190946614,0.0873064430737,1,0.1,30,20,1,8,20,1.20751470489e-06,5.19795486046e-07,1.20751470489e-06,0.043861498692,2.87605004806e-06,0.000412894422468,1.20751470489e-06,5.19795486046e-07,1.20751470489e-06,0.272500061131,0.410730075934,0.27248672412
880,0.245492222349,0.00011705255627,0.0845548712902,0.0276577462771,0.0295340413217,0.133465499409,0.0411470764322,0.0128833683975,0.00351131544408,0.0668810543341,0.0976578668691,0.25709788532,1,0.1,30,20,1,8,20,4.72012668523e-07,2.03185976504e-07,4.72012668523e-07,0.00405667022885,9.8579680224e-05,0.000723951735582,4.72012668523e-07,2.03185976504e-07,4.72012668523e-07,0.283734507748,0.427663375298,0.283720620887
881,0.00250903715243,0.0438627782588,0.0891006887201,0.240654212167,0.0714591557232,0.149248535265,0.0161563018752,0.047307114804,0.293183124665,0.00877078005089,0.00301632268908,0.0347319486293,1,0.1,30,20,1,8,20,0.0286649132216,0.0123393052194,0.0286649132216,2.3254493895e-08,0.0119741479788,0.00948112916453,0.0286649132216,0.0123393052194,0.0286649132216,0.239279868834,0.360658409719,0.239268157724
882,0.0877641574436,0.0547828784575,0.0573789058648,0.0854273902241,0.0885876355376,0.225589833663,0.149499607668,0.10200569529,0.0878531364163,0.016154088039,0.0148502843538,0.0301063870415,1,0.1,30,20,1,8,20,0.0031916472816,0.00137389950061,0.0031916472816,0.000676924764916,0.028167118924,0.000521317368721,0.0031916472816,0.00137389950061,0.0031916472816,0.272329951793,0.410473675914,0.272316623108
883,0.131815390786,0.0312033012005,0.150786332768,0.213279000527,0.0481985751367,0.0586753143198,0.0701231474427,0.0358283311886,0.0130237781517,0.0512444793679,0.0365170167463,0.159305332364,1,0.1,30,20,1,8,20,1.01752622731e-08,4.3801167617e-09,1.01752622731e-08,1.28947693529e-13,0.0012298052324,0.00170103537218,1.01752622731e-08,4.3801167617e-09,1.01752622731e-08,0.284290676919,0.428501670178,0.284276762837
884,0.00911340679941,0.279309463541,0.00796286071566,0.0119869267009,0.0470375697719,0.0244576589064,0.127615234738,0.106323784866,0.0139204701985,0.0661054475827,0.253093104191,0.0530740719876,1,0.1,30,20,1,8,20,3.49432104876e-07,1.5041906327e-07,3.49432104876e-07,1.26020041908e-05,0.000305295021502,0.000597300313535,3.49432104876e-07,1.5041906327e-07,3.49432104876e-07,0.284864919725,0.429367206832,0.284850977538
885,0.0615121428114,0.0223805180156,0.206376314661,0.0255613135781,0.0209094903837,0.162352223149,0.072589440844,0.00915651134174,0.0505054242519,0.108271194407,0.116050422927,0.144335003629,1,0.1,30,20,1,8,20,3.61160128857e-06,1.55467593032e-06,3.61160128857e-06,3.25082332668e-15,5.46751899018e-14,3.98667856207e-06,3.61160128857e-06,1.55467593032e-06,3.61160128857e-06,0.285120208592,0.429751995061,0.285106253911
886,0.0808191769042,0.0224413837192,0.0327620920502,0.111594417381,0.0592052322783,0.0594089547464,0.235275920255,0.135462342113,0.0109104921991,0.135778169887,0.101495238279,0.0148465801873,1,0.1,30,20,1,8,20,2.80702404702e-06,1.20833180992e-06,2.80702404702e-06,5.13104679987e-07,0.00217781341128,0.000141551440352,2.80702404702e-06,1.20833180992e-06,2.80702404702e-06,0.284461002092,0.428758395519,0.284447079674
887,0.0101175953032,0.0602318045529,0.0342587627571,0.257965678683,0.144129781844,0.0698194485739,0.0167728875932,0.199933529437,0.010753324768,0.146876710219,0.0299250836922,0.0192153925767,1,0.1,30,20,1,8,20,1.03938673938e-05,4.47421909813e-06,1.03938673938e-05,5.72266402855e-06,3.72679796602e-05,0.00298853878476,1.03938673938e-05,4.47421909813e-06,1.03938673938e-05,0.284247576287,0.428436706061,0.284233664315
888,0.11981929856,0.209397437268,0.210950958623,0.0227845004,0.00790441623026,0.0112316501568,0.0165569949533,0.0914600879754,0.00721228411439,0.0110595062195,0.153076447635,0.138546417864,1,0.1,30,20,1,8,20,2.08851253195e-05,8.99036162679e-06,2.08851253195e-05,1.36526193174e-05,0.000115598503413,3.29121152086e-05,2.08851253195e-05,8.99036162679e-06,2.08851253195e-05,0.28505116752,0.4296479318,0.285037216217
889,0.0502852429533,0.100987754842,0.117527077538,0.0369758218007,0.055958431518,0.052071191316,0.0193094616618,0.00771710441139,0.214695844514,0.0608981783534,0.0380651844295,0.245508706662,1,0.1,30,20,1,8,20,3.06214107195e-05,1.31815132387e-05,3.06214107195e-05,5.15595869653e-05,2.42365123905e-05,2.61885137151e-05,3.06214107195e-05,1.31815132387e-05,3.06214107195e-05,0.28505483173,0.42965345474,0.285040880248
890,0.0358663182818,0.0737647816109,0.0492768747778,0.000200634337929,0.083434610714,0.0629805235401,0.0759281395651,0.217450656871,0.00215434821949,0.0167369893644,0.0102997814037,0.371906341314,1,0.1,30,20,1,8,20,2.02979776771e-08,8.73761381929e-09,2.02979776771e-08,0.00115700757657,0.000661073396184,7.82066798421e-05,2.02979776771e-08,8.73761381929e-09,2.02979776771e-08,0.284585641197,0.428946259804,0.284571712679
891,0.056995690274,0.0447646170072,0.0863596198935,0.116006092978,0.0204582692922,0.025690481166,0.174737678991,0.102072292791,0.101704583013,0.223418129448,0.00437033400382,0.0434222111424,1,0.1,30,20,1,8,20,2.52581662865e-05,1.08728123711e-05,2.52581662865e-05,0.0303735791301,0.000367876792904,2.54353396521e-05,2.52581662865e-05,1.08728123711e-05,2.52581662865e-05,0.276318892148,0.416486070069,0.276305368231
892,0.0412952203526,0.169687818447,0.00839193634379,0.0521731000296,0.201564939106,0.179533608551,0.12996898794,0.028904083783,0.0599109886747,0.0414699724618,0.0214327220754,0.065666622234,1,0.1,30,20,1,8,20,0.000238327410255,0.000102592135359,0.000238327410255,0.000129360678154,0.000984011067843,0.000265652943809,0.000238327410255,0.000102592135359,0.000238327410255,0.284402837489,0.428670725991,0.284388917918
893,0.0117314494747,0.0130325585607,0.034069938656,0.324619815156,0.118171491701,0.0785426248953,0.0759338112077,0.0953770989941,0.0559563202289,0.0273651397787,0.0681976212523,0.0970021300945,1,0.1,30,20,1,8,20,5.41844916724e-09,2.33246469555e-09,5.41844916724e-09,0.131380294905,9.17716767044e-06,0.000227130689817,5.41844916724e-09,2.33246469555e-09,5.41844916724e-09,0.247598981734,0.373197525705,0.247586863459
894,0.194023372385,0.00993975899412,0.0556321561893,0.10474295835,0.124395278746,0.0160333011346,0.0252470339859,0.0348667305079,0.00569539665724,0.0621603593761,0.182964167636,0.184299486038,1,0.1,30,20,1,8,20,6.43248920872e-08,2.76897568303e-08,6.43248920872e-08,0.0015868452839,0.00206599171544,2.8162266475e-05,6.43248920872e-08,2.76897568303e-08,6.43248920872e-08,0.284076711867,0.428179167931,0.284062808258
895,0.182117908327,0.0610126323687,0.0204695977063,0.0374781569298,0.077365275658,0.0482339732708,0.0348553886512,0.27057902452,0.0546002707629,0.0344523681341,0.0476208075869,0.131214596084,1,0.1,30,20,1,8,20,0.000137668387781,5.92617267931e-05,0.000137668387781,0.00350525055534,2.43611076079e-05,0.000314449178449,0.000137668387781,5.92617267931e-05,0.000137668387781,0.283839502168,0.427821629818,0.283825610168
896,0.241868371115,0.0499692143255,0.147830407063,0.0598643803544,0.0949807296924,0.0428601208362,0.0248460426449,0.1277609363,0.0387272121454,0.132716067424,0.00130634844503,0.037270169654,1,0.1,30,20,1,8,20,1.89265596106e-09,8.14726331049e-10,1.89265596106e-09,0.0245763725954,0.00161198313794,0.00389707263749,1.89265596106e-09,8.14726331049e-10,1.89265596106e-09,0.276548199878,0.416831697813,0.276534664738
897,0.0859263999322,0.0842837205397,0.228231226695,0.0574992928601,0.0246026283326,0.0123632296448,0.0949191378604,0.0264725440261,0.0036755109748,0.273412594523,0.00539140948772,0.103222305124,1,0.1,30,20,1,8,20,3.98397802343e-06,1.71497190445e-06,3.98397802343e-06,1.3766971174e-08,6.34725886002e-06,0.000985914687809,3.98397802343e-06,1.71497190445e-06,3.98397802343e-06,0.284837905239,0.429326488817,0.284823964375
898,0.121311296577,0.0839178300363,0.0963484611075,0.145118305373,0.00882781054892,0.0130797884858,0.104691208218,0.00213499450177,0.149261176722,0.0391363794324,0.00650351740515,0.229669231592,1,0.1,30,20,1,8,20,1.18482969195e-11,5.10030331819e-12,1.18482969195e-11,0.0322595725973,0.000524784774505,0.000914587731552,1.18482969195e-11,5.10030331819e-12,1.18482969195e-11,0.275517893645,0.415278752263,0.275504408931
899,0.174083621415,0.0640269142298,0.131050138358,0.00848248098958,0.0843000414013,0.0579347060828,0.0629597022272,0.0842965784602,0.0369789406228,0.268199921011,0.0165413836317,0.0111455715701,1,0.1,30,20,1,8,20,1.57258321689e-09,6.76945509866e-10,1.57258321689e-09,0.00194104541448,0.00182016154443,0.000203836373366,1.57258321689e-09,6.76945509866e-10,1.57258321689e-09,0.283995810392,0.428057227889,0.283981910742
900,0.0590130289659,0.230322491321,0.0275994493101,0.0859275376876,0.101391727539,0.0227754662949,0.107091407746,0.174865130699,0.0591819897303,0.0556951772295,0.0392894635335,0.0368471299438,1,0.1,30,20,1,8,20,3.20010928199e-10,1.37754211431e-10,3.20010928199e-10,5.30305805625e-05,0.000952511499449,0.0108776761884,3.20010928199e-10,1.37754211431e-10,3.20010928199e-10,0.281738131803,0.424654305722,0.281724342651
901,0.162993689199,0.0605473885299,0.0497562191534,0.173962696505,0.0205703733136,0.0543644612384,0.127079058628,0.00529222216907,0.0333498787803,0.120123582035,0.0652353791863,0.126725051261,1,0.1,30,20,1,8,20,3.13243456648e-09,1.34841036834e-09,3.13243456648e-09,1.39594898164e-07,2.97784792356e-10,0.00182871321862,3.13243456648e-09,1.34841036834e-09,3.13243456648e-09,0.284604892353,0.428975276417,0.284590962893
902,0.114919090352,0.0818999398305,0.0329561435861,0.172649919312,0.0334564445263,0.022997708716,0.0782945457358,0.00749261542813,0.0480907746763,0.101605511496,0.247530978745,0.0581063275965,1,0.1,30,20,1,8,20,3.89747378319e-10,1.6777346655e-10,3.89747378319e-10,0.0459573332566,1.8306834072e-06,9.66779843195e-07,3.89747378319e-10,1.6777346655e-10,3.89747378319e-10,0.272021906009,0.410009368977,0.2720085924
903,0.0225217776615,0.0232876264556,0.0751542109583,0.184438891712,0.0033912541104,0.130117852918,0.0746869774948,0.109644209164,0.0398410655961,0.00933765122127,0.125787346018,0.201791136689,1,0.1,30,20,1,8,20,2.14143153885e-07,9.21816059935e-08,2.14143153885e-07,0.0365131531299,3.03249272907e-05,0.00169747400978,2.14143153885e-07,9.21816059935e-08,2.14143153885e-07,0.274222550992,0.413326326329,0.274209129676
904,0.240465506367,0.0234806218997,0.00808199614778,0.0394764584906,0.143644401449,0.00855068915148,0.077722066124,0.126725197834,0.0070696401234,0.0546111936448,0.0570462673827,0.213125961387,1,0.1,30,20,1,8,20,6.92366297708e-08,2.98040988472e-08,6.92366297708e-08,0.0164382083361,0.00140400824017,1.01778530377e-08,6.92366297708e-08,2.98040988472e-08,6.92366297708e-08,0.280038965941,0.422093210798,0.280025259952
905,0.00260564609753,0.0488319190942,0.203313613015,0.0649327714572,0.00621234368744,0.133932338663,0.0425067316206,0.140267301133,0.0529560841394,0.0119888042916,0.275244345145,0.017208101655,1,0.1,30,20,1,8,20,2.91352486662e-05,1.2541769206e-05,2.91352486662e-05,2.5625058889e-05,0.000149120984684,0.000410905368742,2.91352486662e-05,1.2541769206e-05,2.91352486662e-05,0.284918985372,0.429448698144,0.284905040539
906,0.0100955703056,0.01052052436,0.0253701145189,0.140586591539,0.128704854883,0.0842863518227,0.139134148921,0.206456020849,0.077864880857,0.0196347508189,0.136827143115,0.0205190480095,1,0.1,30,20,1,8,20,1.23018050447e-05,5.29552369554e-06,1.23018050447e-05,8.70078633784e-07,0.00412652535364,7.36603674753e-07,1.23018050447e-05,5.29552369554e-06,1.23018050447e-05,0.283932261623,0.42796144299,0.283918365083
907,0.0394046096083,0.088074398947,0.280885919538,0.0220885305126,0.036406898252,0.0124293416449,0.154226093085,0.0982841123181,0.0849330125713,0.102970948296,0.0337947084717,0.046501426755,1,0.1,30,20,1,8,20,4.6570654051e-06,2.00471395172e-06,4.6570654051e-06,0.00924370000612,0.0136060033759,0.000305701073229,4.6570654051e-06,2.00471395172e-06,4.6570654051e-06,0.27851768033,0.419800228727,0.278504048798
908,0.0514857721318,0.0341217897965,0.0180031920622,0.0513615748918,0.0993808128568,0.131276924035,0.308635632263,0.0462148329228,0.115708729026,0.0730815949689,0.0027513698488,0.0679777751961,1,0.1,30,20,1,8,20,2.88049917334e-06,1.23996044256e-06,2.88049917334e-06,0.0280686604844,0.0014236445577,0.00467854017694,2.88049917334e-06,1.23996044256e-06,2.88049917334e-06,0.275379350188,0.415069930421,0.275365872255
909,0.129815266673,0.0530255541368,0.103690027423,0.0536232481714,0.0281421928307,0.150757360632,0.0702274212097,0.0794373526759,0.227600366166,0.0221910921943,0.00241636983667,0.0790737480488,1,0.1,30,20,1,8,20,1.04984433757e-06,4.51923562928e-07,1.04984433757e-06,0.13914804157,0.000983308715951,0.00539482059533,1.04984433757e-06,4.51923562928e-07,1.04984433757e-06,0.243631549779,0.367217550431,0.243619625684
910,0.0694964994579,0.0507593752728,0.0672869020784,0.0587804035946,0.00654824569649,0.0192330617719,0.147937219736,0.245370342941,0.0229739650563,0.0292655846243,0.115739592017,0.166608807753,1,0.1,30,20,1,8,20,2.60928399859e-09,1.12321120297e-09,2.60928399859e-09,1.44068810072e-07,1.98673003944e-09,0.00196775738086,2.60928399859e-09,1.12321120297e-09,2.60928399859e-09,0.284565246166,0.428915519068,0.284551318646
911,0.0438016941692,0.123316163413,0.0402032308483,0.0120398352211,0.000705741598833,0.17851547335,0.0754497983839,0.162912297739,0.0310028277626,0.0133378886126,0.309522316344,0.00919273255793,1,0.1,30,20,1,8,20,1.85000209462e-05,7.96365240164e-06,1.85000209462e-05,0.00398354839988,3.2469547421e-05,5.51055242933e-05,1.85000209462e-05,7.96365240164e-06,1.85000209462e-05,0.283939925661,0.427972994733,0.283926028746
912,0.000581953566022,0.113514350519,0.0491372332788,0.100561088975,0.156320477708,0.0212013963335,0.0571678453408,0.0888417680342,0.0490739343962,0.259969960649,0.0387483356407,0.0648816555582,1,0.1,30,20,1,8,20,5.23755678277e-07,2.2545964555e-07,5.23755678277e-07,0.0169839871211,0.000350840222395,0.000236889828922,5.23755678277e-07,2.2545964555e-07,5.23755678277e-07,0.280115465397,0.422208515826,0.280101755663
913,0.207422640969,0.115685901587,0.0827832427481,0.0686558391935,0.116441395638,0.0067450049387,0.0575241787466,0.224645338585,0.0386343950941,0.0430083648217,0.0258475404355,0.0126061572423,1,0.1,30,20,1,8,20,0.000493549281044,0.000212456782009,0.000493549281044,0.0271826755483,0.01379212593,0.00549654352414,0.000493549281044,0.000212456782009,0.000493549281044,0.27119209621,0.408758624885,0.271178823214
914,0.0256636510544,0.170557985494,0.168693332036,0.0972704769404,0.146684233241,0.104044071172,0.0095288609438,0.0432778813425,0.112395197129,0.0147484693122,0.019733505288,0.0874023360476,1,0.1,30,20,1,8,20,0.00013363177802,5.75240986514e-05,0.00013363177802,3.40964845151e-07,0.000122867367807,0.00502247834838,0.00013363177802,5.75240986514e-05,0.00013363177802,0.283473969004,0.42727067411,0.283460094895
915,0.0051838975479,0.0245275745083,0.346266560663,0.148731445037,0.0267649593304,0.052994237042,0.0294365021996,0.00816225700046,0.0705928414828,0.0901298326738,0.0181310358725,0.179078856641,1,0.1,30,20,1,8,20,2.44622399546e-07,1.05301921836e-07,2.44622399546e-07,0.0393486389274,6.67078507541e-05,0.000170297492359,2.44622399546e-07,1.05301921836e-07,2.44622399546e-07,0.273839101567,0.41274836605,0.273825699019
916,0.137980561157,0.0340414273558,0.149811273105,0.18392661222,0.00330286099383,0.0968968532064,0.0474411379837,0.0669479164757,0.0970407441151,0.0411705251385,0.139384232676,0.00205585557256,1,0.1,30,20,1,8,20,4.18564416307e-10,1.80178256493e-10,4.18564416307e-10,0.065996088773,2.12232352312e-05,0.00602049821975,4.18564416307e-10,1.80178256493e-10,4.18564416307e-10,0.264586472371,0.398802192692,0.264573522675
917,0.00416813807974,0.0630948123775,0.0402575317492,0.0271250306498,0.0414006347455,0.0757935952474,0.179236731794,0.0544270918204,0.0840293630215,0.050763690649,0.349506470593,0.0301969092727,1,0.1,30,20,1,8,20,4.4123485228e-09,1.89937135816e-09,4.4123485228e-09,5.8905840514e-09,0.000239936693726,0.000553901949883,4.4123485228e-09,1.89937135816e-09,4.4123485228e-09,0.284899998798,0.429420080326,0.284886054894
918,0.0166510991139,0.134978108139,0.120870987133,0.169663986254,0.0866104222586,0.0680149792308,0.0189971978623,0.0646973614088,0.00435255813068,0.157188637211,0.114060411992,0.0439142512651,1,0.1,30,20,1,8,20,2.8441487161e-06,1.22431276264e-06,2.8441487161e-06,1.22270568265e-06,0.00102590825134,0.000646822013031,2.8441487161e-06,1.22431276264e-06,2.8441487161e-06,0.284645120872,0.429035911495,0.284631189443
919,0.0860736074266,0.0537494452151,0.0722839894049,0.0814601403936,0.0254607874278,0.0367860690938,0.00178294568892,0.0651302824884,0.252036456568,0.0567752361864,0.200643990705,0.0678170494014,1,0.1,30,20,1,8,20,3.86887226776e-05,1.66542265095e-05,3.86887226776e-05,6.96351022655e-05,6.25666037408e-05,8.00371346144e-08,3.86887226776e-05,1.66542265095e-05,3.86887226776e-05,0.285035012083,0.429623581259,0.285021061571
920,0.247005930322,0.124081505988,0.0301530329261,0.110475873006,0.140711049589,0.0887227646065,0.0167390077661,0.0221116109282,0.0398462381289,0.0149808592955,0.0904321516953,0.074739975748,1,0.1,30,20,1,8,20,8.61905525727e-06,3.71022066943e-06,8.61905525727e-06,0.000177407532439,0.00378194145876,0.000981960673619,8.61905525727e-06,3.71022066943e-06,8.61905525727e-06,0.283705507472,0.427619664169,0.283691622031
921,0.151208638398,0.00292822703498,0.0314979457501,0.0316826698503,0.16435205815,0.0999435469649,0.0222987876472,0.0852681514145,0.121926257799,0.134228365106,0.0889817781297,0.0656835737558,1,0.1,30,20,1,8,20,1.33182436324e-06,5.73306717855e-07,1.33182436324e-06,0.0266665804812,0.00055900564558,2.15352829102e-06,1.33182436324e-06,5.73306717855e-07,1.33182436324e-06,0.277361158974,0.418057043414,0.277347584045
922,0.0188541505865,0.121314975868,0.00576900438717,0.111556382824,0.00750067310975,0.121279475664,0.0359286093818,0.0228950498135,0.0570146845511,0.139265673858,0.17931578604,0.179305533916,1,0.1,30,20,1,8,20,2.20788437467e-06,9.50421826766e-07,2.20788437467e-06,0.00470094170704,0.00159368767977,0.000207432400954,2.20788437467e-06,9.50421826766e-07,2.20788437467e-06,0.283269381673,0.426962306582,0.283255517577
923,0.0413815284488,0.121943851378,0.0140967996105,0.0293219408208,0.096584860149,0.162179183428,0.131756131988,0.0677107193355,0.191425285501,0.0785983358466,0.0344935058601,0.0305078576338,1,0.1,30,20,1,8,20,2.15676825994e-05,9.28418015472e-06,2.15676825994e-05,0.00112394001548,0.00512900113738,0.00601768222918,2.15676825994e-05,9.28418015472e-06,2.15676825994e-05,0.281597780453,0.424442758905,0.28158399817
924,0.0458681148154,0.238358402607,0.0104223122981,0.0104166344198,0.170648876003,0.0381984055888,0.0837243732341,0.137544805231,0.0814016271326,0.0265281423234,0.114396700146,0.0424916062008,1,0.1,30,20,1,8,20,2.36204408662e-07,1.01678252787e-07,2.36204408662e-07,4.62311118572e-06,0.00495320301142,0.00100597847725,2.36204408662e-07,1.01678252787e-07,2.36204408662e-07,0.283425585691,0.427197747586,0.283411713949
925,0.164472035431,0.115922105037,0.139857579864,0.0172362025426,0.0152419416341,0.0214366468815,0.138591770572,0.184750246204,0.00711381996028,0.0184830715259,0.106509759998,0.0703848203501,1,0.1,30,20,1,8,20,5.5373886244e-07,2.38366423183e-07,5.5373886244e-07,0.0908417207378,0.00017264060503,6.30721689177e-07,5.5373886244e-07,2.38366423183e-07,5.5373886244e-07,0.259174810872,0.390645379336,0.25916212604
926,0.113663438735,0.00212183997306,0.0191179061647,0.0730727733436,0.127377638256,0.0903718074438,0.0104707749855,0.223636368911,0.091494731903,0.164625794455,0.0781302883999,0.0059166374302,1,0.1,30,20,1,8,20,8.06491101087e-10,3.47167974175e-10,8.06491101087e-10,0.0686896874342,0.000861342211799,1.68747462728e-05,8.06491101087e-10,3.47167974175e-10,8.06491101087e-10,0.265290707071,0.399863661709,0.265277722908
927,0.0231042238877,0.0912150563839,0.185597010299,0.0305541077146,0.046919056563,0.19949859683,0.0152633927093,0.0526137101687,0.0428852804748,0.170418250314,0.140907514713,0.00102379994206,1,0.1,30,20,1,8,20,2.45291316139e-09,1.05589868495e-09,2.45291316139e-09,0.0513357590814,4.037623718e-09,4.23740515391e-09,2.45291316139e-09,1.05589868495e-09,2.45291316139e-09,0.270489167491,0.40769912433,0.270475928899
928,0.0830136619621,0.144907160347,0.140821714354,0.0197403368847,0.0872646424148,0.12689487548,0.120719875324,0.215860755829,0.0155976198075,0.00892230920378,0.0345106167424,0.00174643165045,1,0.1,30,20,1,8,20,7.86584618734e-08,3.38598886255e-08,7.86584618734e-08,0.000552602512207,0.0876314943657,2.74008383582e-08,7.86584618734e-08,3.38598886255e-08,7.86584618734e-08,0.259982624326,0.391862969085,0.259969899957
929,0.00110375333541,0.0942968376051,0.121308077761,0.000870746982551,0.078577106344,0.242542811711,0.0819931273812,0.00267602024997,0.19739819815,0.0733570964636,0.0296831478102,0.0761930762058,1,0.1,30,20,1,8,20,8.75516694687e-08,3.7688122887e-08,8.75516694687e-08,0.00199001556736,0.0034346494496,0.00224834614221,8.75516694687e-08,3.7688122887e-08,8.75516694687e-08,0.282938451891,0.426463507375,0.282924603992
930,0.0212407960993,0.0149622693404,0.157532981641,0.0679508648209,0.0575262886308,0.0127684435748,0.188126104809,0.0370179365027,0.110748049898,0.0299289321179,0.0507063156226,0.251491016943,1,0.1,30,20,1,8,20,3.84352237741e-08,1.65451035438e-08,3.84352237741e-08,0.0132028057502,0.000991947193416,2.90395238936e-05,3.84352237741e-08,1.65451035438e-08,3.84352237741e-08,0.281070719596,0.423648337997,0.281056963109
931,0.0497516966178,0.0246433320568,0.0297934038349,0.243682960309,0.177894199639,0.0230994299178,0.0811206242013,0.0595760994316,0.051261312858,0.133449998092,0.0998271191154,0.0258998239264,1,0.1,30,20,1,8,20,5.09407158163e-08,2.19283078129e-08,5.09407158163e-08,0.0954572707195,1.85817921169e-06,2.94312159211e-07,5.09407158163e-08,2.19283078129e-08,5.09407158163e-08,0.257908283306,0.388736385403,0.257895660462
932,0.0591998909815,0.0677882160957,0.0359874694746,0.184935691011,0.0526233284115,0.10958234931,0.0607934298009,0.08312557354,0.0429030414963,0.0309839347661,0.076972150924,0.195104924188,1,0.1,30,20,1,8,20,5.5062107828e-08,2.37024319334e-08,5.5062107828e-08,0.0402579752093,0.000399508526809,0.000484163219528,5.5062107828e-08,2.37024319334e-08,5.5062107828e-08,0.273395706927,0.412080052385,0.273382326079
933,0.0894207863939,0.00227344704773,0.113046158248,0.0722633259417,0.264408415927,0.251513447531,0.00157525226793,0.00741054109123,0.0023424494225,0.129005916538,0.0478922299059,0.0188480296851,1,0.1,30,20,1,8,20,2.37020739317e-06,1.02029656366e-06,2.37020739317e-06,0.00249167682957,0.00565905812681,0.00183990456391,2.37020739317e-06,1.02029656366e-06,2.37020739317e-06,0.282274471257,0.425462711944,0.282260655855
934,0.0740771800077,0.0224350876109,0.137749974779,0.0224560636078,0.0878308829192,0.0472273331968,0.0855367593952,0.0435562911172,0.165319841646,0.104506691115,0.132989339733,0.0763145548719,1,0.1,30,20,1,8,20,2.96740397152e-05,1.27737010856e-05,2.96740397152e-05,0.0013764650931,0.00315139931684,7.34637330795e-05,2.96740397152e-05,1.27737010856e-05,2.96740397152e-05,0.283773263365,0.427721790323,0.283759374608
935,0.0553435187217,0.0350579536859,0.0744625849118,0.0786865083725,0.0116742322967,0.110820866226,0.0292134504614,0.00848789347003,0.0198094964048,0.0663888781552,0.236009002067,0.274045615227,1,0.1,30,20,1,8,20,1.75160604711e-08,7.5400896812e-09,1.75160604711e-08,1.55395493249e-07,0.000228534955139,0.000126480493412,1.75160604711e-08,7.5400896812e-09,1.75160604711e-08,0.285025058065,0.429608577907,0.28501110804
936,0.00518571337584,0.243082099489,0.0361574449158,0.0575610896431,0.143091841543,0.0216640415319,0.00614076645744,0.209822088035,0.132082061713,0.0237316453987,0.07863599311,0.0428452147871,1,0.1,30,20,1,8,20,2.36191996045e-07,1.01672909562e-07,2.36191996045e-07,0.0197492360017,0.00356307443778,0.0133837782763,2.36191996045e-07,1.01672909562e-07,2.36191996045e-07,0.274663001683,0.413990202678,0.27464955881
937,0.209996393623,0.0115510870341,0.0454233222293,0.24786597316,0.0841801484995,0.0252232467576,0.098582071889,0.0355508979973,0.0170626982792,0.00655962148167,0.1101444687,0.107860070349,1,0.1,30,20,1,8,20,0.000106626935427,4.5899399404e-05,0.000106626935427,0.000175390558355,8.44581402996e-05,0.000351221602429,0.000106626935427,4.5899399404e-05,0.000106626935427,0.284804335811,0.429275890759,0.284790396589
938,0.0395321012968,0.09266662977,0.156039681149,0.168879952371,0.0119954780624,0.0415577719015,0.0531083602211,0.0990891805273,0.0133898666608,0.0521086367734,0.200727601912,0.0709047393551,1,0.1,30,20,1,8,20,5.77504600366e-07,2.48596794082e-07,5.77504600366e-07,0.0422992232573,6.61553017491e-05,0.00148157177999,5.77504600366e-07,2.48596794082e-07,5.77504600366e-07,0.27262362955,0.410916326409,0.27261028649
939,0.00941601782546,0.00744451294221,0.0253697482404,0.103299897271,0.0196724322856,0.315295818714,0.0543735962666,0.198613341877,0.019679400842,0.114354676519,0.129994387862,0.00248616935357,1,0.1,30,20,1,8,20,2.56960223182e-05,1.10612950354e-05,2.56960223182e-05,9.51159959614e-06,9.74528188787e-05,9.74389917566e-09,2.56960223182e-05,1.10612950354e-05,2.56960223182e-05,0.28506023557,0.429661599764,0.285046283824
940,0.154840475481,0.141507059591,0.204186720879,0.0228711086924,0.0151811221236,0.0143172009189,0.19707525125,0.0645277294611,0.0259894032569,0.000447206525247,0.0968793030312,0.0621774187889,1,0.1,30,20,1,8,20,4.08115600255e-06,1.75680383799e-06,4.08115600255e-06,0.00711816323313,0.00503112195657,0.0018904123211,4.08115600255e-06,1.75680383799e-06,4.08115600255e-06,0.281117606787,0.423719009466,0.281103848005
941,0.106228861863,0.149348180066,0.0382511499857,0.130564737605,0.0211658926536,0.018382666175,0.0356195716434,0.152365176248,0.150668335232,0.0893480876605,0.0781114786679,0.0299458621988,1,0.1,30,20,1,8,20,0.000135686956416,5.84087855618e-05,0.000135686956416,0.000216109363364,0.0010463396783,0.000260905633431,0.000135686956416,5.84087855618e-05,0.000135686956416,0.284503942874,0.4288231187,0.284490018354
942,0.114101030665,0.130439670629,0.0698889793911,0.0403352631754,0.209280948541,0.0464105131433,0.0357613656468,0.00164254056379,0.0725343842156,0.0972119718093,0.128063768481,0.0543295637387,1,0.1,30,20,1,8,20,4.03755482423e-08,1.73803496041e-08,4.03755482423e-08,4.10919674553e-10,8.23701349121e-10,0.00122241078368,4.03755482423e-08,1.73803496041e-08,4.03755482423e-08,0.284777753071,0.429235823498,0.28476381515
943,0.0320530373165,0.0102158383901,0.11912734879,0.0493121835819,0.106678240211,0.017805292634,0.261680609509,0.163928040811,0.082482014411,0.0754708094151,0.0459212640607,0.0353253208702,1,0.1,30,20,1,8,20,9.00412636566e-08,3.87598115511e-08,9.00412636566e-08,0.014569027311,0.00669151752179,0.00291616300858,9.00412636566e-08,3.87598115511e-08,9.00412636566e-08,0.278232809629,0.419370852806,0.278219192039
944,0.0606022502602,0.0525804311931,0.00263666798607,0.0501387784685,0.00173656976328,0.0587844667242,0.0996750126762,0.11760818125,0.173747536502,0.151026016156,0.0696241199526,0.161839969067,1,0.1,30,20,1,8,20,5.46991005779e-07,2.35461692153e-07,5.46991005779e-07,0.0125104962922,6.31642127527e-07,0.000509032743708,5.46991005779e-07,2.35461692153e-07,5.46991005779e-07,0.281413201887,0.424164549909,0.281399428638
945,0.107172554162,0.123239014269,0.0190693808758,0.0854583979877,0.0428484084391,0.0282647825871,0.0783933902166,0.065633326584,0.0631283143796,0.215721299115,0.00502621817881,0.166044913205,1,0.1,30,20,1,8,20,1.676999128e-05,7.21893135804e-06,1.676999128e-05,0.000128619765043,0.00135425156717,5.52006212423e-06,1.676999128e-05,7.21893135804e-06,1.676999128e-05,0.284678728421,0.429086567011,0.284664795347
946,0.00133057196221,0.106598099467,0.0408264333726,0.0665060708538,0.183513255925,0.0826744851533,0.0840765505279,0.107436265556,0.227973183698,0.00109940787998,0.0891887868095,0.00877688879541,1,0.1,30,20,1,8,20,9.00715462722e-08,3.87728472242e-08,9.00715462722e-08,9.75115277973e-07,0.0200683574539,9.78638259545e-08,9.00715462722e-08,3.87728472242e-08,9.00715462722e-08,0.279403902607,0.421136001429,0.279390227699
947,0.0557236382539,0.0227172994385,0.0155686519255,0.0614344739165,0.106962649572,0.0583735727789,0.045751176597,0.100990357101,0.191995438569,0.0194748118233,0.258735258917,0.0622726711072,1,0.1,30,20,1,8,20,1.26923976057e-08,5.46366098554e-09,1.26923976057e-08,0.00303176092739,0.00530749278748,0.000146271163514,1.26923976057e-08,5.46366098554e-09,1.26923976057e-08,0.282706886573,0.426114476845,0.282693050007
948,0.0994502095679,0.00212626776666,0.166492488365,0.217548203221,0.0962139673905,0.0261898125817,0.0324735374399,0.139177829825,0.00778122710206,0.00236878007254,0.0202977653759,0.189879911291,1,0.1,30,20,1,8,20,3.9435078406e-05,1.69755081776e-05,3.9435078406e-05,1.9312363484e-05,1.58474720222e-05,3.02771744248e-05,3.9435078406e-05,1.69755081776e-05,3.9435078406e-05,0.285053036843,0.429650749368,0.285039085449
949,0.0740747398758,0.0805665442244,0.0239616932107,0.254338973363,0.0193630563355,0.0202067531223,0.11749927025,0.0413680484005,0.0465621301277,0.00740712276226,0.198205820458,0.11644584787,1,0.1,30,20,1,8,20,1.43801103055e-07,6.19016596272e-08,1.43801103055e-07,0.0565318059276,5.20844238838e-08,9.88486865793e-08,1.43801103055e-07,6.19016596272e-08,1.43801103055e-07,0.269007401033,0.405465708135,0.268994234964
950,0.0684374112558,0.184480410459,0.0302341432021,0.0403904759998,0.202211191397,0.0676631969274,0.0287967625507,0.0983816010307,0.0533797861062,0.0407598215524,0.146661888737,0.0386033107813,1,0.1,30,20,1,8,20,4.87741298932e-05,2.09956636153e-05,4.87741298932e-05,0.0341312960418,0.00226284590278,0.000176005241408,4.87741298932e-05,2.09956636153e-05,4.87741298932e-05,0.274631638296,0.413942929712,0.274618196959
951,0.139572853541,0.021307624922,0.060921611988,0.152524078035,0.0228949572399,0.0771263540711,0.0458922580549,0.0696275715693,0.14521695007,0.0424635411109,0.145336052814,0.0771161465838,1,0.1,30,20,1,8,20,9.9758445277e-08,4.29427396123e-08,9.9758445277e-08,9.19529069082e-07,0.00290486487293,6.84834876099e-08,9.9758445277e-08,4.29427396123e-08,9.9758445277e-08,0.284297677416,0.428512221788,0.284283762991
952,0.0261880338299,0.00262196553008,0.116077084544,0.0940613983355,0.109638843657,0.0151734711186,0.148289694768,0.124405774071,0.183425314471,0.109775071104,0.0610034520464,0.0093398965246,1,0.1,30,20,1,8,20,5.31475749039e-07,2.28782882872e-07,5.31475749039e-07,0.00468946112171,0.00422538124294,0.00372520958363,5.31475749039e-07,2.28782882872e-07,5.31475749039e-07,0.281521602406,0.424327938325,0.281507823852
953,0.00332473143081,0.0618004896256,0.079037675773,0.00778819400121,0.170646485792,0.12346360509,0.0505161381056,0.159342467514,0.205989462009,0.067972200634,0.0674427507008,0.00267579932472,1,0.1,30,20,1,8,20,5.73014595758e-06,2.46663994325e-06,5.73014595758e-06,1.21508830738e-05,0.0035734917041,0.00658331616102,5.73014595758e-06,2.46663994325e-06,5.73014595758e-06,0.282218970937,0.425379058199,0.282205158252
954,0.122802517285,0.0165277690353,0.0244195867494,0.000160524802734,0.0589952928882,0.130597109367,0.119278764755,0.067772891361,0.0293211195053,0.0498487109402,0.0788486350289,0.301427078282,1,0.1,30,20,1,8,20,3.91410507848e-08,1.68489389278e-08,3.91410507848e-08,8.37181712451e-08,0.000615269051894,1.04816731405e-07,3.91410507848e-08,1.68489389278e-08,3.91410507848e-08,0.284950813484,0.429496671574,0.284936867093
955,0.067527108423,0.0541528328274,0.0191974921581,0.0365369921931,0.0577407815329,0.0129580831304,0.13853386799,0.0300634196744,0.0890913840773,0.0896948996102,0.226168832001,0.178334306382,1,0.1,30,20,1,8,20,2.0020179906e-06,8.61803098783e-07,2.0020179906e-06,2.96462705288e-06,3.53607667278e-06,0.000308950659037,2.0020179906e-06,8.61803098783e-07,2.0020179906e-06,0.285033632655,0.429621502094,0.28501968221
956,0.18249418829,0.0901667543005,0.00543744830753,0.0522935977936,0.110310350541,0.127245666791,0.0455962489997,0.155550172868,0.108998600842,0.0348304623877,0.0264783254251,0.0605981834537,1,0.1,30,20,1,8,20,3.3481106256e-06,1.44125183977e-06,3.3481106256e-06,0.0348494244152,0.00909271813162,1.11858005032e-10,3.3481106256e-06,1.44125183977e-06,3.3481106256e-06,0.272592647705,0.410869628528,0.272579306162
957,0.090916194766,0.0164739564622,0.0462186907052,0.0283971834399,0.0612113599603,0.063557792522,0.0875577896806,0.0923208001297,0.0385779116565,0.210431614517,0.121727899718,0.142608806442,1,0.1,30,20,1,8,20,1.25449220982e-09,5.40017761527e-10,1.25449220982e-09,3.68659409938e-09,7.57865174716e-10,0.000252863724559,1.25449220982e-09,5.40017761527e-10,1.25449220982e-09,0.285054249791,0.429652577603,0.285040298338
958,0.069412479095,0.0156973122731,0.0776214510297,0.01639289501,0.0299329556382,0.100878832864,0.0577279224389,0.327817130036,0.0151480936637,0.0764754007292,0.109386130911,0.103509396311,1,0.1,30,20,1,8,20,8.53456359124e-06,3.67384977769e-06,8.53456359124e-06,9.1442439383e-06,1.44165247584e-05,0.00095732759242,8.53456359124e-06,3.67384977769e-06,8.53456359124e-06,0.284834845051,0.429321876299,0.284820904336
959,0.0187261982158,0.0409780240953,0.0124434899799,0.329320388635,0.0526541995674,0.0874091582316,0.115366706843,0.0225028438769,0.0434149006558,0.00400848997024,0.19593201607,0.0772435838595,1,0.1,30,20,1,8,20,1.13816717947e-09,4.89943650261e-10,1.13816717947e-09,2.39457012034e-05,6.89149486607e-10,0.00252981102747,1.13816717947e-09,4.89943650261e-10,1.13816717947e-09,0.284398205797,0.4286637448,0.284384286453
960,0.0271799920376,0.041198970203,0.0527474976068,0.0292326273269,0.0114652775963,0.0638251298826,0.137864694098,0.0451477113248,0.270194392573,0.133095720246,0.184129708204,0.00391827890094,1,0.1,30,20,1,8,20,1.42868350904e-05,6.1500140411e-06,1.42868350904e-05,0.00775961746579,0.000539055070098,6.43758696748e-05,1.42868350904e-05,6.1500140411e-06,1.42868350904e-05,0.282722024159,0.426137293214,0.282708186853
961,0.0367733961057,0.0468833233771,0.0884555639,0.00907624482952,0.0844767213613,0.0654130899764,0.00599365554371,0.218281406276,0.0301793800587,0.296926200246,0.110018759642,0.00752225868439,1,0.1,30,20,1,8,20,4.89136296549e-06,2.10557136885e-06,4.89136296549e-06,0.000388339458387,0.000751321761765,0.000205292276375,4.89136296549e-06,2.10557136885e-06,4.89136296549e-06,0.284736089892,0.429173026006,0.284722154011
962,0.121331750805,0.0917925197358,0.165438464092,0.0460982436898,0.0159804024561,0.0739548124396,0.144728203689,0.167872829435,0.0962516474991,0.00763107809469,0.0338290614299,0.0350909866332,1,0.1,30,20,1,8,20,8.80412073555e-05,3.78988528953e-05,8.80412073555e-05,0.0654146360283,0.0233061562012,8.86218171882e-05,8.80412073555e-05,3.78988528953e-05,8.80412073555e-05,0.259682423359,0.391410486376,0.259669713683
963,0.0858424677376,0.0930057863545,0.0152608052779,0.0293696007216,0.18759055155,0.138387578788,0.0133028261741,0.0106384598622,0.0288914296676,0.0043124043465,0.330918952893,0.0624791366264,1,0.1,30,20,1,8,20,6.26837119431e-09,2.69832825926e-09,6.26837119431e-09,7.76460322525e-05,2.31616100132e-11,0.00128320875484,6.26837119431e-09,2.69832825926e-09,6.26837119431e-09,0.284738326654,0.429176397402,0.284724390663
964,0.0450306014362,0.138812034471,0.123397746125,0.0939106092067,0.103694798194,0.0121096456441,0.0219251924055,0.0576144458814,0.0321772114197,0.0426783646466,0.162613968455,0.166035382114,1,0.1,30,20,1,8,20,3.47228334959e-07,1.49470412583e-07,3.47228334959e-07,0.0266213197509,7.6276659475e-05,2.31795270086e-05,3.47228334959e-07,1.49470412583e-07,3.47228334959e-07,0.27750707232,0.418276973639,0.27749349025
965,0.0634526158142,0.146150580193,0.0662722279224,0.00136047324792,0.0399707601359,0.222803884675,0.155210471729,0.00167549566356,0.0296000614109,0.145412163067,0.0363747446279,0.0917165215126,1,0.1,30,20,1,8,20,1.04244045053e-09,4.48736432331e-10,1.04244045053e-09,1.00492149686e-07,0.000881221431194,0.0014965426065,1.04244045053e-09,4.48736432331e-10,1.04244045053e-09,0.284448357627,0.428739336947,0.284434435828
966,0.00984298618266,0.0864295733862,0.131595551955,0.0536494183831,0.040253258586,0.00952733698108,0.262423047726,0.0972309726033,0.0917297237568,0.0741215467106,0.113748351796,0.0294482319327,1,0.1,30,20,1,8,20,2.95208891694e-08,1.27077747975e-08,2.95208891694e-08,0.0179970493841,0.00295686621206,3.02146141104e-05,2.95208891694e-08,1.27077747975e-08,2.95208891694e-08,0.279143181519,0.420743025399,0.279129519372
967,0.130825561546,0.0138855879315,0.151262100112,0.016262445376,0.100215871897,0.226742211925,0.0431996456295,0.0173312802289,0.0782079223542,0.164746358167,0.0484142935038,0.00890672132952,1,0.1,30,20,1,8,20,1.3106725754e-06,5.64201566757e-07,1.3106725754e-06,0.00246269172557,0.00219929783525,0.00892884384936,1.3106725754e-06,5.64201566757e-07,1.3106725754e-06,0.281249429606,0.423917701518,0.281235664372
968,0.0391813287311,0.14025612502,0.106083571131,0.0240665448947,0.00120303479746,0.0298682962159,0.0241898150645,0.0220718703038,0.125351167083,0.192205004739,0.141001111115,0.154522130905,1,0.1,30,20,1,8,20,1.27158835072e-06,5.47377089602e-07,1.27158835072e-06,5.13025125747e-05,0.000450142695426,2.23488118623e-05,1.27158835072e-06,5.47377089602e-07,1.27158835072e-06,0.284975241034,0.42953349039,0.284961293448
969,0.180790276383,0.0654932691694,0.0276848377068,0.0390626552359,0.0251560436275,0.108619429709,0.119595504483,0.0716518999063,0.0814064700147,0.0679403504877,0.0730895694838,0.139509693792,1,0.1,30,20,1,8,20,2.49644980511e-07,1.07463978251e-07,2.49644980511e-07,0.0369585452011,3.06127895348e-05,0.00203388481723,2.49644980511e-07,1.07463978251e-07,2.49644980511e-07,0.273999507108,0.412990139867,0.273986096709
970,0.0216992538178,0.0285227305541,0.136466836654,0.0190634452697,0.00178276598191,0.118087166269,0.0188213870659,0.00149882457809,0.451874869735,0.0790557094741,0.0101400897323,0.112986920868,1,0.1,30,20,1,8,20,3.83598829595e-06,1.65126717935e-06,3.83598829595e-06,6.39325369195e-08,1.78955945114e-06,0.00291184841013,3.83598829595e-06,1.65126717935e-06,3.83598829595e-06,0.284290261112,0.428501043447,0.284276347051
971,0.0213192775847,0.0446474285869,0.0380438707582,0.140993601654,0.00110225005261,0.0740038410571,0.21236444928,0.12295718244,0.0586269205467,0.0187525235955,0.190281048329,0.0769076061153,1,0.1,30,20,1,8,20,1.07610201809e-06,4.63226633403e-07,1.07610201809e-06,6.11664694112e-05,0.00148616861098,0.000926296536075,1.07610201809e-06,4.63226633403e-07,1.07610201809e-06,0.284419561896,0.42869593412,0.284405641506
972,0.0942094614029,0.0145213711869,0.171238360056,0.147147329256,0.0164839894553,0.13038923237,0.0505923958585,0.0657337748363,0.0421620685541,0.0267750338503,0.192382004264,0.0483649789094,1,0.1,30,20,1,8,20,5.46663110947e-07,2.35320544179e-07,5.46663110947e-07,0.0593641066153,0.00302551943449,7.31486831474e-06,5.46663110947e-07,2.35320544179e-07,5.46663110947e-07,0.267334581172,0.402944323641,0.267321496975
973,0.148777869222,0.0781402061338,0.138360139946,0.129572722944,0.0182547237058,0.221800609547,0.00654744546433,0.0227386429047,0.0514495863811,0.126507465723,0.0394209092582,0.0184296787702,1,0.1,30,20,1,8,20,7.14768526856e-08,3.07684413551e-08,7.14768526856e-08,1.59396719953e-05,7.75429386447e-08,0.00628585827534,7.14768526856e-08,3.07684413551e-08,7.14768526856e-08,0.28332942108,0.427052801939,0.283315554046
974,0.094181735642,0.0331184552702,0.142973764688,0.00635218501355,0.0231688250166,0.0663247030965,0.12841457241,0.0028823679959,0.256970799231,0.138040812228,0.0952808423538,0.0122909370542,1,0.1,30,20,1,8,20,2.77451740158e-06,1.19433876495e-06,2.77451740158e-06,0.00469341454151,0.00706695352139,2.4426683323e-07,2.77451740158e-06,1.19433876495e-06,2.77451740158e-06,0.281769245003,0.424701201591,0.281755454329
975,0.0399627997117,0.302965580042,0.11069265588,0.0312473958515,0.0161453462229,0.0250409232733,0.0810270521168,0.016294776547,0.103297870383,0.103375150916,0.163495926887,0.00645452216893,1,0.1,30,20,1,8,20,7.40665439918e-07,3.18832185465e-07,7.40665439918e-07,5.14753262198e-07,0.00140847633216,2.94475962887e-07,7.40665439918e-07,3.18832185465e-07,7.40665439918e-07,0.284723499911,0.429154049556,0.284709564646
976,0.247752107559,0.035923770334,0.0147351786076,0.144982164057,0.0255696098874,0.359164261739,0.0244581543385,0.0785292457125,0.0135413624285,0.0116751854317,0.0200737614311,0.0235951984735,1,0.1,30,20,1,8,20,3.98333440172e-06,1.7146948464e-06,3.98333440172e-06,0.000119043615596,0.02401748563,0.0317705254425,3.98333440172e-06,1.7146948464e-06,3.98333440172e-06,0.269180255591,0.405726245932,0.269167081061
977,0.175830252553,0.0354720879603,0.207112381359,0.052669915904,0.0231597501791,0.0302841275875,0.00709123580145,0.0843772743067,0.0904680004845,0.0934062325224,0.131516245972,0.0686124953695,1,0.1,30,20,1,8,20,2.19460280695e-09,9.44704547367e-10,2.19460280695e-09,0.0178320757943,0.00133686103653,7.09741546899e-11,2.19460280695e-09,9.44704547367e-10,2.19460280695e-09,0.279660778837,0.421523182236,0.279647091357
978,0.0535053442182,0.0521309519315,0.00354106994888,0.0762690711166,0.0356285065557,0.101995448833,0.0632575728508,0.0244369999743,0.203230656308,0.292067162743,0.0202321821266,0.0737050333937,1,0.1,30,20,1,8,20,5.32816665115e-07,2.29360103274e-07,5.32816665115e-07,0.0195181795747,0.000198752772974,1.35372320814e-08,5.32816665115e-07,2.29360103274e-07,5.32816665115e-07,0.279503791604,0.421286560717,0.279490111807
979,0.0179412485483,0.0614858542524,0.00730874839028,0.0027177784692,0.0933429099327,0.187873488343,0.0220980027837,0.0369983268649,0.232036781047,0.262286270865,0.0532583990042,0.0226521914996,1,0.1,30,20,1,8,20,5.02836432845e-06,2.16454596333e-06,5.02836432845e-06,2.11614270478e-09,0.000285512373912,8.11116007438e-06,5.02836432845e-06,2.16454596333e-06,5.02836432845e-06,0.285035661283,0.429624559777,0.28502171074
980,0.010213524369,0.0139875608127,0.0318314941576,0.0350715693467,0.0361492496506,0.10936379209,0.158741980832,0.194364195463,0.131717981034,0.173639837708,0.064139481056,0.0407793334804,1,0.1,30,20,1,8,20,8.2371152504e-07,3.54580802029e-07,8.2371152504e-07,1.17865346764e-06,0.00125633773573,0.00111813534906,8.2371152504e-07,3.54580802029e-07,8.2371152504e-07,0.284447848349,0.42873856933,0.284433926575
981,0.11397799761,0.0654020927959,0.0481144174124,0.205536892089,0.0756153033031,0.191484277773,0.0157801003121,0.00702037298987,0.0712094058422,0.0338840115402,0.0224256478422,0.149549480491,1,0.1,30,20,1,8,20,0.00062439541119,0.000268781750592,0.00062439541119,0.0572855235822,0.000225073596538,0.00230081559996,0.00062439541119,0.000268781750592,0.00062439541119,0.26720714118,0.402752237675,0.267194063221
982,0.0127514284522,0.0293038300509,0.0916272133236,0.148779372415,0.0128386764786,0.0837458594815,0.129619853955,0.0605685963106,0.0181919651284,0.000389602186204,0.193420820638,0.21876278158,1,0.1,30,20,1,8,20,0.000158961787365,6.84278371034e-05,0.000158961787365,0.0109859789204,1.95447434899e-07,0.000425931718559,0.000158961787365,6.84278371034e-05,0.000158961787365,0.281652140807,0.424524694419,0.281638355864
983,0.218963099567,0.000287801334969,0.0579892281944,0.100219630048,0.0599466923492,0.0312298960478,0.194748810869,0.0573151294692,0.0836121948399,0.126077821239,0.00492649264324,0.0646832033981,1,0.1,30,20,1,8,20,0.00015154019211,6.52330837006e-05,0.00015154019211,0.000252752851105,0.000124847926596,0.000441910598798,0.00015154019211,6.52330837006e-05,0.00015154019211,0.28468265487,0.429092485214,0.284668721604
984,0.0215510226181,0.025565855195,0.0139823646318,0.116237068568,0.175243337131,0.0312878683796,0.0133160269481,0.0723337612505,0.432338043921,0.0350427266599,0.0452983477967,0.0178035769006,1,0.1,30,20,1,8,20,1.10961735204e-08,4.77653885699e-09,1.10961735204e-08,1.76705469611e-14,0.0176907145912,0.0021797473095,1.10961735204e-08,4.77653885699e-09,1.10961735204e-08,0.279460743237,0.421221675378,0.279447065547
985,0.1213748047,0.0620712133473,0.0115359951139,0.134705646973,0.0406173969343,0.279939729554,0.081520211694,0.0213866607645,0.0717956744253,0.116558324888,0.00147238320466,0.0570219584011,1,0.1,30,20,1,8,20,3.24542250686e-06,1.3970479718e-06,3.24542250686e-06,1.23390139119e-06,5.71842917395e-06,0.00549561479304,3.24542250686e-06,1.3970479718e-06,3.24542250686e-06,0.283552925931,0.427389683201,0.283539047958
986,0.199295984983,0.0283953547665,0.168561174229,0.0238899398957,0.0336660997008,0.0468025400563,0.130723681954,0.0436812378097,0.0926030759119,0.122030703394,0.0998301617567,0.0105200455427,1,0.1,30,20,1,8,20,0.000321086406409,0.000138217169536,0.000321086406409,0.00669127883989,0.00257716619233,0.00106061358602,0.000321086406409,0.000138217169536,0.000321086406409,0.28173624462,0.424651461236,0.281722455561
987,0.00977860471395,0.138266699998,0.0563553061251,0.184350321483,0.00459851010604,0.0194097400428,0.0709091851401,0.00889002828492,0.00245751618073,0.328386045814,0.0289434516924,0.147654590418,1,0.1,30,20,1,8,20,5.74388604605e-08,2.4725546008e-08,5.74388604605e-08,0.00748341815049,0.00247950260645,3.15179516278e-05,5.74388604605e-08,2.4725546008e-08,5.74388604605e-08,0.282276593461,0.425465910669,0.282262777955
988,0.0754602135913,0.00634145567936,0.074111479954,0.21223598681,0.0474436225819,0.0224911066379,0.0956435555024,0.153519477151,0.149071638676,0.0481834466168,0.0843731733392,0.0311248434598,1,0.1,30,20,1,8,20,2.218000257e-05,9.54776382412e-06,2.218000257e-05,0.0782247420978,0.00154008877428,0.00126433638587,2.218000257e-05,9.54776382412e-06,2.218000257e-05,0.26199205908,0.394891721761,0.261979236363
989,0.0395205678315,0.00336621733824,0.187720025107,0.0475849134784,0.199613682984,0.0697837148974,0.00136902332486,0.0366429759721,0.300927342335,0.047277216911,0.0320108430062,0.034183476815,1,0.1,30,20,1,8,20,0.000569400787848,0.000245108368517,0.000569400787848,0.0173166001545,0.000883614967786,0.0131604274957,0.000569400787848,0.000245108368517,0.000569400787848,0.275395426932,0.41509416235,0.275381948212
990,0.0284334526906,0.0476620178217,0.0985765689384,0.0578551154819,0.0311725428629,0.0573670438462,0.123545841685,0.149043240911,0.0407527090485,0.118145769225,0.199258593943,0.0481871035463,1,0.1,30,20,1,8,20,2.35585511916e-06,1.01411838031e-06,2.35585511916e-06,0.000422977594929,2.11552048943e-06,0.000897411806957,2.35585511916e-06,1.01411838031e-06,2.35585511916e-06,0.284746004737,0.429187970314,0.28473206837
991,0.0238615341459,0.121862386122,0.0234516367073,0.0405328232578,0.26549088019,0.0658517746157,0.0386254083543,0.13361943398,0.0738503143904,0.0037429502568,0.0957113165776,0.113399541402,1,0.1,30,20,1,8,20,3.80168867247e-05,1.63650231613e-05,3.80168867247e-05,0.0988897728713,0.00213810837248,6.87264372642e-05,3.80168867247e-05,1.63650231613e-05,3.80168867247e-05,0.256248353408,0.386234429512,0.256235811806
992,0.0274032895432,0.038898995919,0.029086693892,0.0934788713672,0.148014661132,0.20425172706,0.0438975367694,0.267642849655,0.0585436172709,0.00450663733192,0.0368165068429,0.0474586132161,1,0.1,30,20,1,8,20,1.5931587113e-05,6.85802585542e-06,1.5931587113e-05,2.28379187782e-07,0.0257262927862,1.34574779324e-07,1.5931587113e-05,6.85802585542e-06,1.5931587113e-05,0.277768922567,0.418671651612,0.277755327681
993,0.0933551908067,0.00304608426631,0.0247774960191,0.0954796647448,0.0136898974455,0.272494722343,0.0335525951598,0.0226822495861,0.151454588212,0.0424523222658,0.0299792843949,0.217035904755,1,0.1,30,20,1,8,20,7.97022434286e-08,3.43092023594e-08,7.97022434286e-08,0.0709873923351,2.1920744902e-08,0.000118892511466,7.97022434286e-08,3.43092023594e-08,7.97022434286e-08,0.264851958667,0.39920235116,0.264838995978
994,0.225927164594,0.176933123991,0.0436705265531,0.0328177068191,0.00884905618294,0.0247815103724,0.0487605864665,0.0178280007332,0.047951908649,0.055139858341,0.0828850496045,0.234455507693,1,0.1,30,20,1,8,20,1.31749015619e-07,5.67136311738e-08,1.31749015619e-07,0.00565369142244,0.000622488967214,0.000111095750352,1.31749015619e-07,5.67136311738e-08,1.31749015619e-07,0.283304987569,0.427015974138,0.28329112173
995,0.139834958606,0.100302889043,0.17653571924,0.0417932018294,0.0210543154725,0.0534707173378,0.133925746062,0.0446458211592,0.0573344869432,0.0340883956325,0.0431218953212,0.153891853353,1,0.1,30,20,1,8,20,2.64314849008e-07,1.13778875614e-07,2.64314849008e-07,0.0386737572481,0.00235420509549,2.49984064561e-05,2.64314849008e-07,1.13778875614e-07,2.64314849008e-07,0.27342070368,0.412117729143,0.27340732161
996,0.0308340338851,0.160131323389,0.180200764343,0.0209683272391,0.202060887059,0.0642315623268,0.0190237207547,0.0765079005179,0.0134490586051,0.138538493791,0.0881006768969,0.00595325119309,1,0.1,30,20,1,8,20,3.99145537648e-08,1.71819065975e-08,3.99145537648e-08,3.4806661844e-10,0.00325633830831,4.98538585442e-08,3.99145537648e-08,1.71819065975e-08,3.99145537648e-08,0.284197813414,0.428361700175,0.284183903878
997,0.0129908327828,0.0240598395452,0.040857985412,0.147860370133,0.247674800682,0.347200594624,0.0602614007186,0.00593817506857,0.000488434111148,0.0159072660449,0.00356803571825,0.0931922651592,1,0.1,30,20,1,8,20,3.07248218379e-06,1.32260283343e-06,3.07248218379e-06,5.84942640761e-07,0.00554905891288,0.00879800736238,3.07248218379e-06,1.32260283343e-06,3.07248218379e-06,0.281031199072,0.423588770056,0.28101744452
998,0.10836671883,0.0295109933066,0.0740370427877,0.00916468890558,0.24117353057,0.0768438265445,0.0215078056907,0.216314274688,0.144847125129,0.0266291001085,0.0480937417086,0.00351115173023,1,0.1,30,20,1,8,20,9.71023188078e-07,4.17993642617e-07,9.71023188078e-07,1.5290001603e-07,2.84973909363e-07,0.0352065307996,9.71023188078e-07,4.17993642617e-07,9.71023188078e-07,0.275086570585,0.414628633681,0.275073106981
999,0.0877669133195,0.0470684411955,0.0365631899733,0.00734112785948,0.023996293448,0.0826512596186,0.117781472015,0.000665034113304,0.0223102075357,0.140629385287,0.282958756684,0.15026791895,1,0.1,30,20,1,8,20,2.22351205991e-07,9.5714903283e-08,2.22351205991e-07,0.00831802757468,1.8108604174e-07,6.22751184358e-07,2.22351205991e-07,9.5714903283e-08,2.22351205991e-07,0.28275412469,0.426185677252,0.282740285812
