run_ID,t1_initial,t2_initial,t3_initial,t4_initial,t5_initial,t6_initial,t7_initial,t8_initial,t9_initial,t10_initial,t11_initial,t12_initial,alpha,prior_cost_c,lambda,k,sample_amount,learning_parameter,generations,t1_final,t2_final,t3_final,t4_final,t5_final,t6_final,t7_final,t8_final,t9_final,t10_final,t11_final,t12_final
0,0.017183170719,0.13563466909,0.0240941887774,0.0597491905068,0.0566909492191,0.0273197362983,0.314268176192,0.00031135634864,0.0725277494022,0.0164741526052,0.0233334377275,0.252413223114,1,0.01,30,13,1,4,20,1.19489045345e-05,1.14780700197e-05,1.19489045345e-05,5.49114496692e-06,0.0014022743155,0.000224967064008,1.19489045345e-05,1.14780700197e-05,1.19489045345e-05,0.330537638987,0.337226495534,0.330532381196
1,0.0217524477882,0.114693706039,0.0782404566805,0.298323775367,0.0899479832373,0.0262893031084,0.0805489280285,0.143585260685,0.0146386907791,0.051733933871,0.0727644228829,0.00748109153274,1,0.01,30,13,1,4,20,0.000150091287906,0.000144177092298,0.000150091287906,5.42847905282e-05,5.11384461417e-05,0.000350256880581,0.000150091287906,0.000144177092298,0.000150091287906,0.330656532572,0.337347795085,0.330651272889
2,0.053098688524,0.0209075250734,0.0509522667803,0.247776843432,0.169750693951,0.0654690783597,0.102366930568,0.10476237735,0.0591055171734,0.0742353691547,0.00293928154032,0.0486354280927,1,0.01,30,13,1,4,20,0.000111315831748,0.000106929543827,0.000111315831748,0.000181203833315,0.00614125739959,0.000210633281576,0.000111315831748,0.000106929543827,0.000111315831748,0.328720310467,0.335372391021,0.328715081583
3,0.0622806498894,0.135091183654,0.0740028347453,0.0221204324878,0.192267277712,0.0529575123854,0.0308887216069,0.0160292674125,0.0631947323717,0.272705277345,0.0561600641839,0.0223020462054,1,0.01,30,13,1,4,20,0.000120795615949,0.000116035786706,0.000120795615949,0.0235452207687,0.000705897169519,0.00132792108757,0.000120795615949,0.000116035786706,0.000120795615949,0.322395581245,0.328919672725,0.322390452967
4,0.00586172728269,0.0054286863575,0.0154445483159,0.0608076743511,0.00890066169264,0.139225411217,0.153045225948,0.0560276530277,0.0687640240124,0.133320010434,0.306305438642,0.0468689387189,1,0.01,30,13,1,4,20,1.08624844217e-06,1.04344591942e-06,1.08624844217e-06,9.18428840966e-05,0.00100039558591,1.38045283377e-06,1.08624844217e-06,1.04344591942e-06,1.08624844217e-06,0.330737436816,0.33743033653,0.330732175846
5,0.0684068948834,0.0503031921915,0.130452623736,0.0609870406349,0.00518255251879,0.173855174176,0.0112539385546,0.214390992652,0.118832371807,0.0214359018297,0.101642587064,0.0432567299517,1,0.01,30,13,1,4,20,5.46827497112e-05,5.25280311884e-05,5.46827497112e-05,0.000164076243641,0.00480048678701,0.000198853045944,5.46827497112e-05,5.25280311884e-05,5.46827497112e-05,0.329284843373,0.335948347981,0.329279605509
6,0.0478168725405,0.0234493953777,0.172260107987,0.0464166666278,0.110346969086,0.145693338949,0.0988788994899,0.149711520174,0.0116706423012,0.00256204036522,0.138849348023,0.0523441990784,1,0.01,30,13,1,4,20,5.82117796003e-05,5.5918003219e-05,5.82117796003e-05,5.21535264614e-05,0.00010023858693,4.41162190752e-06,5.82117796003e-05,5.5918003219e-05,5.82117796003e-05,0.330935622336,0.337632532591,0.330930358213
7,0.129995795837,0.130878967392,0.0172776261118,0.0379067963404,0.0823447071585,0.202424397135,0.046010456955,0.066655775017,0.0704721765247,0.00684396750048,0.139791355539,0.0693979784887,1,0.01,30,13,1,4,20,6.69224064e-05,6.42853965674e-05,6.69224064e-05,4.85898079827e-05,0.000558907675018,1.20895675845e-05,6.69224064e-05,6.42853965674e-05,6.69224064e-05,0.330765316681,0.337458780581,0.330760055268
8,0.0707813824463,0.033383916847,0.106780382337,0.00557055604467,0.00573744069002,0.180351017364,0.0668192175423,0.0209832292737,0.330820769973,0.0844590823204,0.0529752303,0.0413377748615,1,0.01,30,13,1,4,20,0.000104925155837,0.000100790686046,0.000104925155837,0.0664190101406,0.000462777523597,0.00112304270805,0.000104925155837,0.000100790686046,0.000104925155837,0.308379445371,0.314619902217,0.308374540045
9,0.0403147849087,0.0508708406916,0.0372616246597,0.0682099203448,0.000248667472832,0.162607571508,0.0254364525607,0.0799267319927,0.112720238313,0.00586228148771,0.124155421231,0.29238546483,1,0.01,30,13,1,4,20,7.01991502139e-05,6.74330236009e-05,7.01991502139e-05,0.00158890232394,0.000655800135361,0.00110437324477,7.01991502139e-05,6.74330236009e-05,7.01991502139e-05,0.329855154332,0.33653019992,0.329849907396
10,0.00220431112233,0.0816683381033,0.0201321307978,0.136579164382,0.00592403078549,0.265663732377,0.243649445471,0.111729076094,0.116496187157,0.0137911114198,0.00121450178267,0.00094797050682,1,0.01,30,13,1,4,20,0.159964654818,0.153661409159,0.159964654818,0.00303966437739,0.00417367477954,0.0113594701503,0.159964654818,0.153661409159,0.159964654818,0.0113388258879,0.0115682816921,0.0113386455236
11,0.0631717593683,0.214820002821,0.00661878685167,0.0227109727105,0.199906625489,0.0702201135315,0.0174619239034,0.0779689027996,0.0540849911276,0.121739636191,0.0530218227684,0.0982744624393,1,0.01,30,13,1,4,20,0.000260551300884,0.00025028454003,0.000260551300884,0.0198110292893,0.00308015790731,0.00142138698761,0.000260551300884,0.00025028454003,0.000260551300884,0.322540916531,0.329067949059,0.322535785942
12,0.0054420064969,0.351255954934,0.0208865905284,0.00372788643369,0.241179989485,0.0231073326438,0.0362762995489,0.0764875642546,0.0873588404927,0.0154424890413,0.0296351926653,0.109199853475,1,0.01,30,13,1,4,20,0.000242092159762,0.000232552762719,0.000242092159762,0.000563901400406,0.000513384235397,0.000125378560249,0.000242092159762,0.000232552762719,0.000242092159762,0.330228835669,0.336911443181,0.330223582789
13,0.0297887048862,0.142888717237,0.155184265197,0.0616858464056,0.0140481559717,0.121915000524,0.00495647119449,0.0896058915982,0.0324772012626,0.0736811123372,0.14771537449,0.126053258895,1,0.01,30,13,1,4,20,3.10289347881e-05,2.9806270952e-05,3.10289347881e-05,0.0185281367674,5.40030675785e-05,0.00332845149695,3.10289347881e-05,2.9806270952e-05,3.10289347881e-05,0.323786199449,0.330338431887,0.323781049051
14,0.0460983107773,0.0186584914218,0.167920544155,0.0730987841942,0.0624531333657,0.0591456761657,0.0846916567071,0.125870902286,0.135405375132,0.0489535210299,0.155791281469,0.0219123232966,1,0.01,30,13,1,4,20,6.06386662595e-05,5.82492608606e-05,6.06386662595e-05,0.000103570791213,8.64964127146e-05,6.22576560651e-06,6.06386662595e-05,5.82492608606e-05,6.06386662595e-05,0.330917789433,0.337614338816,0.330912525594
15,0.132554322656,0.0509611098157,0.0219557373538,0.0199554154372,0.0106930093436,0.0611730504332,0.0204475832654,0.0211452033553,0.0716642186819,0.399226015214,0.184662527931,0.0055618065123,1,0.01,30,13,1,4,20,4.04177090313e-06,3.88250900288e-06,4.04177090313e-06,0.00262045537519,1.0421052287e-05,0.000182322905547,4.04177090313e-06,3.88250900288e-06,4.04177090313e-06,0.330162286527,0.336843547332,0.330157034706
16,0.0209467574029,0.264152774158,0.0192798680273,0.00176176606782,0.173619649493,0.0999773479001,0.216289375481,0.0467493205714,0.0769289303266,0.0236584198508,0.032103606016,0.0245321847054,1,0.01,30,13,1,4,20,8.55943525438e-05,8.22215935322e-05,8.55943525438e-05,2.10001327932e-05,0.00758340946162,0.00585911870631,8.55943525438e-05,8.22215935322e-05,8.55943525438e-05,0.326476059683,0.333082724921,0.326470866498
17,0.00680529262412,0.131434903758,0.0671358281515,0.009273211126,0.0727704029484,0.0651937491048,0.0864487898603,0.241662923859,0.0712136779475,0.115039834855,0.0463243722912,0.0866970134743,1,0.01,30,13,1,4,20,0.000111466736917,0.00010707450273,0.000111466736917,0.000440325007914,0.000115996118904,0.000296326423954,0.000111466736917,0.00010707450273,0.000111466736917,0.330600820065,0.337290955163,0.330595561268
18,0.0908215327123,0.00600321875522,0.0606337221875,0.0385972597708,0.0382937861723,0.0472810464092,0.0598386783269,0.12393612474,0.0678938486541,0.128919340062,0.208661756633,0.129119685577,1,0.01,30,13,1,4,20,4.88550534404e-05,4.69299694032e-05,4.88550534404e-05,0.000337935943882,7.16196513899e-05,0.000168269139565,4.88550534404e-05,4.69299694032e-05,4.88550534404e-05,0.330814565598,0.337509026113,0.330809303401
19,0.222277873583,0.0153144775579,0.00417532522284,0.00770961182647,0.0294736676757,0.0109005191244,0.0018286647494,0.0972575853863,0.203742661506,0.223893750517,0.174852005392,0.00857385745947,1,0.01,30,13,1,4,20,1.00889443672e-05,9.69139970422e-06,1.00889443672e-05,0.000644024381999,0.000997737702386,2.17878849671e-05,1.00889443672e-05,9.69139970422e-06,1.00889443672e-05,0.330531081763,0.337219805616,0.330525824075
20,0.166151324023,0.0549168219417,0.0014497322363,0.106061285884,0.255424435309,0.00556135709193,0.0548508879052,0.043556794069,0.0787626677686,0.0880721423684,0.040015063579,0.105177487824,1,0.01,30,13,1,4,20,6.51402564874e-05,6.25734704721e-05,6.51402564874e-05,0.0154005083557,0.00314846005527,0.00175892551242,6.51402564874e-05,6.25734704721e-05,6.51402564874e-05,0.32424997942,0.330811597045,0.324244821645
21,0.00838872972634,0.0394483134886,0.0334631050922,0.0915036010116,0.115319279862,0.0388368551898,0.0936733299723,0.0698844166611,0.270978206406,0.00182695267695,0.00596645080219,0.230710759111,1,0.01,30,13,1,4,20,0.000107627093831,0.000103386156902,0.000107627093831,0.0736105271723,0.000320112429068,0.000452874790774,0.000107627093831,0.000103386156902,0.000107627093831,0.306262155274,0.312459766017,0.306257283627
22,0.167254958928,0.189003383066,0.0466328276151,0.0479136526824,0.0836766684985,0.02409953388,0.00344544670306,0.190054195289,0.111525784312,0.0592695400502,0.0317435848959,0.0453804240798,1,0.01,30,13,1,4,20,0.000158925104599,0.000152662821367,0.000158925104599,3.76033544938e-05,0.00011300116495,0.0002192409992,0.000158925104599,0.000152662821367,0.000158925104599,0.330667633707,0.337359120865,0.330662373848
23,0.0163035905058,0.0144856072409,0.237772879634,0.058669060981,0.000937457726976,0.0114604095849,0.112745382789,0.208394895672,0.146877108767,0.0171086531856,0.158339254708,0.0169056992044,1,0.01,30,13,1,4,20,6.5699142688e-06,6.31103343265e-06,6.5699142688e-06,0.000834839402613,1.19680778955e-05,0.00819972127681,6.5699142688e-06,6.31103343265e-06,6.5699142688e-06,0.328093464307,0.334732859818,0.328088245394
24,0.137405908066,0.0826876387131,0.141989665339,0.122349517456,0.0609731975195,0.0440774983298,0.035610608281,0.0897895482084,0.0175414421663,0.0811261404309,0.101431750173,0.0850170853162,1,0.01,30,13,1,4,20,2.34419998716e-05,2.25182915431e-05,2.34419998716e-05,5.4799367442e-05,0.00205130506387,1.86854103481e-05,2.34419998716e-05,2.25182915431e-05,2.34419998716e-05,0.330352185587,0.337037289244,0.330346930745
25,0.0615011195079,0.10150569713,0.106877953331,0.0807640620004,0.129988492253,0.0416913246858,0.0972267833955,0.0420433158463,0.0678679750216,0.173182996503,0.0335122531254,0.0638380272,1,0.01,30,13,1,4,20,2.15159731799e-05,2.06681579879e-05,2.15159731799e-05,5.28615038538e-05,7.66399945352e-05,0.00108615238666,2.15159731799e-05,2.06681579879e-05,2.15159731799e-05,0.330656978023,0.33734824955,0.330651718333
26,0.0835768669497,0.0890608356473,0.174535119649,0.099386914668,0.15372517228,0.0981497209598,0.00449021484587,0.000506797796397,0.0816322094112,0.0425232327601,0.06658940577,0.105823509262,1,0.01,30,13,1,4,20,8.46322308438e-08,8.1297383266e-08,8.46322308438e-08,2.58520104198e-07,9.27773947253e-08,6.63299709116e-07,8.46322308438e-08,8.1297383266e-08,8.46322308438e-08,0.331101163613,0.337801423809,0.331095896857
27,0.185425143646,0.125387560827,0.0397794497814,0.017054286767,0.0575484499633,0.0576098027845,0.0576158690248,0.0985196586972,0.0199465527788,0.00352818910583,0.0164549418475,0.321130094777,1,0.01,30,13,1,4,20,8.66367757125e-06,8.32229410687e-06,8.66367757125e-06,2.30378303875e-06,2.67232262575e-05,3.39167252728e-06,8.66367757125e-06,8.32229410687e-06,8.66367757125e-06,0.331073946308,0.337773655727,0.331068679985
28,0.0224272713838,0.00657337133821,0.155223348005,0.14425960004,0.0772359507694,0.133013119716,0.0428328849522,0.122939762145,0.0905386089352,0.0118946807054,0.13349750197,0.0595639000397,1,0.01,30,13,1,4,20,0.000300229458225,0.000288399219656,0.000300229458225,0.0105190336496,0.00335412041708,0.00204123821186,0.000300229458225,0.000288399219656,0.000300229458225,0.325243778864,0.331825507305,0.32523860528
29,0.00635391313057,0.00354683384809,0.0458572064757,0.00410039549108,0.273063843017,0.11508734991,0.106516489079,0.0421973749636,0.0975463008846,0.0225650382572,0.0407267758372,0.242438479106,1,0.01,30,13,1,4,20,4.28725858552e-05,4.11832349109e-05,4.28725858552e-05,0.000627291205972,0.00220748706828,8.63881564823e-06,4.28725858552e-05,4.11832349109e-05,4.28725858552e-05,0.330076152923,0.336755670702,0.330070902472
30,0.0434156392791,0.19835655481,0.0409559028291,0.0481085155834,0.0910252365402,0.19046700339,0.0288536781807,0.0116072774644,0.0566632095227,0.0716784677852,0.118780820021,0.100087694594,1,0.01,30,13,1,4,20,3.08740183552e-05,2.96574588446e-05,3.08740183552e-05,9.75972267055e-05,2.01002030015e-05,0.00122476875316,3.08740183552e-05,2.96574588446e-05,3.08740183552e-05,0.330596643658,0.337286694241,0.330591384927
31,0.0120433019763,0.00593954412255,0.153313392664,0.0120807656187,0.0151974113855,0.211745360811,0.0436379466513,0.0744730156533,0.195840566211,0.13331598231,0.0861688359438,0.0562438766525,1,0.01,30,13,1,4,20,8.60352751477e-05,8.26451420261e-05,8.60352751477e-05,0.000300622758221,0.000173181666617,0.000231291934206,8.60352751477e-05,8.26451420261e-05,8.60352751477e-05,0.330699533312,0.337391666,0.330694272945
32,0.210173423707,0.0655340963227,0.0523211953633,0.0706599553729,0.020868720898,0.0750127343652,0.102738225422,0.169340739792,0.0728714644439,0.013211667893,0.143729265765,0.00353851065394,1,0.01,30,13,1,4,20,6.19154891472e-05,5.9475771832e-05,6.19154891472e-05,6.80715242267e-06,7.02739705355e-05,9.90818927238e-06,6.19154891472e-05,5.9475771832e-05,6.19154891472e-05,0.330951476824,0.337648707915,0.330946212449
33,0.0842263063116,0.0905044671624,0.00401477278268,0.0391600303301,0.31358899657,0.106103729281,0.0242540264871,0.0740752817371,0.160755826339,0.035144689088,0.0494209521848,0.0187509217268,1,0.01,30,13,1,4,20,0.00115982878221,0.00111412690048,0.00115982878221,0.0321116782508,0.0155631094266,0.00159950656709,0.00115982878221,0.00111412690048,0.00115982878221,0.312513001071,0.318837105762,0.312508029993
34,0.0165812621811,0.254029661851,0.166405115611,0.0194583321295,0.0737966098875,0.0704526893788,0.115274044801,0.0354346919018,0.0198468041243,0.0401088310287,0.0432504907399,0.145361466365,1,0.01,30,13,1,4,20,0.000210128353141,0.000201848457615,0.000210128353141,0.00814876161767,0.000389773501977,0.000987335871819,0.000210128353141,0.000201848457615,0.000210128353141,0.327535673608,0.334163781504,0.327530463568
35,0.00320728369964,0.0721635238775,0.222210394947,0.00330065930936,0.280478505093,0.00344294126516,0.0524064918259,0.0889774976214,0.0218161000842,0.0218199917155,0.158628573119,0.0715480374417,1,0.01,30,13,1,4,20,2.05124523095e-06,1.97041798438e-06,2.05124523095e-06,0.0508822675638,0.00697924968234,1.55370274307e-05,2.05124523095e-06,1.97041798438e-06,2.05124523095e-06,0.311934454908,0.318246851969,0.311929493033
36,0.0833467811362,0.051201991892,0.105271643566,0.141761527485,0.0558291399703,0.0429087272931,0.164167658284,0.0732223878385,0.0403642663475,0.0981578745129,0.139466995406,0.00430100626861,1,0.01,30,13,1,4,20,7.09893706761e-06,6.81921062239e-06,7.09893706761e-06,0.0118159908332,0.0102465462586,1.07581026014e-05,7.09893706761e-06,6.81921062239e-06,7.09893706761e-06,0.323779243086,0.330331334752,0.323774092798
37,0.0194021427029,0.140457168552,0.13806333769,0.00746697931663,0.0498048888034,0.0662114078735,0.0235516966924,0.121479163354,0.116064649311,0.102237406888,0.178316825665,0.0369443331511,1,0.01,30,13,1,4,20,1.5757153043e-05,1.51362583421e-05,1.5757153043e-05,0.0313189719429,0.00284059190654,1.59294424223e-05,1.5757153043e-05,1.51362583421e-05,1.5757153043e-05,0.319755210564,0.326225870729,0.319750124286
38,0.183409974887,0.0303257462571,0.0359911558713,0.0891743497447,0.0887364662468,0.166124016877,0.0258236289538,0.176759168816,0.0154178264601,0.00604654521271,0.155498709674,0.0266924109994,1,0.01,30,13,1,4,20,8.52672597843e-05,8.19073895324e-05,8.52672597843e-05,8.71384323589e-05,0.000193465577835,0.000149600128873,8.52672597843e-05,8.19073895324e-05,8.52672597843e-05,0.33079205629,0.337486061301,0.330786794452
39,0.132386979204,0.018695089802,0.0292638598571,0.232906727768,0.0165172346889,0.0941192225877,0.00165397069449,0.101474491636,0.0976666906186,0.0285730957546,0.175254454131,0.0714881832584,1,0.01,30,13,1,4,20,5.55254726661e-05,5.33375474964e-05,5.55254726661e-05,0.000130388233947,0.000112187549682,4.69261944945e-05,5.55254726661e-05,5.33375474964e-05,5.55254726661e-05,0.330896952276,0.337593079992,0.330891688769
40,0.00499516544348,0.00385913267174,0.00898713935933,0.0404263370865,0.0034328979196,0.0812107629726,0.200483685313,0.365111513337,0.0442141625028,0.12641193971,0.0834417513475,0.0374255123363,1,0.01,30,13,1,4,20,4.72574003648e-05,4.53952702334e-05,4.72574003648e-05,6.83224801297e-05,1.99393206114e-05,0.000111273227611,4.72574003648e-05,4.53952702334e-05,4.72574003648e-05,0.330942950175,0.337640008718,0.330937685936
41,0.141951087051,0.016152380169,0.0148151552652,0.0766907596905,0.00749402376959,0.0411644687423,0.194270210819,0.0348237235276,0.0571134047302,0.0390882042277,0.0462654784117,0.330171103597,1,0.01,30,13,1,4,20,7.81441918901e-05,7.50649989343e-05,7.81441918901e-05,0.0011432074672,0.000250982553486,0.000706778190645,7.81441918901e-05,7.50649989343e-05,7.81441918901e-05,0.330252828416,0.336935921453,0.330247575155
42,0.0087607848776,0.0726130850693,0.0309819360453,0.158537067601,0.011066195223,0.0312464600285,0.466504724313,0.0162210508433,0.000759078027296,0.0677640537812,0.041225855821,0.0943197083691,1,0.01,30,13,1,4,20,6.03243854307e-05,5.79473639504e-05,6.03243854307e-05,3.64142585341e-05,6.46936112529e-05,0.000210095174715,6.03243854307e-05,5.79473639504e-05,6.03243854307e-05,0.330880358669,0.337576150592,0.330875095425
43,0.0292571646209,0.110710501474,0.204625934376,0.113094665088,0.0704589319398,0.0326264137485,0.0321247998161,0.0277058140787,0.00851395043455,0.154260645233,0.128878328601,0.08774285059,1,0.01,30,13,1,4,20,2.06667057478e-05,1.98523550812e-05,2.06667057478e-05,8.41889078518e-05,0.000359052961564,4.37016938414e-05,2.06667057478e-05,1.98523550812e-05,2.06667057478e-05,0.330899920227,0.337596108004,0.330894656673
44,0.0618512198645,0.0154778137035,0.00989655943121,0.224591711883,0.00558013295135,0.0673758510334,0.0356074859861,0.130478513275,0.0209882661304,0.122847219777,0.204920126644,0.10038509932,1,0.01,30,13,1,4,20,6.66183836989e-06,6.39933535738e-06,6.66183836989e-06,1.54198767087e-05,0.000496452805537,0.000199822476906,6.66183836989e-06,6.39933535738e-06,6.66183836989e-06,0.330852961374,0.337548198877,0.330847698566
45,0.151284741555,0.25111528929,0.194217504306,0.0917257487909,0.0287417181743,0.0127452496364,0.088755431821,0.0810179833505,0.0336955835314,0.0396269758372,0.0227835364904,0.00429023721684,1,0.01,30,13,1,4,20,0.00258764926163,0.002485685556,0.00258764926163,0.164058150822,0.00405814057708,0.02064447388,0.00258764926163,0.002485685556,0.00258764926163,0.263529532535,0.2688623934,0.263525340627
46,0.00677994537085,0.124752093835,0.01113970717,0.141430331393,0.0493023900876,0.0320442637948,0.0465236290709,0.0165479248804,0.0625419756052,0.400866329311,0.062466228422,0.0456051810601,1,0.01,30,13,1,4,20,4.15801255012e-06,3.99417026518e-06,4.15801255012e-06,2.97877087289e-06,6.29266505137e-06,4.53023749505e-06,4.15801255012e-06,3.99417026518e-06,4.15801255012e-06,0.331088943861,0.337788956775,0.3310836773
47,0.318157765915,0.0343308170434,0.107084346018,0.0129062023138,0.0337809236344,0.125278759051,0.0077746037708,0.131642710904,0.0121337765058,0.017276088201,0.177291331566,0.0223426750762,1,0.01,30,13,1,4,20,0.000199198831807,0.000191349603031,0.000199198831807,0.0305435686251,0.00387349048062,0.000921925861215,0.000199198831807,0.000191349603031,0.000199198831807,0.319010336087,0.325465922754,0.319005261658
48,0.142810716222,0.0995413902916,0.0551203130649,0.00382838441802,0.0562632086843,0.242436065957,0.00729791588753,0.0386819791783,0.136226026785,0.158833581454,0.0476264648944,0.0113339531623,1,0.01,30,13,1,4,20,0.000143842400767,0.000138174436246,0.000143842400767,0.0281830963154,0.000240232888489,0.00169688301514,0.000143842400767,0.000138174436246,0.000143842400767,0.320846807635,0.327339557678,0.320841703993
49,0.0846949535971,0.123869139631,0.0204454469731,0.256981485108,0.0386697145428,0.0697487677162,0.0325234190614,0.0694794396355,0.0901346132337,0.0829397725132,0.118399863608,0.01211338438,1,0.01,30,13,1,4,20,0.000128207924725,0.000123156020942,0.000128207924725,0.0024771978115,0.000811744962893,0.00535234931761,0.000128207924725,0.000123156020942,0.000128207924725,0.32798916551,0.334626450401,0.327983948256
50,0.0202506977815,0.0526503536352,0.05413814959,0.0169506520484,0.00753067943496,0.00800452621417,0.023503128751,0.179637851969,0.0425510468662,0.0174385519795,0.389831053052,0.187513308678,1,0.01,30,13,1,4,20,9.91342936536e-07,9.52280069378e-07,9.91342936536e-07,4.4341273306e-08,2.05392534391e-06,4.36401373016e-07,9.91342936536e-07,9.52280069378e-07,9.91342936536e-07,0.331098882693,0.337799096733,0.331093615974
51,0.100088869236,0.0882299125133,0.023026352847,0.371424761724,0.0659617468647,0.00925969498124,0.0627585920813,0.07520741441,0.00304816217261,0.0976293765865,0.0937282154231,0.00963690116041,1,0.01,30,13,1,4,20,0.000570240156126,0.000547770418716,0.000570240156126,0.0109827686279,0.0021096658271,0.000307083702323,0.000570240156126,0.000547770418716,0.000570240156126,0.325547097435,0.33213496392,0.325541919026
52,0.108667378465,0.201862326428,0.0170142211749,0.0846958651254,0.0537598449603,0.163596767912,0.2281804376,0.0925504016631,0.00346475717743,0.00266769204326,0.00960670347111,0.0339336039791,1,0.01,30,13,1,4,20,0.00525051465758,0.00504362343052,0.00525051465758,0.0040563641679,0.0139060414531,0.0123868576414,0.00525051465758,0.00504362343052,0.00525051465758,0.310759253032,0.317047868364,0.310754309851
53,0.00994143152091,0.389712279454,0.11286180182,0.0378183403303,0.107706106987,0.0101955612848,0.0122630556124,0.0286228183155,0.0396554550935,0.0761903805568,0.161300071456,0.0137326975677,1,0.01,30,13,1,4,20,2.69764957362e-05,2.5913514168e-05,2.69764957362e-05,1.6133006937e-05,2.38555983918e-05,5.03313628073e-05,2.69764957362e-05,2.5913514168e-05,2.69764957362e-05,0.331018872512,0.337717467442,0.331013607066
54,0.0294542171098,0.051308543657,0.0233398018389,0.0346479833967,0.268567957811,0.019180192826,0.191447469873,0.105887889259,0.00415638835094,0.048402821698,0.149457197368,0.0741495368111,1,0.01,30,13,1,4,20,5.52953414911e-05,5.31164844079e-05,5.52953414911e-05,0.031660632526,0.00220944838251,0.00175267549297,5.52953414911e-05,5.31164844079e-05,5.52953414911e-05,0.319198504066,0.325657898555,0.319193426643
55,0.0922527591346,0.0107175858062,0.251441882049,0.0774166924737,0.0338610476632,0.0147195635894,0.20305922705,0.0439640047258,0.0999012178025,0.0335833281739,0.0708960447755,0.0681866467558,1,0.01,30,13,1,4,20,5.58722686254e-05,5.36706783113e-05,5.58722686254e-05,8.89013453515e-07,0.00489462352014,2.66912764343e-06,5.58722686254e-05,5.36706783113e-05,5.58722686254e-05,0.329370330858,0.336035565416,0.329365091634
56,0.152540032623,0.0830397069156,0.110840389182,0.0394477130459,0.0918339455936,0.0143688791022,0.0478026755504,0.0906459482444,0.151004642396,0.106237899958,0.0409083983434,0.071329769046,1,0.01,30,13,1,4,20,0.000200713873202,0.00019280494575,0.000200713873202,0.00145908899768,0.0013890789632,0.00064868257211,0.000200713873202,0.00019280494575,0.000200713873202,0.329550349567,0.336219227036,0.32954510748
57,0.00412885777251,0.055158536476,0.0738135304098,0.0585642083965,0.226107123438,0.0647416082054,0.152936707361,0.0368156559006,0.0348603731176,0.0961578451777,0.0252371001091,0.171478453635,1,0.01,30,13,1,4,20,0.000137911395007,0.000132477135777,0.000137911395007,0.00428790152116,0.000637486514464,0.00218590536326,0.000137911395007,0.000132477135777,0.000137911395007,0.328476726812,0.335123878136,0.328471501802
58,0.1463271647,0.0175131308058,0.0408219650979,0.0353138540954,0.0462261689161,0.00866828472293,0.0295007552144,0.0047283387561,0.399299628906,0.0669808677031,0.027247786974,0.177372054108,1,0.01,30,13,1,4,20,1.53052699843e-06,1.47021812789e-06,1.53052699843e-06,0.0836561197938,8.59915338898e-05,0.00148167110692,1.53052699843e-06,1.47021812789e-06,1.53052699843e-06,0.302880928545,0.309010115793,0.302876110683
59,0.0954968043719,0.0410183353728,0.0159356853234,0.0658173368007,0.0667462881458,0.236833037006,0.250358925918,0.0551640358892,0.0452319276281,0.117605667191,0.000293418988067,0.00949853736462,1,0.01,30,13,1,4,20,0.000366673908535,0.00035222549351,0.000366673908535,0.00857060264259,0.00242996283786,0.0118000609125,0.000366673908535,0.00035222549351,0.000366673908535,0.322833469836,0.329366422558,0.322828334593
60,0.313220284979,0.0641659611036,0.163622040375,0.0126112500155,0.0105496027124,0.0714689203874,0.143747882383,0.0247022580248,0.0415219828141,0.0247335455063,0.0903002927189,0.0393559789797,1,0.01,30,13,1,4,20,6.90822385615e-06,6.6360122724e-06,6.90822385615e-06,0.00151579615235,5.44261435771e-06,0.011031421895,6.90822385615e-06,6.6360122724e-06,6.90822385615e-06,0.326931914932,0.33354780499,0.326926714496
61,0.104101776151,0.0404839637826,0.0396463207582,0.0463525904486,0.141235438033,0.338719065733,0.0829571225453,0.00287493784661,0.0931789075364,0.0191936718043,0.0533727448635,0.0378834604971,1,0.01,30,13,1,4,20,0.000335216341487,0.000322007480119,0.000335216341487,0.000260719606474,0.000491743965694,0.000395384659692,0.000335216341487,0.000322007480119,0.000335216341487,0.330064413827,0.336743694051,0.330059163563
62,0.06583446285,0.0945593162523,0.0231472875423,0.0305447976662,0.27550985111,0.0728614869481,0.144642142771,0.048183481415,0.0819550613412,0.0615583868523,0.0347055171315,0.0664982081204,1,0.01,30,13,1,4,20,0.000244549050808,0.000234912842456,0.000244549050808,0.00660829422695,0.0100716389368,0.000713122398597,0.000244549050808,0.000234912842456,0.000244549050808,0.324863353347,0.331437383387,0.324858185815
63,0.069057924338,0.0154073063603,0.0901068035229,0.0529808327044,0.481979238923,0.0516932704612,0.0484619764029,0.0869825120213,0.0153081150597,0.0309041828319,0.0256195040324,0.031498333342,1,0.01,30,13,1,4,20,0.000272366417737,0.000261634094137,0.000272366417737,0.0222534627712,0.000323661646883,0.0295838731169,0.000272366417737,0.000261634094137,0.000272366417737,0.313297093447,0.319637065261,0.313292109897
64,0.00104902986831,0.0567803195727,0.142962111446,0.0666093225315,0.1542926325,0.0141303104632,0.120472145358,0.0919776416991,0.0778915439447,0.000389830706625,0.235537322722,0.0379077891875,1,0.01,30,13,1,4,20,5.34326978249e-05,5.13272363341e-05,5.34326978249e-05,0.000122342376287,0.000123453594795,8.41462344235e-05,5.34326978249e-05,5.13272363341e-05,5.34326978249e-05,0.330887665369,0.337583605152,0.330882402009
65,0.0942218720702,0.0830279165148,0.115924853209,0.0484307632997,0.0861647837884,0.0524537629819,0.277551003448,0.0987123754948,0.0399381593738,0.0175227330133,0.0299814975656,0.0560702792398,1,0.01,30,13,1,4,20,0.000805860691342,0.000774106564719,0.000805860691342,0.0088060410656,0.00257921278641,0.00114488903601,0.000805860691342,0.000774106564719,0.000805860691342,0.325373011078,0.331957354701,0.325367835439
66,0.0174183363234,0.0031771638841,0.0833186754092,0.0899783055417,0.0332101851942,0.0636511192954,0.260031064142,0.0305380640986,0.0103929223736,0.0316197402034,0.208677885923,0.167986537612,1,0.01,30,13,1,4,20,3.31872904724e-05,3.18795788105e-05,3.31872904724e-05,0.0219882679332,0.000165240987687,8.54657506981e-05,3.31872904724e-05,3.18795788105e-05,3.31872904724e-05,0.323673239686,0.330223186237,0.323668091085
67,0.0847896883154,0.0631074033344,0.0759103449719,0.135779474054,0.0892967068968,0.0466112037781,0.102499577251,0.0128804766761,0.0991333534017,0.0985778052157,0.0760515215436,0.11536244456,1,0.01,30,13,1,4,20,1.36745536463e-05,1.31357216712e-05,1.36745536463e-05,2.25650773012e-05,1.69769256873e-05,0.000661877624111,1.36745536463e-05,1.31357216712e-05,1.36745536463e-05,0.330842615075,0.337537643208,0.330837352432
68,0.0688751305133,0.038230312636,0.203752283404,0.0281758446779,0.0745734941924,0.0564196130104,0.102964481736,0.122881977126,0.0286645536114,0.0887871040732,0.0814253984673,0.105249806552,1,0.01,30,13,1,4,20,0.000147233590904,0.000141431999961,0.000147233590904,0.0406666045568,0.00174297231023,0.000416127324838,0.000147233590904,0.000141431999961,0.000147233590904,0.316633349597,0.323040834869,0.316628312978
69,0.0054063374793,0.00675561139614,0.0434942718442,0.0976987943346,0.0402962853965,0.0411964797389,0.0504445706331,0.0656445326095,0.344562915249,0.0691868111503,0.0976395273604,0.137673862808,1,0.01,30,13,1,4,20,2.10586979917e-05,2.02289012666e-05,2.10586979917e-05,1.98921746326e-05,4.36836718559e-05,2.95388486257e-05,2.10586979917e-05,2.02289012666e-05,2.10586979917e-05,0.331029549114,0.337728360099,0.331024283498
70,0.085836332723,0.0210919701084,0.336255825624,0.0450659182545,0.0298038345429,0.0154060632721,0.0474444865109,0.19869079116,0.00856858288602,0.0985905398089,0.100852999304,0.0123926558062,1,0.01,30,13,1,4,20,0.000515005430524,0.000494712161689,0.000515005430524,0.0244782472749,0.00197512785319,0.00213497438745,0.000515005430524,0.000494712161689,0.000515005430524,0.320626338668,0.327114627237,0.320621238534
71,0.0983142514226,0.00865566018094,0.148938669648,0.00474336676548,0.0677871886308,0.0755414871513,0.0152347659754,0.276675750123,0.00950785236219,0.187543976624,0.0935286730377,0.0135283580781,1,0.01,30,13,1,4,20,8.49299204076e-06,8.15833426731e-06,8.49299204076e-06,5.23486982411e-07,2.47416466879e-08,1.5850579097e-05,8.49299204076e-06,8.15833426731e-06,8.49299204076e-06,0.331079585147,0.337779408675,0.331074318734
72,0.228286477069,0.153856598589,0.0160672524959,0.107277054203,0.0988572565695,0.0830771192956,0.0272633678954,0.0183418903327,0.0892557587107,0.0388461140699,0.136954683907,0.00191642686206,1,0.01,30,13,1,4,20,4.96452718244e-09,4.76890500299e-09,4.96452718244e-09,4.47232910935e-08,8.71646370525e-09,7.63977778061e-09,4.96452718244e-09,4.76890500299e-09,4.96452718244e-09,0.331101635514,0.33780190526,0.331096368751
73,0.0431125743472,0.0959669022532,0.197760235208,0.0529201177324,0.0326505285409,0.00466930607588,0.0929199454927,0.175880622574,0.142248562706,0.0374101005569,0.0560653910023,0.0683957135111,1,0.01,30,13,1,4,20,0.000155606067291,0.000149474567372,0.000155606067291,0.000252859244537,0.000919803597807,0.000705818092569,0.000155606067291,0.000149474567372,0.000155606067291,0.330174629036,0.336856139607,0.330169377018
74,0.1101553012,0.0704798936268,0.0189700437895,0.0690728710607,0.110985739965,0.153434227653,0.0965126962241,0.0254442829922,0.0106429236609,0.242987042801,0.0838781951964,0.00743678182924,1,0.01,30,13,1,4,20,3.15205605343e-05,3.02785246822e-05,3.15205605343e-05,0.000331597143562,3.44575020295e-05,0.00155277190586,3.15205605343e-05,3.02785246822e-05,3.15205605343e-05,0.330404542223,0.337090705385,0.330399286549
75,0.136372901426,0.162730638129,0.037753580722,0.00212463562028,0.0423949397394,0.0385184683829,0.015887903001,0.0238001441104,0.174595869185,0.0030207626081,0.232743678844,0.130056478232,1,0.01,30,13,1,4,20,2.52945541913e-08,2.42978478309e-08,2.52945541913e-08,1.82214833753e-06,0.000148156248059,2.25775102155e-06,2.52945541913e-08,2.42978478309e-08,2.52945541913e-08,0.331051210238,0.337750459564,0.331045944277
76,0.000689071414549,0.0944031503376,0.0795700793206,0.0164270965279,0.0219438560574,0.203887517772,0.208193700708,0.00280535382238,0.0718899136078,0.0549562528077,0.138076896456,0.107157111168,1,0.01,30,13,1,4,20,7.45209056835e-06,7.15844846611e-06,7.45209056835e-06,0.000939488661281,1.87068465707e-05,0.00361518752758,7.45209056835e-06,7.15844846611e-06,7.45209056835e-06,0.329572800784,0.336242132582,0.329567558339
77,0.199401420552,0.141777588782,0.14846050914,0.0655874540511,0.0643230608796,0.0803710182731,0.0995320254773,0.0323465306816,0.0311947462458,0.0182375906787,0.0222417505801,0.0965263046588,1,0.01,30,13,1,4,20,4.96362711847e-05,4.76804040513e-05,4.96362711847e-05,0.000185879654673,0.00460157970663,1.78081744366e-05,4.96362711847e-05,4.76804040513e-05,4.96362711847e-05,0.329413320656,0.336079425167,0.329408080748
78,0.0853892624767,0.0202719661635,0.0479714294955,0.0697887884937,0.122727095279,0.0615839433965,0.25983095557,0.0772567835492,0.171415443505,0.0414012488424,0.00219000929686,0.0401730739314,1,0.01,30,13,1,4,20,3.28641923689e-05,3.15692120614e-05,3.28641923689e-05,5.83775660893e-06,5.85306671257e-05,2.36156927927e-05,3.28641923689e-05,3.15692120614e-05,3.28641923689e-05,0.33100810299,0.337706479985,0.331002837715
79,0.253512201084,0.091467767067,0.072152547502,0.0923797556936,0.110637080241,0.0529713160422,0.18762890321,0.0353590497446,0.00752825806676,0.056231977276,0.0170504366156,0.0230807074581,1,0.01,30,13,1,4,20,0.000505023895461,0.000485123938934,0.000505023895461,0.000743606402943,0.00938437485851,0.00173329776014,0.000505023895461,0.000485123938934,0.000505023895461,0.326184268532,0.332785028998,0.326179079988
80,0.0110898996939,0.107272647027,0.0143924053293,0.156286322758,0.0794553699045,0.0587646873652,0.191296181428,0.0158711857607,0.165099217707,0.152654135063,0.0161532436046,0.0316647043591,1,0.01,30,13,1,4,20,1.61954978014e-05,1.5557330568e-05,1.61954978014e-05,0.00805244002333,0.00020081389968,0.00855160967107,1.61954978014e-05,1.5557330568e-05,1.61954978014e-05,0.325505795605,0.332092826295,0.325500617854
81,0.0396435990302,0.115745570525,0.0867644036792,0.093896446447,0.0785403876803,0.0232513432402,0.0604665456607,0.306602875266,0.0596095259818,0.0317733778014,0.0720995345104,0.0316063901775,1,0.01,30,13,1,4,20,0.000470166113158,0.000451639692337,0.000470166113158,0.0323513472858,0.00176014022974,0.00747060608897,0.000470166113158,0.000451639692337,0.000470166113158,0.316411996583,0.32281500249,0.316406963485
82,0.12736390318,0.0216680553227,0.121070266884,0.0443921165182,0.0304728829476,0.0632678787532,0.0844615598768,0.0166962388802,0.0773120461054,0.347041652065,0.0640446186893,0.00220878077718,1,0.01,30,13,1,4,20,2.04156524648e-05,1.96111942993e-05,2.04156524648e-05,8.65210669427e-05,5.29338318783e-05,3.31715380214e-05,2.04156524648e-05,1.96111942993e-05,2.04156524648e-05,0.331004483345,0.337702787092,0.330999218128
83,0.0438532876158,0.0182628453641,0.12389947761,0.146800327431,0.0107658907933,0.225547034119,0.107703990349,0.0443865680704,0.0391961892466,0.117378923801,0.0540837244219,0.0681217411769,1,0.01,30,13,1,4,20,0.000145133881555,0.000139415027538,0.000145133881555,0.00281938174983,0.000292211523209,0.004379846526,0.000145133881555,0.000139415027538,0.000145133881555,0.328336699901,0.3349810176,0.328331477119
84,0.0185252552817,0.10720843977,0.0999413860999,0.0857002214943,0.0589898951865,0.196321261109,0.101153325171,0.0140146599124,0.154374206152,0.0843544309743,0.0297124161089,0.0497045027407,1,0.01,30,13,1,4,20,0.00064250162004,0.000617184492629,0.00064250162004,0.0380360315174,0.00358956051704,0.0037465996874,0.00064250162004,0.000617184492629,0.00064250162004,0.314819222173,0.32118999623,0.31481421441
85,0.0599540657221,0.00268779666267,0.0338963680424,0.160967516647,0.0325903673979,0.0363671880267,0.0348264733328,0.118509385334,0.329970038185,0.132240689483,0.056200881856,0.00178922930971,1,0.01,30,13,1,4,20,9.54281062917e-05,9.16678581457e-05,9.54281062917e-05,8.28247569716e-05,0.000253175784744,0.00138721804095,9.54281062917e-05,9.16678581457e-05,9.54281062917e-05,0.330344016547,0.337028954894,0.330338761835
86,0.0503333139737,0.223306308507,0.282786173445,0.0251599662795,0.0163265217707,0.20313276794,0.0364223045163,0.0512821682255,0.0135016719975,0.0892468395187,0.00209605173595,0.00640591208972,1,0.01,30,13,1,4,20,7.33109099094e-06,7.04221675484e-06,7.33109099094e-06,0.0247682055492,1.08854051927e-05,0.0354645908624,7.33109099094e-06,7.04221675484e-06,7.33109099094e-06,0.311140509362,0.317436839908,0.311135560116
87,0.0741203802369,0.0304994093849,0.018483997838,0.0260846924771,0.0766451084584,0.025353109603,0.0526514773644,0.122703587527,0.363417638356,0.0468658810056,0.146278835965,0.016895881784,1,0.01,30,13,1,4,20,2.5262365363e-07,2.42669273709e-07,2.5262365363e-07,5.47598971583e-07,2.789151768e-07,0.00220589710001,2.5262365363e-07,2.42669273709e-07,2.5262365363e-07,0.330370520334,0.337055995019,0.3303652652
88,0.120047204357,0.210806789915,0.150414272434,0.135614272916,0.000533857504557,0.0183102749661,0.0158212035138,0.0449251674961,0.0435402631841,0.15427325215,0.0744719342301,0.031241507333,1,0.01,30,13,1,4,20,2.45647606475e-05,2.35968110646e-05,2.45647606475e-05,3.34611123156e-05,0.00201753715947,6.08914804771e-06,2.45647606475e-05,2.35968110646e-05,2.45647606475e-05,0.33037240078,0.337057913518,0.330367145617
89,0.134917235938,0.123144761053,0.119993515718,0.0213337384255,0.0680614155304,0.119300956801,0.0326498922605,0.0810781665266,0.0867459699682,0.00628851126297,0.0145179190998,0.191967917415,1,0.01,30,13,1,4,20,2.6326075851e-05,2.52887234214e-05,2.6326075851e-05,4.72128066848e-07,3.39192535526e-05,2.48275296456e-05,2.6326075851e-05,2.52887234214e-05,2.6326075851e-05,0.331030445283,0.337729274403,0.331025179652
90,0.00114297353349,0.0462126896999,0.128448198716,0.211109264682,0.109909251622,0.135647943693,0.0638982010372,0.0295462386639,0.00347535727806,0.0106931659517,0.11096009522,0.148956619902,1,0.01,30,13,1,4,20,0.000239428330339,0.000229993898805,0.000239428330339,0.00276497074101,0.000926399496975,0.000596597170297,0.000239428330339,0.000229993898805,0.000239428330339,0.329212509118,0.335874549949,0.329207272405
91,0.0204036576965,0.111502185811,0.0558592711582,0.0292444443945,0.0263149601803,0.0256914420432,0.144255775605,0.0332673024474,0.322981574669,0.0017054208648,0.193189214033,0.0355847510966,1,0.01,30,13,1,4,20,1.31338024429e-05,1.26162782228e-05,1.31338024429e-05,0.000187615079094,0.000947201680165,0.00256026268461,1.31338024429e-05,1.26162782228e-05,1.31338024429e-05,0.329852469476,0.336527460732,0.329847222583
92,0.172508532913,0.0158150560311,0.0782212995025,0.0103766573778,0.00639168787891,0.0341104194492,0.0308030598576,0.0931287904559,0.0708215899311,0.17359356121,0.000335200064598,0.313894145328,1,0.01,30,13,1,4,20,1.00249350641e-05,9.62991262306e-06,1.00249350641e-05,2.07742574694e-05,1.50023332075e-05,2.21560921382e-05,1.00249350641e-05,9.62991262306e-06,1.00249350641e-05,0.331062829812,0.337762314274,0.331057563666
93,0.255632202636,0.0167358561098,0.163788500001,0.0227830245028,0.0413558920478,0.0208423401058,0.0345258876604,0.0290088301787,0.0803101251433,0.0263894150772,0.0864415277032,0.222186398834,1,0.01,30,13,1,4,20,2.31264776875e-05,2.2215202192e-05,2.31264776875e-05,0.00998444363046,0.000104360345296,9.71517718672e-05,2.31264776875e-05,2.2215202192e-05,2.31264776875e-05,0.327683738716,0.334314842901,0.327678526321
94,0.155551126344,0.109230966028,0.0102219524191,0.0142025017461,0.0421841514544,0.0660168288314,0.0949286374213,0.0154522971254,0.26204282001,0.0287294353742,0.0286622824078,0.172777000838,1,0.01,30,13,1,4,20,1.04566103751e-05,1.00445782044e-05,1.04566103751e-05,0.0584912113144,2.33819035966e-05,4.93677460687e-05,1.04566103751e-05,1.00445782044e-05,1.04566103751e-05,0.311690540101,0.317998001231,0.311685582106
95,0.0724516666312,0.0617708616398,0.0503861337302,0.00533507473112,0.0764773535164,0.29776533044,0.0164691592822,0.170646530103,0.0590805261269,0.0009265308932,0.129428543236,0.0592622896706,1,0.01,30,13,1,4,20,0.000124355504885,0.000119455401814,0.000124355504885,0.0826295636006,0.00198471475271,0.00222686646821,0.000124355504885,0.000119455401814,0.000124355504885,0.302104616765,0.30821809434,0.302099811251
96,0.0684972523103,0.0972312380423,0.205379379404,0.0354475430075,0.0378756515984,0.0193291071765,0.131645473261,0.0602104281675,0.0772597490549,0.0136115573488,0.0751473686174,0.178365252011,1,0.01,30,13,1,4,20,5.55578298159e-06,5.33686296455e-06,5.55578298159e-06,0.00127950491928,2.35155302433e-06,0.00220704370572,5.55578298159e-06,5.33686296455e-06,5.55578298159e-06,0.329935592606,0.336612265966,0.329930344391
97,0.00707064576365,0.0397926522295,0.0321326314749,0.0078966199931,0.143859375344,0.277734563246,0.0820133943594,0.089959634374,0.0368500572948,0.155886632842,0.118720085164,0.00808370791516,1,0.01,30,13,1,4,20,1.99690602517e-06,1.91821996013e-06,1.99690602517e-06,0.0466064883759,0.00542434959782,1.09029602889e-05,1.99690602517e-06,1.91821996013e-06,1.99690602517e-06,0.313866643406,0.3202181408,0.313861650796
98,0.299266677959,0.0185613622531,0.00809893781089,0.0547504217268,0.0024713428071,0.0168009988139,0.159512611896,0.0376377678331,0.000597245172259,0.191874136748,0.0632061911955,0.147222305784,1,0.01,30,13,1,4,20,4.44865584658e-06,4.27336105608e-06,4.44865584658e-06,0.00306086742662,0.00150393544278,0.00083351140594,4.44865584658e-06,4.27336105608e-06,4.44865584658e-06,0.32930555296,0.335969476653,0.329300314767
99,0.0900055467052,0.0108630465611,0.0082574684645,0.0333170475784,0.0256218094966,0.190920660555,0.261796526353,0.0923430769263,0.200217773965,0.00835035941607,0.00950921861272,0.0687974653661,1,0.01,30,13,1,4,20,0.000524921093674,0.000504237108148,0.000524921093674,0.0837286229871,0.0172701789745,0.000856999968136,0.000524921093674,0.000504237108148,0.000524921093674,0.296347923328,0.302344906767,0.296343209384
100,0.183666342813,0.00284598696855,0.0505199852711,0.0229562805631,0.0239726776176,0.00599632946446,0.0540689749499,0.0319842235872,0.180221959303,0.196018840324,0.069343446404,0.178404952734,1,0.01,30,13,1,4,20,7.63552971829e-06,7.33465938162e-06,7.63552971829e-06,1.0473523222e-05,9.95420653895e-06,7.63878889647e-06,7.63552971829e-06,7.33465938162e-06,7.63552971829e-06,0.331077403017,0.337777182387,0.331072136639
101,0.0383645633912,0.289223974013,0.0498653621251,0.0545516293919,0.0897341103454,0.184583079416,0.207901236137,0.0125260677221,0.0345182109814,0.0202512564946,0.0101159554619,0.0083645545202,1,0.01,30,13,1,4,20,0.00582571059324,0.00559615435128,0.00582571059324,0.0117470087239,0.0191857077076,0.0269386646197,0.00582571059324,0.00559615435128,0.00582571059324,0.30051895285,0.306600342465,0.300514172559
102,0.158982689543,0.189922630392,0.0141561949835,0.0803848162967,0.0202624340491,0.0159448818752,0.0655889935862,0.085873528341,0.00748916847976,0.187039815182,0.00793937697997,0.166415470291,1,0.01,30,13,1,4,20,9.1023220498e-05,8.74365424277e-05,9.1023220498e-05,0.000679133853634,9.47846021287e-05,0.000602617108081,9.1023220498e-05,8.74365424277e-05,9.1023220498e-05,0.330467439723,0.337154875698,0.330462183048
103,0.10237513344,0.0907167429777,0.0448637220729,0.14962851,0.108580564334,0.0686655386248,0.121045451826,0.00395027633136,0.0265343488917,0.0320318275936,0.177091572596,0.074516311312,1,0.01,30,13,1,4,20,5.92006876476e-05,5.68679443436e-05,5.92006876476e-05,0.000164557408472,5.26225907242e-05,0.000580839889547,5.92006876476e-05,5.68679443436e-05,5.92006876476e-05,0.330721375829,0.337413950529,0.330716115114
104,0.0774565146919,0.00940331438659,0.286083168641,0.00797246438708,0.317123750899,0.0775348824902,0.0281988694124,0.035410125036,0.000540297060528,0.0368525732452,0.0726728597766,0.0507511799738,1,0.01,30,13,1,4,20,5.89968735914e-05,5.66721613744e-05,5.89968735914e-05,0.0152359263802,0.00597657171556,0.000724136274539,5.89968735914e-05,5.66721613744e-05,5.89968735914e-05,0.323722744949,0.330273693303,0.32371759556
105,0.0178214544871,0.0564177752596,0.181177869536,0.259445142972,0.0981211201696,0.0384196688009,0.0235561712146,0.115718140057,0.0191318877762,0.0822878780325,0.0645963953869,0.0433064963077,1,0.01,30,13,1,4,20,4.24365957312e-05,4.07644245373e-05,4.24365957312e-05,5.70786116163e-06,6.09127240342e-05,4.91526949462e-05,4.24365957312e-05,4.07644245373e-05,4.24365957312e-05,0.330980135097,0.337677946125,0.330974870266
106,0.0194765586792,0.0617416752935,0.176243888119,0.150820790395,0.0670071115537,0.0696615029707,0.0308316259695,0.125753274246,0.240364620759,0.00435107860812,0.0250498448118,0.0286980285957,1,0.01,30,13,1,4,20,0.00232669525343,0.00223501417693,0.00232669525343,0.0261451947466,0.0161792755675,0.00186965928298,0.00232669525343,0.00223501417693,0.00232669525343,0.31190739103,0.318219240419,0.311902429586
107,0.0440087187921,0.0721706565527,0.0563295948581,0.284468849832,0.221929526406,0.116612622169,0.00988158194725,0.0146694844012,0.0523717740669,0.0348700203981,0.0056505478007,0.0870366227747,1,0.01,30,13,1,4,20,0.000369314077816,0.000354761629586,0.000369314077816,0.00118590775485,0.00233406462839,0.000280118611234,0.000369314077816,0.000354761629586,0.000369314077816,0.329119402655,0.335779559356,0.329114167423
108,0.141948814233,0.019418284696,0.0605027271299,0.166513616399,0.171601236556,0.0826093488062,0.0309626953375,0.0518489111777,0.10470714158,0.0208218335841,0.0749651625706,0.0741002279293,1,0.01,30,13,1,4,20,0.00010047172745,9.65127405063e-05,0.00010047172745,0.0611057384865,0.00660777456125,0.00313020993158,0.00010047172745,9.65127405063e-05,0.00010047172745,0.30744821432,0.313669826502,0.307443323807
109,0.0330208542477,0.045008327585,0.191003733949,0.0950258570587,0.00980304191622,0.00116195066805,0.0125161805596,0.147321473614,0.0830797879825,0.0417118032558,0.160999462847,0.179347526316,1,0.01,30,13,1,4,20,1.26521419293e-05,1.21535970553e-05,1.26521419293e-05,3.74661055051e-06,0.000179151641619,3.75260697853e-06,1.26521419293e-05,1.21535970553e-05,1.26521419293e-05,0.331015060327,0.337713578112,0.331009794941
110,0.0487610202921,0.163360482902,0.00137830849853,0.0866999252926,0.11430561906,0.00201495002121,0.0385571890415,0.242753704117,0.0499336463693,0.0592530139191,0.165274650636,0.0277074898508,1,0.01,30,13,1,4,20,1.8342753106e-05,1.7619975446e-05,1.8342753106e-05,6.20542530848e-05,4.66172190059e-06,0.00274770416165,1.8342753106e-05,1.7619975446e-05,1.8342753106e-05,0.330133845005,0.336814530259,0.330128593636
111,0.237890444042,0.00320738006144,0.0574220344952,0.0414198988179,0.151778524535,0.0300967627569,0.0548097074146,0.0200764010751,0.102062232541,0.130494750446,0.133394220159,0.037347643655,1,0.01,30,13,1,4,20,3.19221761567e-05,3.06643150466e-05,3.19221761567e-05,6.49066571719e-05,0.000926099231822,4.35255419281e-05,3.19221761567e-05,3.06643150466e-05,3.19221761567e-05,0.330696546436,0.337388618681,0.330691286117
112,0.0597338242501,0.0419566534286,0.0933205228538,0.0870302888518,0.0510100800096,0.103441430731,0.0301647087369,0.167609174221,0.0866581973288,0.140320148972,0.073860291071,0.0648946795455,1,0.01,30,13,1,4,20,3.15742039046e-05,3.03300542897e-05,3.15742039046e-05,5.9522147664e-06,0.000239840606301,0.000418022233228,3.15742039046e-05,3.03300542897e-05,3.15742039046e-05,0.330819973451,0.337514543401,0.330814711169
113,0.0801303773174,0.100131534993,0.0282104045464,0.232494773583,0.0703980333476,0.097348331286,0.168790031347,0.0895069540812,0.0207044603237,0.0634969455202,0.00578762937434,0.0430005242796,1,0.01,30,13,1,4,20,0.000360316966842,0.000346119040684,0.000360316966842,0.000466559771874,0.000199070178959,9.99040377289e-05,0.000360316966842,0.000346119040684,0.000360316966842,0.330141788519,0.33682263452,0.330136537024
114,0.0201352824577,0.425659111473,0.0748959130704,0.0822175416249,0.050626159149,0.0248479887594,0.0139332349613,0.0292360514412,0.0210620112216,0.0397932696168,0.0877666215008,0.129826814724,1,0.01,30,13,1,4,20,5.86986622826e-05,5.6385700781e-05,5.86986622826e-05,0.0106257472391,0.000695672759295,0.00266871370158,5.86986622826e-05,5.6385700781e-05,5.86986622826e-05,0.326354429204,0.332958633092,0.326349237954
115,0.0258168438069,0.0474922314791,0.0337028729868,0.037993700335,0.132049774628,0.172948743766,0.0757640675845,0.0335636454714,0.032127065019,0.051990205667,0.0867173152724,0.269833533983,1,0.01,30,13,1,4,20,1.72577800115e-05,1.65777546205e-05,1.72577800115e-05,0.0149193339593,4.46041931879e-06,0.000241512982482,1.72577800115e-05,1.65777546205e-05,1.72577800115e-05,0.326046572783,0.332644546798,0.326041386429
116,0.022229265374,0.0052176910249,0.0433140747047,0.0940954652057,0.025209996037,0.126332545578,0.222584543698,0.0784275312538,0.00490108250879,0.110979594237,0.153226007236,0.113482203143,1,0.01,30,13,1,4,20,2.58460953829e-05,2.48276560989e-05,2.58460953829e-05,6.86316394655e-05,8.6683980188e-07,0.000461007395883,2.58460953829e-05,2.48276560989e-05,2.58460953829e-05,0.330875342394,0.337571032806,0.330870079231
117,0.0306588415601,0.140268604992,0.0270667330367,0.0760687480273,0.107693140504,0.0453200032857,0.178061201433,0.00437635886948,0.336382242547,0.0250558584405,0.0130766960107,0.015971571294,1,0.01,30,13,1,4,20,0.000277699226366,0.000266756768827,0.000277699226366,0.351395377652,0.00224796066395,0.00220116565406,0.000277699226366,0.000266756768827,0.000277699226366,0.212736523631,0.217041522279,0.212733139677
118,0.000935296568197,0.0396821077686,0.0265402549509,0.130711924602,0.00993030000486,0.262569113979,0.290160923136,0.0290100072099,0.00694790523661,0.105917123268,0.0562355401674,0.0413595031091,1,0.01,30,13,1,4,20,1.50784064466e-05,1.44842570697e-05,1.50784064466e-05,1.31484370579e-05,1.32201245643e-05,0.00340582279534,1.50784064466e-05,1.44842570697e-05,1.50784064466e-05,0.329935699731,0.336612375259,0.329930451514
119,0.0195686511058,0.0828366816205,0.106857279785,0.126134269769,0.0285634871125,0.133245138509,0.00779304536196,0.20686447733,0.00122011757217,0.0364729078001,0.102945285681,0.147498658354,1,0.01,30,13,1,4,20,1.25024357345e-07,1.20097898818e-07,1.25024357345e-07,2.28980112293e-07,2.53155088041e-07,1.73633651383e-07,1.25024357345e-07,1.20097898818e-07,1.25024357345e-07,0.331101203232,0.33780146423,0.331095936476
120,0.113253085299,0.0418792754571,0.101698890477,0.133668635629,0.183758334078,0.000419787986116,0.033027727548,0.0167734606178,0.226903983586,0.0627230625656,0.010214977394,0.075678779363,1,0.01,30,13,1,4,20,9.33770623118e-05,8.96976334822e-05,9.33770623118e-05,3.00581850791e-05,7.64019794339e-06,0.000170649958872,9.33770623118e-05,8.96976334822e-05,9.33770623118e-05,0.330849613712,0.337544783471,0.330844350958
121,0.0358110871028,0.0246509613326,0.028901330395,0.0234295403746,0.0218535066693,0.0297272149717,0.0750381192977,0.00407584188691,0.0901232496287,0.377631501728,0.270766143478,0.017991503135,1,0.01,30,13,1,4,20,1.67847905327e-06,1.61234028144e-06,1.67847905327e-06,1.49119394793e-06,1.48727531311e-06,4.61332083782e-06,1.67847905327e-06,1.61234028144e-06,1.67847905327e-06,0.33109586113,0.337796014024,0.331090594459
122,0.0976700699369,0.180310380299,0.0156875321042,0.135052664985,0.0372942654058,0.050201486817,0.231898724958,0.00802829286758,0.0328063921918,0.159284872114,0.00854824955935,0.0432170687614,1,0.01,30,13,1,4,20,6.46906683724e-05,6.21415979228e-05,6.46906683724e-05,4.73776390904e-06,6.90849419957e-05,0.00112933663004,6.46906683724e-05,6.21415979228e-05,6.46906683724e-05,0.330576470285,0.337266112634,0.330571211876
123,0.0824395840447,0.0964944802109,0.12409230004,0.00815475253201,0.0251141684588,0.016735627724,0.223939588147,0.0210638478223,0.0604809860611,0.139760068216,0.188150623265,0.013573973479,1,0.01,30,13,1,4,20,4.59140254469e-05,4.41048296474e-05,4.59140254469e-05,0.0140473179131,0.00156689179132,0.00150050280573,4.59140254469e-05,4.41048296474e-05,4.59140254469e-05,0.325344940448,0.331928716025,0.325339765255
124,0.0167356352592,0.0578189987569,0.130700193262,0.0431614170901,0.0525419825059,0.0356965378077,0.0192219913141,0.135948745539,0.040539637429,0.0925645637867,0.0244881190849,0.350582178165,1,0.01,30,13,1,4,20,1.47370980459e-05,1.41563975819e-05,1.47370980459e-05,0.000266832428443,0.000713788611768,5.58473569788e-05,1.47370980459e-05,1.41563975819e-05,1.47370980459e-05,0.330729596733,0.337422337794,0.330724335888
125,0.0402158082505,0.0123631492346,0.222262924292,0.0634137604021,0.00926818044543,0.0804369334912,0.179463984784,0.0288999395758,0.3218527443,0.00310742728023,0.00548130473009,0.0332338432152,1,0.01,30,13,1,4,20,8.67639527029e-08,8.33451067783e-08,8.67639527029e-08,2.24024866459e-06,2.15968992764e-05,6.87899417766e-08,8.67639527029e-08,8.33451067783e-08,8.67639527029e-08,0.331093580072,0.337793686806,0.331088313437
126,0.00662760629305,0.0789954673047,0.044404800858,0.076852014576,0.00101106850412,0.0926722717425,0.438052456657,0.0270081049084,0.0631307482422,0.0974540659477,0.0157552960945,0.0580360988721,1,0.01,30,13,1,4,20,9.19376917668e-05,8.83149798798e-05,9.19376917668e-05,0.00154694978071,0.00705799601314,6.08270709159e-05,9.19376917668e-05,8.83149798798e-05,9.19376917668e-05,0.328052168277,0.33469072811,0.328046950021
127,0.079350537415,0.000464631541471,0.0208809659078,0.11998725995,0.0238729239823,0.0122779188113,0.217985900379,0.225181599626,0.155820432258,0.00676136941757,0.0188371001425,0.118579360569,1,0.01,30,13,1,4,20,4.03385367874e-05,3.87490374872e-05,4.03385367874e-05,0.0647710976779,4.72776013862e-05,2.48652355851e-05,4.03385367874e-05,3.87490374872e-05,4.03385367874e-05,0.309552876173,0.315817078909,0.309547952181
128,0.030816995011,0.0207565952383,0.114955536082,0.203696755074,0.0601326014341,0.0555289236964,0.196534083747,0.0269110800723,0.185140535618,0.0267360262089,0.0439813788779,0.0348094889397,1,0.01,30,13,1,4,20,0.000310192076959,0.000297969271461,0.000310192076959,9.65545157405e-05,0.000143797975088,0.00797340215792,0.000310192076959,0.000297969271461,0.000310192076959,0.327773940929,0.334406870472,0.327768727099
129,0.0041866075086,0.149246870931,0.0222043589829,0.00301455668345,0.0129977556625,0.125906223537,0.00895301537812,0.161498267976,0.0355039097258,0.0578626704172,0.123678004782,0.294947758416,1,0.01,30,13,1,4,20,8.52119002313e-06,8.18542113667e-06,8.52119002313e-06,0.00118450325252,2.00690758267e-05,0.000454223339718,8.52119002313e-06,8.18542113667e-06,8.52119002313e-06,0.330535729528,0.337224547435,0.330530471767
130,0.0820527181539,0.0134707648024,0.205165386016,0.128743381951,0.118687819656,0.0444532644404,0.0563093548508,0.0252598437187,0.0833739942718,0.0332018809261,0.180298647809,0.0289829434032,1,0.01,30,13,1,4,20,1.39504353227e-05,1.34007325087e-05,1.39504353227e-05,0.000329367604054,0.00359776731516,5.26493660222e-06,1.39504353227e-05,1.34007325087e-05,1.39504353227e-05,0.32977229127,0.336445660016,0.329767045652
131,0.0597568372432,0.0496601322216,0.0722084016486,0.106361023097,0.0730466184233,0.0110490630424,0.201198371841,0.243234954448,0.0180519198292,0.0372326211673,0.100241777755,0.0279582792829,1,0.01,30,13,1,4,20,1.2502170091e-06,1.20095347058e-06,1.2502170091e-06,0.0852901065528,8.29598245796e-07,0.0136148376879,1.2502170091e-06,1.20095347058e-06,1.2502170091e-06,0.298351347957,0.304388873284,0.298346602145
132,0.203598824955,0.101952281424,0.077425401623,0.172404690683,0.0687355067435,0.0763772297485,0.0386127176405,0.0417570294777,0.100320646033,0.00142860303439,0.0636623410416,0.0537247275958,1,0.01,30,13,1,4,20,1.44586719195e-05,1.38889425557e-05,1.44586719195e-05,0.000226402718004,3.99832626291e-06,0.0122346651679,1.44586719195e-05,1.38889425557e-05,1.44586719195e-05,0.326946114822,0.333562292233,0.32694091416
133,0.0922485350776,0.00418500643787,0.0125666052252,0.00278227499741,0.0782711248035,0.0343418724679,0.128677590755,0.176301159434,0.15509345579,0.0365544028897,0.204002783669,0.0749751884538,1,0.01,30,13,1,4,20,1.53611907281e-05,1.47558985223e-05,1.53611907281e-05,9.73603004469e-06,0.000164209914091,1.24911577092e-05,1.53611907281e-05,1.47558985223e-05,1.53611907281e-05,0.331009819967,0.337708231707,0.331004554664
134,0.0680834703553,0.0285863004746,0.531836588453,0.00807966217399,0.0636897888459,0.113061503087,0.0624842213427,0.0394240646162,0.0222720533218,0.0113703313407,0.0375383385248,0.0135736774638,1,0.01,30,13,1,4,20,0.00368704197521,0.00354175781009,0.00368704197521,0.00324399004371,0.000311716600282,0.00584472223732,0.00368704197521,0.00354175781009,0.00368704197521,0.320760661038,0.327251667793,0.320755558766
135,0.0542102496307,0.0255872386074,0.0435504679626,0.0310204274853,0.0904132946109,0.118201311554,0.0899003385739,0.150099998561,0.038363136302,0.0631486533288,0.0223618711274,0.273143012256,1,0.01,30,13,1,4,20,8.22438822039e-05,7.9003145092e-05,8.22438822039e-05,0.000626455605437,0.000606698576957,2.54463070242e-05,8.22438822039e-05,7.9003145092e-05,8.22438822039e-05,0.330523700261,0.33721227474,0.330518442691
136,0.213264745202,0.0415526154993,0.0366460598492,0.0705483954357,0.188323747857,0.0574082103585,0.138882586884,0.0569946146917,0.15063334031,0.012359920604,0.0276930912494,0.00569267205875,1,0.01,30,13,1,4,20,0.0041242598972,0.00396174760145,0.0041242598972,0.231156222994,0.0113024583583,0.00462557236588,0.0041242598972,0.00396174760145,0.0041242598972,0.241205977812,0.246087092679,0.241202141
137,0.23719846837,0.0356054785496,0.0304600065658,0.0458038603966,0.0878694805616,0.0841278172458,0.00123898872574,0.0311901882942,0.216505947165,0.0187991362184,0.0130270172963,0.198173610611,1,0.01,30,13,1,4,20,5.62428500568e-05,5.40266573556e-05,5.62428500568e-05,9.6493687128e-05,4.67818983745e-05,1.94006990314e-05,5.62428500568e-05,5.40266573556e-05,5.62428500568e-05,0.330937538044,0.337634487066,0.330932273891
138,0.0867071361731,0.0898254464373,0.192996275966,0.209029619367,0.00389632885759,0.109241474547,0.12036609179,0.0235754665448,0.108382739725,0.033404069913,0.00542990864431,0.0171454420348,1,0.01,30,13,1,4,20,0.000162319581137,0.000155923541985,0.000162319581137,0.000386165193858,8.28781244704e-05,0.0625476521943,0.000162319581137,0.000155923541985,0.000162319581137,0.30991850241,0.316190104066,0.309913572603
139,0.138914171133,0.18709387622,0.212169216939,0.0884212193633,0.000400823621062,0.0591420818507,0.0400730620424,0.113641849364,0.00464076639883,0.00238948229615,0.0958146764061,0.0572987743663,1,0.01,30,13,1,4,20,0.000978978681632,0.000940403015451,0.000978978681632,0.048179701196,0.00426623012121,5.95858134547e-05,0.000978978681632,0.000940403015451,0.000978978681632,0.311797697405,0.318107327001,0.311792737706
140,0.0988339303047,0.0104574543349,0.0887408467548,0.335653486991,0.0368271071108,0.0698591926237,0.131946870393,0.0708537173156,0.0556961687579,0.0285253066096,0.0584170938399,0.0141888249641,1,0.01,30,13,1,4,20,0.000666201232604,0.000639950245897,0.000666201232604,0.111683216977,0.0152364637598,0.00450624984391,0.000666201232604,0.000639950245897,0.000666201232604,0.286280222434,0.292073472927,0.286275668636
141,0.076418835184,0.0534517974747,0.109940707585,0.0143853267923,0.0308309239785,0.00535239620281,0.231465299109,0.0183845696325,0.0440562898083,0.155117011395,0.189065305533,0.0715315373045,1,0.01,30,13,1,4,20,3.33019222796e-06,3.19896936671e-06,3.33019222796e-06,0.000993583183871,0.00120713764768,0.00098974686716,3.33019222796e-06,3.19896936671e-06,3.33019222796e-06,0.330038767405,0.33671752864,0.330033517548
142,0.152710386285,0.0676217226265,0.0154232398398,0.0448276398008,0.0179987349968,0.156921107284,0.134347994181,0.0105825685332,0.0360392885188,0.00962314214254,0.276552192674,0.0773519831176,1,0.01,30,13,1,4,20,1.67154970703e-05,1.60568397909e-05,1.67154970703e-05,1.03495139076e-05,5.93612274962e-05,7.53944080866e-05,1.67154970703e-05,1.60568397909e-05,1.67154970703e-05,0.331020849905,0.33771948485,0.331015584427
143,0.00756270212355,0.155077261574,0.0788234659173,0.0924336492694,0.0750120398659,0.07340844212,0.120596454426,0.0140667639886,0.246258131844,0.00410539095545,0.0706740256967,0.0619816722186,1,0.01,30,13,1,4,20,3.8398158479e-05,3.68851178263e-05,3.8398158479e-05,0.13209207962,0.000525256118817,5.42812068728e-05,3.8398158479e-05,3.68851178263e-05,3.8398158479e-05,0.287098591914,0.292908403172,0.287094025098
144,0.0200420417015,0.0635154360212,0.173263842642,0.154752976764,0.051457611798,0.0573127876869,0.242821110535,0.10749608348,0.0109523165988,0.0148819914197,0.0104960292346,0.0930077721181,1,0.01,30,13,1,4,20,0.00018744207889,0.000180056113088,0.00018744207889,0.0856166302869,7.44096494789e-05,0.00794145148005,0.00018744207889,0.000180056113088,0.00018744207889,0.299732308324,0.305797779171,0.299727540547
145,0.158207754882,0.00868296703542,0.00204232965929,0.192284594314,0.00501495363564,0.0272804792572,0.0359576355791,0.226076977593,0.0477716601152,0.0493806082751,0.074661116334,0.17263892332,1,0.01,30,13,1,4,20,0.000104013682879,9.99151287588e-05,0.000104013682879,0.0258705515551,0.00483793865418,0.000335861340443,0.000104013682879,9.99151287588e-05,0.000104013682879,0.320618908423,0.327107046631,0.320613808407
146,0.0377472117843,0.0135416572134,0.140217404161,0.108209337976,0.0650327923713,0.00108768639725,0.209038623331,0.00347536121547,0.160618124229,0.21742937063,0.020960502908,0.0226419277837,1,0.01,30,13,1,4,20,2.63889339969e-05,2.53491047056e-05,2.63889339969e-05,3.25951255595e-05,6.07729592885e-06,2.15071021809e-05,2.63889339969e-05,2.53491047056e-05,2.63889339969e-05,0.331030003988,0.337728824178,0.331024738365
147,0.129694419719,0.1324215119,0.000193742496439,0.0692035062986,0.026738137278,0.0544760820687,0.0362465254345,0.149187544037,0.0887103309185,0.0984656504128,0.041252867458,0.173409681978,1,0.01,30,13,1,4,20,6.52233824821e-05,6.2653320971e-05,6.52233824821e-05,0.000767199828908,0.000115279304512,0.00137014170364,6.52233824821e-05,6.2653320971e-05,6.52233824821e-05,0.33022794744,0.336910536978,0.330222694574
148,0.0941238139048,0.111090638159,0.0390048577054,0.102687656784,0.236832107411,0.011916840446,0.00963523432387,0.0681920319415,0.0264472965395,0.00257242792883,0.207479606038,0.0900174888181,1,0.01,30,13,1,4,20,4.99100428814e-05,4.79433880508e-05,4.99100428814e-05,0.000125606933583,0.000347373611734,1.63467188279e-05,4.99100428814e-05,4.79433880508e-05,4.99100428814e-05,0.330841798934,0.337536810551,0.330836536304
149,0.0868731029764,0.281254392301,0.00377201384961,0.178016725957,0.113599879266,0.0108359952348,0.013299324397,0.174950400578,0.0168698271201,0.0550474464183,0.0299323094197,0.0355485824824,1,0.01,30,13,1,4,20,9.82154051449e-05,9.43453263027e-05,9.82154051449e-05,0.000128822330079,3.17312985604e-05,0.00541211748544,9.82154051449e-05,9.43453263027e-05,9.82154051449e-05,0.329063991857,0.335723027249,0.329058757506
150,0.0351171693448,0.0437063445135,0.0368215296366,0.0416079396363,0.0486054611135,0.00747915466038,0.381386905302,0.151585752578,0.0351851533882,0.0344755804654,0.0883666044159,0.095662404945,1,0.01,30,13,1,4,20,6.28839263692e-05,6.04060487634e-05,6.28839263692e-05,4.27107863044e-05,0.00051192943683,0.000534844698739,6.28839263692e-05,6.04060487634e-05,6.28839263692e-05,0.330617650221,0.337308125898,0.330612391156
151,0.186542506525,0.239057610916,0.0371882495549,0.0220321828473,0.029726402584,0.185084617879,0.127474997115,0.0811981088088,0.00520545066729,0.00817952256023,0.0579688315188,0.0203415190237,1,0.01,30,13,1,4,20,0.00106640714553,0.00102438644903,0.00106640714553,0.00235855959894,0.000597794537926,0.00358890681176,0.00106640714553,0.00102438644903,0.00106640714553,0.326843809823,0.33345791696,0.326838610788
152,0.0206342621824,0.00208287064384,0.262843504339,0.0145639218806,0.0833138879758,0.0604370300107,0.208659911872,0.00713827316182,0.0994298107517,0.0105743735813,0.045626755725,0.184695397876,1,0.01,30,13,1,4,20,6.41884453268e-05,6.16591644691e-05,6.41884453268e-05,0.000101539847569,0.000159031143144,0.000151480548905,6.41884453268e-05,6.16591644691e-05,6.41884453268e-05,0.330839392011,0.33753435492,0.330834129419
153,0.0926659320052,0.108663580563,0.0663452492094,0.0995124758628,0.1554686295,0.00930926191933,0.230889996529,0.015521673787,0.102521413513,0.0332943302422,0.0275042706042,0.058303186266,1,0.01,30,13,1,4,20,2.93254823672e-06,2.81699413533e-06,2.93254823672e-06,0.166258756916,0.00101500012032,0.0012926035262,2.93254823672e-06,2.81699413533e-06,2.93254823672e-06,0.275283313436,0.280854027256,0.275278934564
154,0.0712660524362,0.0336887235972,0.135221941761,0.0226097771875,0.0294989518006,0.0206233097347,0.0442742638776,0.369365402541,0.0263259994432,0.155875491318,0.0693492487975,0.0219008375048,1,0.01,30,13,1,4,20,6.33777875578e-05,6.08804498506e-05,6.33777875578e-05,0.00011242406798,0.000331685487713,8.01117960412e-05,6.33777875578e-05,6.08804498506e-05,6.33777875578e-05,0.330803841707,0.33749808521,0.330798579681
155,0.00535801939002,0.0909522948809,0.0618186526653,0.098690082098,0.254068121849,0.00599706424766,0.345494181611,0.079194526301,0.0274000579741,0.0279871187176,0.000652702654277,0.00238717761096,1,0.01,30,13,1,4,20,0.00035479827963,0.000340817811768,0.00035479827963,0.179110102201,0.014332294319,0.103564100819,0.00035479827963,0.000340817811768,0.00035479827963,0.232066731651,0.236762902054,0.232063040215
156,0.0298295664116,0.0501701318163,0.0684372907366,0.00539192073254,0.0299973411065,0.0547077937235,0.101291658133,0.0127506755508,0.246975934533,0.0153025599553,0.050986061657,0.334159065643,1,0.01,30,13,1,4,20,6.6376636938e-06,6.37611325998e-06,6.6376636938e-06,1.13889984908e-07,6.41172622001e-06,0.000425059267066,6.6376636938e-06,6.37611325998e-06,6.6376636938e-06,0.330945753747,0.337642869024,0.330940489464
157,0.102126850147,0.0456122293396,0.0489798054993,0.0661172880996,0.0330122696729,0.291918442745,0.165789320125,0.00836957464605,0.113504393445,0.116443082829,0.00328692936958,0.00483981408123,1,0.01,30,13,1,4,20,0.000281100756759,0.00027002426535,0.000281100756759,0.0330169082475,0.00331858154278,0.00105116024456,0.000281100756759,0.00027002426535,0.000281100756759,0.318171780695,0.324610398109,0.318166719604
158,0.0149931500376,0.053579892567,0.00502377324209,0.0345201361448,0.0774868323679,0.263168114349,0.034231141678,0.144556709979,0.10165820194,5.2946913523e-05,0.235549317175,0.0351797836062,1,0.01,30,13,1,4,20,3.24555661601e-05,3.11766873557e-05,3.24555661601e-05,1.00666606595e-05,0.000378441810026,2.47067741313e-05,3.24555661601e-05,3.11766873557e-05,3.24555661601e-05,0.33090121954,0.33759743361,0.330895955965
159,0.0234036919817,0.0246389379391,0.0175739649784,0.0967024603604,0.00639272693298,0.259975804272,0.0863210469226,0.0463339294534,0.0515301363728,0.0669454402498,0.160767925318,0.159413935219,1,0.01,30,13,1,4,20,4.23115379767e-06,4.06442945574e-06,4.23115379767e-06,1.35679678494e-06,1.87079957953e-06,5.85883993457e-06,4.23115379767e-06,4.06442945574e-06,4.23115379767e-06,0.331090361689,0.337790403295,0.331085095105
160,0.0735480763181,0.00105763509635,0.0803884880722,0.0671826189022,0.0182860125318,0.0700559143732,0.000227859819804,0.0224164048513,0.0169123859157,0.343337399334,0.185552624305,0.12103458048,1,0.01,30,13,1,4,20,1.90193406595e-06,1.82699027504e-06,1.90193406595e-06,3.79948079738e-08,4.96419912505e-05,1.35150070685e-08,1.90193406595e-06,1.82699027504e-06,1.90193406595e-06,0.331081483096,0.337781345032,0.331076216654
161,0.0939136343015,0.000567810551558,0.0295605047148,0.146980295093,0.0439145561882,0.0596410547398,0.0547332592268,0.158331549274,0.0846751107605,0.0572378830843,0.191809413103,0.0786349289622,1,0.01,30,13,1,4,20,4.04140142817e-05,3.88215408671e-05,4.04140142817e-05,9.53563025294e-05,0.00015280681875,7.17207623867e-05,4.04140142817e-05,3.88215408671e-05,4.04140142817e-05,0.33091651904,0.337613042715,0.330911255222
162,0.0239568883196,0.183019509616,0.101924063484,0.0362802360657,0.0198112774023,0.16653412451,0.171605189246,0.166732338333,0.00446298525399,0.026196475421,0.0239449917432,0.0755319206055,1,0.01,30,13,1,4,20,0.000352339222671,0.000338455651464,0.000352339222671,0.0012614954386,0.00156922418875,0.000586942806925,0.000352339222671,0.000338455651464,0.000352339222671,0.329279304873,0.335942697402,0.329274067097
163,0.00469425655522,0.0417858703158,0.0210370588427,0.0970534924869,0.0162957569505,0.0189009976939,0.0190439018663,0.0718999685837,0.302107902558,0.0224507794506,0.103645270676,0.28108474402,1,0.01,30,13,1,4,20,0.000163942630711,0.00015748263693,0.000163942630711,0.00916850002194,0.000188355835263,0.000886706355386,0.000163942630711,0.00015748263693,0.000163942630711,0.327388592722,0.334013724246,0.327383385022
164,0.0492588307014,0.0196985918656,0.264227737851,0.0348826728483,0.150730260198,0.0915986792896,0.0426262002482,0.0110171108243,0.014344723662,0.0612332278323,0.189009797755,0.071372166924,1,0.01,30,13,1,4,20,4.4963090566e-05,4.3191365395e-05,4.4963090566e-05,0.0129868316576,0.000187785058664,0.00040682519929,4.4963090566e-05,4.3191365395e-05,4.4963090566e-05,0.32651667655,0.333124163723,0.326511482719
165,0.0400709304618,0.0461880573367,0.226252306321,0.0695788767131,0.00789931047859,0.00168718219717,0.12400068274,0.0840925376097,0.0378555955024,0.0828790873119,0.167779526584,0.111715906744,1,0.01,30,13,1,4,20,4.24801608554e-08,4.08062730219e-08,4.24801608554e-08,0.000594746204829,4.13767863332e-08,0.00326312778837,4.24801608554e-08,4.08062730219e-08,4.24801608554e-08,0.329824219983,0.336498639574,0.32981897354
166,0.0177120948669,0.000398876383592,0.0436962099632,0.0189831164082,0.169643395297,0.105417184172,0.0325807273159,0.117538181696,0.0893412427794,0.117667691282,0.0338325596381,0.253188720198,1,0.01,30,13,1,4,20,7.26392493124e-06,6.97769730589e-06,7.26392493124e-06,5.53220798558e-06,1.07156585488e-05,9.1044868053e-06,7.26392493124e-06,6.97769730589e-06,7.26392493124e-06,0.331079030219,0.337778842518,0.331073763815
167,0.027855055548,0.138802471598,0.168721527966,0.0493704373782,0.0362274967921,0.015782245073,0.0154835724974,0.153506065147,0.0442117939889,0.194932958061,0.0228185145416,0.132287861408,1,0.01,30,13,1,4,20,1.24016561312e-05,1.19129813971e-05,1.24016561312e-05,4.03597383033e-05,2.52623752228e-05,0.000821821016238,1.24016561312e-05,1.19129813971e-05,1.24016561312e-05,0.33078351792,0.337477350145,0.330778256217
168,0.0346231068089,0.00697183518698,0.0135241898174,0.0518630148005,0.00389039405293,0.18683310545,0.0241626143664,0.0438811788428,0.0051856968445,0.437283353383,0.0218691100314,0.169912400415,1,0.01,30,13,1,4,20,4.44147701194e-06,4.26646509618e-06,4.44147701194e-06,0.000134328525757,7.46133112535e-05,0.000457371983492,4.44147701194e-06,4.26646509618e-06,4.44147701194e-06,0.330872340266,0.337567969926,0.33086707715
169,0.0340230263758,0.00303708296258,0.0100869061513,0.155234581391,0.024330022232,0.0111038442373,0.0616571009801,0.227408506435,0.102991731314,0.201986347739,0.0644165845852,0.103724265596,1,0.01,30,13,1,4,20,9.99342211395e-06,9.59964140891e-06,9.99342211395e-06,0.0293449802062,0.000275448723067,0.00217861849786,9.99342211395e-06,9.59964140891e-06,9.99342211395e-06,0.320553355638,0.3270401673,0.320548256664
170,0.0404117997068,0.058760872829,0.107950968117,0.264787973513,0.156436918443,0.0727240287468,0.0340419097198,0.0893189201864,0.00348074185728,0.0830946380671,0.006542160957,0.0824490678568,1,0.01,30,13,1,4,20,5.78074935046e-05,5.55296476086e-05,5.78074935046e-05,0.0212461040211,0.000771557709872,0.0126410327225,5.78074935046e-05,5.55296476086e-05,5.78074935046e-05,0.319512781467,0.325978535766,0.319507699045
171,0.0207897132342,0.088460529061,0.155258595788,0.0123478218762,0.301735389605,0.0985389748079,0.120083627466,0.0774464730295,0.0594520134474,0.00550805990722,0.037208198313,0.0231706034642,1,0.01,30,13,1,4,20,0.000924870758933,0.000888427160797,0.000924870758933,0.0538942887728,0.00346903547155,0.0287499870925,0.000924870758933,0.000888427160797,0.000924870758933,0.300776180248,0.306862775193,0.300771395865
172,0.051559800761,0.0192708195052,0.0649354639543,0.00446606926299,0.0306322718805,0.11599467669,0.016417844672,0.0939627055293,0.148505399463,0.293133098548,0.0910016780309,0.070120171703,1,0.01,30,13,1,4,20,3.47804917825e-06,3.34100016321e-06,3.47804917825e-06,1.00392799584e-06,5.08795357418e-06,5.26223095482e-06,3.47804917825e-06,3.34100016321e-06,3.47804917825e-06,0.331091087332,0.337791143622,0.331085820737
173,0.0136528518395,0.242973034568,0.0900104593247,0.00472313620996,0.02835168732,0.176951122593,0.103933280826,0.00259441814514,0.0665542909926,0.0180677186505,0.138637294962,0.113550704568,1,0.01,30,13,1,4,20,6.35946732057e-05,6.10887893387e-05,6.35946732057e-05,0.00023561868933,0.000137999452471,0.000107268481085,6.35946732057e-05,6.10887893387e-05,6.35946732057e-05,0.3308177647,0.337512289953,0.330812502452
174,0.0537693082093,0.00342398721933,0.0637695560362,0.211019425812,0.0316622775249,0.267569851103,0.112173259469,0.00503163112253,0.0415136023895,0.0595716191186,0.12827878022,0.0222167017756,1,0.01,30,13,1,4,20,0.000454210781027,0.000436313063953,0.000454210781027,0.0113063893499,0.000209440198034,0.00245270585226,0.000454210781027,0.000436313063953,0.000454210781027,0.325586172387,0.332174829604,0.325580993357
175,0.201404707576,0.00303562393112,0.0389330675538,0.322269116446,0.0337873741337,0.0689636253748,0.0139097659106,0.122978494996,0.00255529970052,0.0326979677365,0.0609509182715,0.0985140383687,1,0.01,30,13,1,4,20,0.000521404145153,0.000500858741431,0.000521404145153,0.0518824586736,0.00121994404392,0.00835502018143,0.000521404145153,0.000500858741431,0.000521404145153,0.309730788943,0.315998591974,0.309725862121
176,0.0158794427492,0.10305387406,0.152344094392,0.0108715773753,0.0176140469943,0.00905213677223,0.122396569061,0.0610980317055,0.0783699752726,0.19092235405,0.170671471915,0.0677264256532,1,0.01,30,13,1,4,20,1.19995915504e-05,1.15267597649e-05,1.19995915504e-05,0.00119933247189,0.0014264528244,5.2647071712e-05,1.19995915504e-05,1.15267597649e-05,1.19995915504e-05,0.330191306655,0.336873154719,0.330186054372
177,0.0855545253909,0.189699399644,0.0927973917413,0.00372165772279,0.122561575213,0.00482883280932,0.0291303350629,0.0641992304555,0.252413179428,0.0346517323195,0.104957983039,0.0154841571739,1,0.01,30,13,1,4,20,0.000124268629066,0.000119371949249,0.000124268629066,0.0607279117311,0.000146530333053,0.000564285740846,0.000124268629066,0.000119371949249,0.000124268629066,0.310515569667,0.316799253751,0.310510630362
178,0.00104544699829,0.139832024798,0.0591792419145,0.0458108523438,0.248964513652,0.164464824977,0.0754764821424,0.00954387130527,0.0476079221477,0.0498147710376,0.14954633953,0.00871370915237,1,0.01,30,13,1,4,20,0.000101966798565,9.7948899854e-05,0.000101966798565,0.00021724006696,0.000111923385327,0.000257443299321,0.000101966798565,9.7948899854e-05,0.000101966798565,0.330707531403,0.337399825943,0.330702270909
179,0.0449770024259,0.161044274732,0.033102510475,0.0285373973799,0.0493143434241,0.0527209334065,0.043855199833,0.0363292181744,0.109165132529,0.0333290821784,0.293256851815,0.114368053627,1,0.01,30,13,1,4,20,7.8547019089e-06,7.54519531343e-06,7.8547019089e-06,3.19566927829e-06,5.33080585858e-05,5.52926586725e-06,7.8547019089e-06,7.54519531343e-06,7.8547019089e-06,0.33106572697,0.33776527006,0.331060460778
180,0.0354912810507,0.0779127494801,0.0288670933106,0.146520216799,0.00293469572544,0.0522189615368,0.232024629152,0.123896069005,0.128016089116,0.0193575473879,0.124306691705,0.0284539757315,1,0.01,30,13,1,4,20,2.94927130687e-05,2.83305824978e-05,2.94927130687e-05,0.0542564628678,0.00186027840499,0.00231625372727,2.94927130687e-05,2.83305824978e-05,2.94927130687e-05,0.311696582556,0.318004165962,0.311691624465
181,0.0659022057391,0.0107330660595,0.0103653407371,0.0951727916976,0.203946490258,0.113367900319,0.122176849938,0.0981257509941,0.0304753733096,0.156156789395,0.0125324091165,0.0810450324366,1,0.01,30,13,1,4,20,5.5075902332e-05,5.29056920272e-05,5.5075902332e-05,0.0334452619162,0.00173588847455,0.00147378600424,5.5075902332e-05,5.29056920272e-05,5.5075902332e-05,0.318857177765,0.325309665075,0.318852105772
182,0.0133846257645,0.0413379267933,0.0187019309025,0.0485849680503,0.0318875667464,0.0106966326177,0.254305674387,0.134537594738,0.128605482806,0.229495201933,0.0132540634907,0.0752083317705,1,0.01,30,13,1,4,20,0.000163747704161,0.000157295391264,0.000163747704161,0.00196234503598,0.000546553576079,0.000259151883165,0.000163747704161,0.000157295391264,0.000163747704161,0.329864129259,0.336539356466,0.329858882181
183,0.02122800867,0.038750118064,0.162709861479,0.0111639412487,0.0315644877132,0.00899711887375,0.0294993853856,0.267021586564,0.090511778446,0.105020968833,0.0107063912123,0.22282635351,1,0.01,30,13,1,4,20,2.18824551044e-05,2.10201990622e-05,2.18824551044e-05,0.00265622193025,0.000910574358302,6.14299178284e-05,2.18824551044e-05,2.10201990622e-05,2.18824551044e-05,0.329857452816,0.336532544916,0.329852205843
184,0.0706252970071,0.114944422548,0.122486250257,0.0536838179652,0.0665710713609,0.194911519833,0.0774904110991,0.0221405793455,0.091298951973,0.0300216429811,0.0566589005965,0.0991671350337,1,0.01,30,13,1,4,20,0.000128133528072,0.000123084555813,0.000128133528072,0.0586875361607,0.000436664564042,0.01188822041,0.000128133528072,0.000123084555813,0.000128133528072,0.307338126663,0.313557511078,0.307333237901
185,0.0292463340704,0.039654739391,0.0629228825833,0.105538400444,0.111365525172,0.120913060503,0.0280885909502,0.00525295382172,0.168218507481,0.234691337913,0.0497428406548,0.0443648270161,1,0.01,30,13,1,4,20,1.27485324829e-05,1.22461894364e-05,1.27485324829e-05,4.09847214699e-06,0.000551608182603,1.34988761271e-05,1.27485324829e-05,1.22461894364e-05,1.27485324829e-05,0.330888206862,0.337584157604,0.330882943494
186,0.0159165686671,0.0787850397212,0.0206296719653,0.157822221994,0.132921865782,0.0474812864894,0.0115768045498,0.214020969168,0.0893518417816,0.178694653387,0.046397859712,0.00640121678153,1,0.01,30,13,1,4,20,0.000126512362678,0.000121527270804,0.000126512362678,0.000431503792484,0.000279451826007,0.000117978243258,0.000126512362678,0.000121527270804,0.000126512362678,0.330579174509,0.337268871581,0.330573916056
187,0.0162530217776,0.0400780690786,0.206128656375,0.0686424843582,0.0215004922498,0.0530394192119,0.116982312277,0.0308844266569,0.0425769928643,0.15578866394,0.0661577449343,0.181967716276,1,0.01,30,13,1,4,20,7.28157077249e-06,6.99464783059e-06,7.28157077249e-06,1.73762048784e-06,4.75851728948e-06,0.000626071956235,7.28157077249e-06,6.99464783059e-06,7.28157077249e-06,0.330877945481,0.33757368857,0.330872682276
188,0.0254719830255,0.076568898513,0.00693306414848,0.107224539024,0.0343857555976,0.0367080051275,0.156273986764,0.0607430439457,0.0469053941698,0.189028229772,0.176353449107,0.0834036508046,1,0.01,30,13,1,4,20,1.58825645291e-06,1.52567281152e-06,1.58825645291e-06,3.02504104817e-07,1.12932674637e-06,3.14121758447e-07,1.58825645291e-06,1.52567281152e-06,1.58825645291e-06,0.33109797358,0.337798169222,0.331092706875
189,0.00929393915573,0.168342549034,0.0145402430481,0.0819736333184,0.0301870967011,0.0492872663649,0.218918057014,0.0982365412606,0.00563374812113,0.0620379707457,0.0610532697391,0.200495685498,1,0.01,30,13,1,4,20,6.03095413267e-06,5.79331047634e-06,6.03095413267e-06,1.74963344439e-06,2.44608348923e-06,5.8057333703e-06,6.03095413267e-06,5.79331047634e-06,6.03095413267e-06,0.331086530188,0.337786494259,0.331081263665
190,0.0242006536525,0.0450251196505,0.182161690406,0.00367019429237,0.186101440196,0.0374190113051,0.0232196556149,0.20515564673,0.124405936982,0.00659157223333,0.0154296844248,0.146619394512,1,0.01,30,13,1,4,20,0.000972355613405,0.000934040922538,0.000972355613405,0.0582615858393,0.00484600107939,0.000845476460025,0.000972355613405,0.000934040922538,0.000972355613405,0.308020380412,0.314253571114,0.308015480797
191,0.0947124936634,0.0149712824988,0.0764342126063,0.146548847114,0.024004927899,0.0633203932559,0.0352314097846,0.00351795288109,0.0959851081193,0.0713400201882,0.254306095333,0.119627256657,1,0.01,30,13,1,4,20,5.78593584015e-05,5.55794688217e-05,5.78593584015e-05,0.000438374204711,0.000171696854539,0.000165470770828,5.78593584015e-05,5.55794688217e-05,5.78593584015e-05,0.33073144805,0.337424226574,0.330726187175
192,0.00585629293418,0.069311415606,0.075273683779,0.106178013549,0.0904319310536,0.144626788268,0.0256968910243,0.0501829491705,0.0468983416358,0.0691367860656,0.150108830832,0.166298076082,1,0.01,30,13,1,4,20,4.53011461082e-05,4.35161001999e-05,4.53011461082e-05,0.000197088767579,9.02062961274e-05,6.69197146867e-06,4.53011461082e-05,4.35161001999e-05,4.53011461082e-05,0.330915512227,0.337612015528,0.330910248425
193,0.312241416649,0.0252691919081,0.0128134201463,0.00668287091321,0.0300459210398,0.0657816905086,0.026841454416,0.127451591389,0.0500682709938,0.172770829203,0.0949595256301,0.0750738172021,1,0.01,30,13,1,4,20,8.01371982275e-06,7.69794728699e-06,8.01371982275e-06,0.0234337835205,0.000463771015277,0.000148103328246,8.01371982275e-06,7.69794728699e-06,8.01371982275e-06,0.323124397074,0.329663237085,0.323119257203
194,0.0406039849965,0.0161187019851,0.0634960810355,0.0890331241711,0.00700834800509,0.198691150858,0.103605873301,0.194126425825,0.152338450068,0.0209427823079,0.0303104738686,0.0837246035776,1,0.01,30,13,1,4,20,0.000740782718952,0.000711592924102,0.000740782718952,0.0466816008922,0.00135157907353,0.00238881291417,0.000740782718952,0.000711592924102,0.000740782718952,0.312954542879,0.319287582739,0.312949564778
195,0.0410500186593,0.0219744757653,0.0148143788889,0.0285471905908,0.299740246566,0.0614519074016,0.0530604889427,0.133907498265,0.151385972859,0.114938458866,0.075175778843,0.00395358435165,1,0.01,30,13,1,4,20,6.20479447932e-05,5.96030081971e-05,6.20479447932e-05,5.55096582068e-05,8.45703521113e-05,4.70449623505e-05,6.20479447932e-05,5.96030081971e-05,6.20479447932e-05,0.330918062058,0.337614616958,0.330912798215
196,0.0712730364289,0.0470907123664,0.111717714382,0.0419534480242,0.287579451705,0.241396910592,0.016978321262,0.0277232186547,0.0594050467928,0.0866247271631,0.000401836730486,0.0078555758985,1,0.01,30,13,1,4,20,0.000641168022967,0.000615903444602,0.000641168022967,0.000984967356651,0.000308937688548,0.00140959370557,0.000641168022967,0.000615903444602,0.000641168022967,0.328949512018,0.335606230762,0.328944279488
197,0.342946084032,0.00164289953203,0.160204706179,0.0129350498697,0.102016190924,0.00856120035402,0.0856065082361,0.110834258968,0.0272292676523,0.0972759394315,0.0495237593399,0.00122413548134,1,0.01,30,13,1,4,20,4.80964278017e-06,4.62012366415e-06,4.80964278017e-06,0.147838426805,0.00417686721967,7.79633335051e-05,4.80964278017e-06,4.62012366415e-06,4.80964278017e-06,0.280733905268,0.286414918861,0.280729439694
198,0.0380588955966,0.0617836958412,0.0180155918869,0.0453218065588,0.00446268952115,0.0804002742022,0.136699189229,0.0486732823987,0.21703749386,0.304332227942,0.00424980615922,0.0409650468044,1,0.01,30,13,1,4,20,3.19877821221e-05,3.07273358753e-05,3.19877821221e-05,7.82959970017e-05,9.24228451054e-05,2.1162346715e-05,3.19877821221e-05,3.07273358753e-05,3.19877821221e-05,0.330975420713,0.33767313634,0.330970155958
199,0.379277286857,0.0361837832114,0.0435874192044,0.070280432843,0.0133002095448,0.000747422016902,0.00325234088722,0.220772759569,0.00947141583634,0.0689261467402,0.0713160964551,0.0828846868349,1,0.01,30,13,1,4,20,3.3059109546e-05,3.1756448724e-05,3.3059109546e-05,4.49396910502e-05,0.000386210355468,0.00183836981948,3.3059109546e-05,3.1756448724e-05,3.3059109546e-05,0.330285410732,0.336969163114,0.330280156952
200,0.154587893509,0.0579531188731,0.0699726258439,0.0619716232124,0.11155275105,0.0494370941684,0.12438812431,0.00107373706957,0.0153887521725,0.0969010654852,0.128755661907,0.128017552399,1,0.01,30,13,1,4,20,8.84924594706e-05,8.50055034826e-05,8.84924594706e-05,0.00389680067622,0.000498666671766,0.000324927720216,8.84924594706e-05,8.50055034826e-05,8.84924594706e-05,0.329365243871,0.336030375487,0.329360004729
201,0.00283698305442,0.064123921415,0.00935095945172,0.0497843306049,0.124882204093,0.05108668494,0.0188501672249,0.139632891463,0.016546701709,0.153326912447,0.12505947337,0.244518770227,1,0.01,30,13,1,4,20,3.34505054093e-06,3.21324220287e-06,3.34505054093e-06,0.000900213455886,0.000218104419303,0.000980628714254,3.34505054093e-06,3.21324220287e-06,3.34505054093e-06,0.330400142732,0.337086216865,0.330394887127
202,0.0652521917566,0.178586143637,0.0344776338819,0.267203999734,0.0538794658266,0.0409553842414,0.0924113728214,0.0121001274528,0.109655882844,0.0965979696667,0.0482929809681,0.000586847169935,1,0.01,30,13,1,4,20,0.00120808897156,0.00116048544581,0.00120808897156,0.0344184717616,0.000397643802038,0.00549847383807,0.00120808897156,0.00116048544581,0.00120808897156,0.315384959367,0.321767181848,0.315379942606
203,0.0877653644309,0.0577067726916,0.0386352830028,0.123163131385,0.148040791559,0.0347274650469,0.0858044980379,0.0464811006917,0.11274893292,0.0963354913184,0.0705316878358,0.0980594810799,1,0.01,30,13,1,4,20,1.37627080739e-05,1.32204024626e-05,1.37627080739e-05,1.60923415829e-06,0.000343075982323,4.22104554624e-06,1.37627080739e-05,1.32204024626e-05,1.37627080739e-05,0.330959160009,0.337656546579,0.330953895512
204,0.093378863287,0.305580940152,0.0932902077527,0.0167960198993,0.0047303768204,0.0011541868211,0.0495824418179,0.172314795437,0.0131629450523,0.228609449138,0.0184755757342,0.00292419808782,1,0.01,30,13,1,4,20,1.01570343077e-05,9.75680662939e-06,1.01570343077e-05,0.0125413512071,0.000222094452835,0.0018499581664,1.01570343077e-05,9.75680662939e-06,1.01570343077e-05,0.326243230092,0.332845183722,0.32623804061
205,0.0409976495889,0.273767072945,0.120317023275,0.120249560672,0.0228499502851,0.0222061216639,0.0382079163469,0.0770136872237,0.0338883795845,0.0950835855006,0.0804943742258,0.0749246786886,1,0.01,30,13,1,4,20,0.000108801543033,0.00010451432812,0.000108801543033,0.0433152906083,0.00303980407915,0.000257081907452,0.000108801543033,0.00010451432812,0.000108801543033,0.315454988944,0.321838628564,0.315449971069
206,0.121664177823,0.0293380366555,0.168921755132,0.0139765612887,0.0594496333347,0.0571120320399,0.0255069771541,0.155599362265,0.0194548935379,0.0411705464474,0.161362507017,0.146443517305,1,0.01,30,13,1,4,20,2.31148460022e-05,2.22040288415e-05,2.31148460022e-05,3.68951040144e-05,2.87123177716e-05,9.59040126676e-05,2.31148460022e-05,2.22040288415e-05,2.31148460022e-05,0.331002871728,0.337701142861,0.330997606535
207,0.0222123812347,0.169408361112,0.0173034730791,0.0587894897839,0.196993825188,0.00505128780319,0.00735603165132,0.0374342239808,0.0954566178216,0.216376767048,0.163689196249,0.00992834504778,1,0.01,30,13,1,4,20,0.000102564818116,9.85233550483e-05,0.000102564818116,0.000849248800425,0.00033532420023,2.27247710812e-06,0.000102564818116,9.85233550483e-05,0.000102564818116,0.330507618934,0.337195867986,0.33050236162
208,0.019432516529,0.0331217804725,0.145791723742,0.0478925998812,0.0556327744296,0.0292714658321,0.131028970004,0.110547086992,0.0401419866392,0.00482933423658,0.0457529078164,0.336556853425,1,0.01,30,13,1,4,20,1.63064637841e-05,1.56639240483e-05,1.63064637841e-05,0.0156023983909,0.000488695218609,0.00319625619751,1.63064637841e-05,1.56639240483e-05,1.63064637841e-05,0.324683622735,0.331254015693,0.324678458062
209,0.0582651248721,0.0442349039132,0.0687410583247,0.178885616145,0.00162848645244,0.045569160983,0.0855354061578,0.104373897798,0.00845333832182,0.21207197871,0.0828602733164,0.109380755006,1,0.01,30,13,1,4,20,1.93011959708e-05,1.85406518378e-05,1.93011959708e-05,4.54733004074e-05,0.000405353241516,2.15215081461e-05,1.93011959708e-05,1.85406518378e-05,1.93011959708e-05,0.33090742993,0.337603769675,0.330902166256
210,0.0444890107442,0.0300328657356,0.0480750693403,0.00027141680113,0.0362902474348,0.0192833938755,0.107192429355,0.091481870037,0.0227658363187,0.1945339279,0.354697976142,0.0508859563159,1,0.01,30,13,1,4,20,2.73991958938e-05,2.63195582528e-05,2.73991958938e-05,0.000230752740002,2.82018900105e-05,8.94049294321e-05,2.73991958938e-05,2.63195582528e-05,2.73991958938e-05,0.330932606463,0.337629455688,0.330927342389
211,0.15798008163,0.0231550006205,0.0675741942226,0.0493567406446,0.104264517903,0.100478703683,0.184147072176,0.0483695688817,0.0333184314062,0.214849638135,0.0151473857156,0.00135866498203,1,0.01,30,13,1,4,20,4.50426966307e-05,4.32678346631e-05,4.50426966307e-05,4.70136255779e-05,9.15963093525e-06,0.000115522079063,4.50426966307e-05,4.32678346631e-05,4.50426966307e-05,0.330956509907,0.337653842849,0.330951245452
212,0.165524784511,0.0290570709333,0.00659458380412,0.0910484631567,0.221339791269,0.0816656022681,0.277531576225,0.0322475219575,0.00537746775883,0.0231736623376,0.00947497354496,0.0569645022338,1,0.01,30,13,1,4,20,0.000907378046043,0.000871623730591,0.000907378046043,0.00235487545595,0.00530730930472,0.00192423429087,0.000907378046043,0.000871623730591,0.000907378046043,0.32614865649,0.332748696301,0.326143468513
213,0.0313428668721,0.0298260658304,0.152335719629,0.0359909321623,0.0589006334217,0.059478097498,0.0930660808476,0.0976488144953,0.0192560338757,0.0331068462884,0.120561875698,0.268486033382,1,0.01,30,13,1,4,20,8.05573077035e-07,7.73830283563e-07,8.05573077035e-07,1.88947529075e-05,0.000904865210326,3.57984031115e-07,8.05573077035e-07,7.73830283563e-07,8.05573077035e-07,0.33079410914,0.337488155692,0.330788847268
214,0.0403701809744,0.0830389444846,0.0267175078181,0.00902270216051,0.158634199847,0.100658788893,0.130643762573,0.128880202944,0.2121166896,0.0603077440058,0.00183112891413,0.0477781477857,1,0.01,30,13,1,4,20,0.00130323275451,0.00125188018408,0.00130323275451,0.0150120413126,0.00479715347747,0.00305276563958,0.00130323275451,0.00125188018408,0.00130323275451,0.320977022926,0.327472408045,0.320971917213
215,0.0286318951555,0.0585351267811,0.0353221948882,0.0446785846024,0.29668059584,0.113961546967,0.0424038525426,0.0646841392254,0.00166406605004,0.056760571075,0.0583504806901,0.198326946183,1,0.01,30,13,1,4,20,2.40102786519e-05,2.3064177872e-05,2.40102786519e-05,4.7006727853e-06,0.000609446597725,0.000263942309432,2.40102786519e-05,2.3064177872e-05,2.40102786519e-05,0.330763856,0.337457290341,0.33075859461
216,0.109215453947,0.0182801424394,0.123869564489,0.0116133522815,0.0427487526625,0.0176778933414,0.0523021935371,0.0797716106956,0.337980823698,0.0432495956378,0.0954722926827,0.0678183245878,1,0.01,30,13,1,4,20,8.95434472876e-05,8.60150781861e-05,8.95434472876e-05,0.019414429302,0.000511502343619,0.000109236213015,8.95434472876e-05,8.60150781861e-05,8.95434472876e-05,0.324292436615,0.330854913416,0.324287278164
217,0.196306461425,0.0269729043248,0.049195086835,0.0561545590765,0.0509581917345,0.0455283873799,0.0617830856365,0.0587309039864,0.0345707436376,0.270069108505,0.0704670596851,0.0792635077743,1,0.01,30,13,1,4,20,1.86331831257e-06,1.78989613641e-06,1.86331831257e-06,1.07629177135e-05,0.000729460902788,2.09569919428e-06,1.86331831257e-06,1.78989613641e-06,1.86331831257e-06,0.330852229175,0.337547451861,0.330846966379
218,0.0544211586475,0.0894395033218,0.00772648522384,0.156277921932,0.0167604968689,0.00551171198896,0.00949646020435,0.0250648267398,0.0595297703511,0.137136704989,0.168124821788,0.270510137945,1,0.01,30,13,1,4,20,5.40155654606e-06,5.18871366594e-06,5.40155654606e-06,3.96574878827e-06,4.35533181013e-05,1.05445614784e-06,5.40155654606e-06,5.18871366594e-06,5.40155654606e-06,0.331074992855,0.337774723453,0.331069726516
219,0.00546071646338,0.0614598214338,0.163169113553,0.000652257054237,0.0721264576767,0.0533400438379,0.0104367854252,0.212736755782,0.0489969349647,0.0504114864488,0.26587534496,0.0553342824002,1,0.01,30,13,1,4,20,6.87504412996e-06,6.60413995981e-06,6.87504412996e-06,0.00928855279205,5.54074840395e-05,0.0038225331952,6.87504412996e-06,6.60413995981e-06,6.87504412996e-06,0.326728738916,0.333340517445,0.326723541712
220,0.188459251626,0.126849393638,0.0263252316173,0.048593680333,0.0946388293626,0.210068280605,0.00546606074603,0.0876014381128,0.0124658108407,0.0068232909798,0.0650857210522,0.127623011087,1,0.01,30,13,1,4,20,8.77812194166e-05,8.43222891245e-05,8.77812194166e-05,0.000130584761366,0.00145650863998,0.000127400337705,8.77812194166e-05,8.43222891245e-05,8.77812194166e-05,0.330361897205,0.33704719739,0.330356642209
221,0.0320856649805,0.107826988113,0.141074696315,0.00645630506528,0.00629431173392,0.0206882514282,0.0783230275744,0.0672855682318,0.196681330312,0.106259285301,0.0803334012374,0.156691169707,1,0.01,30,13,1,4,20,2.12498968052e-05,2.0412566084e-05,2.12498968052e-05,0.0187215707713,0.00244080882022,0.000799040478473,2.12498968052e-05,2.0412566084e-05,2.12498968052e-05,0.323788541935,0.330340821776,0.3237833915
222,0.140815443659,0.00467142231661,0.0332939130237,0.0288381004285,0.407906789623,0.0940188607994,0.123515595757,0.120044952629,0.00680565744272,0.0120376247317,0.0218876343649,0.00616400522572,1,0.01,30,13,1,4,20,0.00068754282203,0.000660450891546,0.00068754282203,0.129677309575,0.0363432996617,0.015444563078,0.00068754282203,0.000660450891546,0.00068754282203,0.269670305618,0.275127432966,0.26966601603
223,0.0678454616329,0.0664402070164,0.122446299207,0.208323795681,0.0565494371953,0.119107485507,0.0773104861675,0.106988107917,0.0536955307763,0.00454389288759,0.059922736482,0.0568265595299,1,0.01,30,13,1,4,20,0.000208724138991,0.000200499575106,0.000208724138991,0.000134539669215,0.000345443485521,7.10241799717e-05,0.000208724138991,0.000200499575106,0.000208724138991,0.330510018898,0.337198316516,0.330504761545
224,0.036200329267,0.0508748542765,0.0402596120743,0.041118543581,0.311330706154,0.0904615479984,0.00529759599599,0.0482449746276,0.277842338943,0.0322076018251,0.00608642072823,0.0600754745284,1,0.01,30,13,1,4,20,0.000777345085561,0.000746714587583,0.000777345085561,0.00255438986349,0.00275339617512,0.000524189603512,0.000777345085561,0.000746714587583,0.000777345085561,0.327646690725,0.334277045196,0.327641478919
225,0.0495480340282,0.0445100746773,0.0203628665851,0.0219333126949,0.0737789959344,0.149603286946,0.171430613873,0.0566104162265,0.033024787667,0.0963905426804,0.201816604172,0.0809904645151,1,0.01,30,13,1,4,20,7.45447948417e-06,7.16074324912e-06,7.45447948417e-06,2.08392504172e-06,0.000279097710028,9.08253684504e-06,7.45447948417e-06,7.16074324912e-06,7.45447948417e-06,0.330990943889,0.337688973647,0.330985678887
226,0.026060846487,0.166820968865,0.0191430094959,0.0517865415311,0.0252042076957,0.0338460938412,0.0149067003873,0.00889092269822,0.172862855927,0.17213698557,0.194783710778,0.113557156723,1,0.01,30,13,1,4,20,0.000175610056024,0.000168690319132,0.000175610056024,0.00445557848819,0.000594613562558,1.94317297576e-05,0.000175610056024,0.000168690319132,0.000175610056024,0.329078818174,0.335738153596,0.329073583587
227,0.0217694204698,0.166596180235,0.108187230525,0.0242506886772,0.146047636925,0.042504857099,0.0587132661691,0.158405355092,0.108196598841,0.116023321133,0.0369371654866,0.0123682793464,1,0.01,30,13,1,4,20,0.000139083421187,0.000133602979449,0.000139083421187,0.000117291744552,3.88846003309e-05,0.000983259335384,0.000139083421187,0.000133602979449,0.000139083421187,0.330451721071,0.337138838958,0.330446464646
228,0.184117391245,0.102070719189,0.145115050371,0.0155115773842,0.0644543572986,0.0208381764189,0.00824689105496,0.164245477626,0.055454755614,0.193925505904,0.0185375783403,0.0274825195548,1,0.01,30,13,1,4,20,0.000104627534977,0.000100504792635,0.000104627534977,0.0509346821871,0.000532633618934,0.00366181928811,0.000104627534977,0.000100504792635,0.000104627534977,0.312643193012,0.318969932305,0.312638219863
229,0.0444908493023,0.215088145311,0.173674082641,0.000215038021496,0.0465729692015,0.152336003979,0.00875341736286,0.295647237271,0.0192164810078,0.0349210376404,0.000849991450235,0.00823474681091,1,0.01,30,13,1,4,20,0.00203901380543,0.00195866852584,0.00203901380543,0.0317896947709,0.0522973657178,0.0314438375759,0.00203901380543,0.00195866852584,0.00203901380543,0.288851672418,0.294696959527,0.288847077716
230,0.218228593217,0.0144205467531,0.105249811546,0.0192509553909,0.0767756572775,0.0562060389021,0.00356982202797,0.23556913111,0.0556571201548,0.0119780502205,0.202943389962,0.000150883437806,1,0.01,30,13,1,4,20,2.8075694084e-05,2.69693997151e-05,2.8075694084e-05,2.1536364488e-06,0.000752147050411,2.72890855819e-05,2.8075694084e-05,2.69693997151e-05,2.8075694084e-05,0.330787836932,0.337481756558,0.330782575161
231,0.00368554776148,0.127553727146,0.212702130287,0.162768937443,0.0561338821078,0.0119914665894,0.0449140499661,0.0464781142846,0.110286503315,2.6550068984e-05,0.150049687726,0.0734094033047,1,0.01,30,13,1,4,20,1.57568313759e-05,1.51359493499e-05,1.57568313759e-05,3.72181690023e-05,5.75024783267e-05,0.00242750818479,1.57568313759e-05,1.51359493499e-05,1.57568313759e-05,0.330235659775,0.336918405382,0.330230406787
232,0.123582183105,0.0606730666607,0.015522020408,0.164512614739,0.138451208933,0.0855385267766,0.0750833527791,0.168616223506,0.0961765259956,0.0100794440411,0.00902182170178,0.0527430113545,1,0.01,30,13,1,4,20,0.00215179798955,0.00206700856309,0.00215179798955,0.0472189611798,0.0140241700445,0.00159739236144,0.00215179798955,0.00206700856309,0.00215179798955,0.306076427904,0.312270280214,0.306071559212
233,0.147798450871,0.0661753773133,0.0122986013851,0.0893113033365,0.0930653732984,0.0145355139508,0.0248337651177,0.0713628024574,0.0300107031813,0.116921351556,0.10973122752,0.223955530013,1,0.01,30,13,1,4,20,1.71478745936e-06,1.64721799146e-06,1.71478745936e-06,2.47473005303e-06,5.85811463125e-06,0.000395185722535,1.71478745936e-06,1.64721799146e-06,1.71478745936e-06,0.330964697932,0.337662196569,0.330959433347
234,0.0407382571938,0.180755002467,0.0233954910962,0.105284457611,0.0370597589436,0.130974719229,0.00729597900613,0.0173277188494,0.0616253013952,0.256615011777,0.106312815172,0.0326154872586,1,0.01,30,13,1,4,20,2.45309008608e-05,2.35642854886e-05,2.45309008608e-05,7.74479801219e-05,0.000207617696589,0.000294858444016,2.45309008608e-05,2.35642854886e-05,2.45309008608e-05,0.330861558391,0.337556969866,0.330856295447
235,0.00372625152689,0.288188020077,0.28212094091,0.0885452314314,0.0582282926093,0.0129354938749,0.0275225484312,0.0547157687383,0.00736366272394,0.0747141593889,0.0248472548499,0.0770923754386,1,0.01,30,13,1,4,20,0.000174968313686,0.000168073864003,0.000174968313686,0.0315758004776,0.000886931424224,0.00294209945194,0.000174968313686,0.000168073864003,0.000174968313686,0.319036038571,0.32549214536,0.319030963732
236,0.029903067962,0.014764500163,0.118969557756,0.00878812026002,0.115929592137,0.0530754038203,0.0105260887886,0.0602702502619,0.279142525473,0.140889095161,0.133686961321,0.0340548368958,1,0.01,30,13,1,4,20,2.3808899845e-05,2.28707341936e-05,2.3808899845e-05,3.22313588816e-05,7.03383521383e-06,5.56422687099e-05,2.3808899845e-05,2.28707341936e-05,2.3808899845e-05,0.33102356371,0.337722253572,0.331018298188
237,0.141820662149,0.155177011697,0.035474961481,0.0270075060951,0.0476087290364,0.00482012852493,0.00644320903713,0.0453481700985,0.0512510369956,0.00284257268643,0.18332718225,0.298878829949,1,0.01,30,13,1,4,20,2.42163694019e-06,2.32621478242e-06,2.42163694019e-06,8.7560951154e-08,4.32073394103e-06,4.67588825683e-05,2.42163694019e-06,2.32621478242e-06,2.42163694019e-06,0.331079976273,0.337779807717,0.331074709855
238,0.101058327889,0.0432941739171,0.317190941195,0.0128654853338,0.0133492506837,0.0878110047921,0.0205956539161,0.0727008053145,0.0268478304596,0.128201935784,0.0884719474837,0.0876126432315,1,0.01,30,13,1,4,20,4.59637446473e-06,4.41525897129e-06,4.59637446473e-06,0.0106189279881,0.000296856591668,8.15457699847e-06,4.59637446473e-06,4.41525897129e-06,4.59637446473e-06,0.327475719754,0.334102614406,0.327470510667
239,0.0621134024463,0.105431462633,0.137119701585,0.0305990595104,0.0234721392594,0.104886570138,0.062160800663,0.0227639404141,0.168964858516,0.207820370641,0.0253062467909,0.0493614474031,1,0.01,30,13,1,4,20,5.44550775135e-06,5.23093301837e-06,5.44550775135e-06,0.0399100307587,0.000640438608389,3.0069656913e-05,5.44550775135e-06,5.23093301837e-06,5.44550775135e-06,0.317654705406,0.324082859133,0.31764965254
240,0.0230264058023,0.219569182885,0.129069590356,0.0368261642749,0.0230857636482,0.125191706777,0.0202832597232,0.01506201633,0.0376823904435,0.349453024693,0.00740378833689,0.0133467067309,1,0.01,30,13,1,4,20,6.53976218082e-05,6.28206945724e-05,6.53976218082e-05,0.00290653693401,0.000325252942127,0.000282027951454,6.53976218082e-05,6.28206945724e-05,6.53976218082e-05,0.329810021416,0.336484153681,0.329804775199
241,0.0481139846532,0.0305859890757,0.220592425351,0.0632081334861,0.0429322639068,0.344439765034,0.0441856759782,0.0491924786671,0.0111901505807,0.0967369733402,0.00703388614471,0.0417882737827,1,0.01,30,13,1,4,20,6.40486452132e-05,6.15248730377e-05,6.40486452132e-05,0.0925206267593,0.00128524554551,0.000438054869225,6.40486452132e-05,6.15248730377e-05,6.40486452132e-05,0.299771775794,0.305838045316,0.299767007389
242,0.0544489076087,0.0189936535546,0.0433178879608,0.0172552202775,0.00218918029624,0.315800598839,0.111066311384,0.0789861816828,0.162957340649,0.0928729099294,0.0239698181951,0.0781419896229,1,0.01,30,13,1,4,20,1.35912441018e-05,1.30556948552e-05,1.35912441018e-05,0.0347003201802,0.000263545659722,0.0148944112319,1.35912441018e-05,1.30556948552e-05,1.35912441018e-05,0.314566861036,0.320932528239,0.314561857288
243,0.0739090114377,0.0924195018986,0.00282321479221,0.0987454243335,0.0117894498181,0.0228309213856,0.104464071747,0.209775717325,0.0741248731958,0.282725333097,0.00204820541372,0.0243442755549,1,0.01,30,13,1,4,20,5.21422391923e-06,5.00876269206e-06,5.21422391923e-06,1.67103189142e-05,5.53296363828e-06,0.00197062618178,5.21422391923e-06,5.00876269206e-06,5.21422391923e-06,0.3304316005,0.337118311221,0.330426344394
244,0.197781847097,0.25596542728,0.0338535286871,0.130688158757,0.00314258841388,0.153166166745,0.056534571947,0.0521473624566,0.0177490149176,0.0341089828783,0.0121376249709,0.0527247258501,1,0.01,30,13,1,4,20,0.000369375215733,0.000354820358426,0.000369375215733,0.000580396828672,0.00119177508691,0.00891883627398,0.000369375215733,0.000354820358426,0.000369375215733,0.326837688634,0.333451671901,0.326832489696
245,0.135122593514,0.00799801023649,0.0337849034924,0.200354235404,0.0321561336314,0.0252866675747,0.0466522275116,0.201690081984,0.0375371603398,0.00462726697759,0.190947687558,0.0838430317762,1,0.01,30,13,1,4,20,2.20283576131e-05,2.116035243e-05,2.20283576131e-05,2.540243488e-05,0.00179893837129,4.41507219823e-06,2.20283576131e-05,2.116035243e-05,2.20283576131e-05,0.330452974394,0.337140117643,0.330447717949
246,0.027966579806,0.11827227616,0.0482379645822,0.0419451032814,0.0762154560212,0.0573814764678,0.149357271513,0.0189987048996,0.156526695464,0.12683750399,0.140931628471,0.037329339343,1,0.01,30,13,1,4,20,2.16905119846e-05,2.08358192673e-05,2.16905119846e-05,1.99252557837e-06,0.000265050788906,8.33412385926e-07,2.16905119846e-05,2.08358192673e-05,2.16905119846e-05,0.330970446433,0.337668061398,0.330965181756
247,0.0383390808542,0.0343063157638,0.00630025870726,0.501559951062,0.0105930012203,0.0698936399271,0.00758434012958,0.0145295804005,0.225777633572,0.0208281694686,0.0160865143643,0.0542015145304,1,0.01,30,13,1,4,20,0.000617761243857,0.000593418985981,0.000617761243857,0.000878041538173,0.00219182366308,0.000501439130896,0.000617761243857,0.000593418985981,0.000617761243857,0.328708069522,0.335359902365,0.328702840833
248,0.154048408624,0.0125490072179,0.126449535816,0.096800132794,0.00670885955399,0.00685813238455,0.214419453673,0.0139018302169,0.0104240993492,0.170075051903,0.0570756033945,0.130689885072,1,0.01,30,13,1,4,20,9.82684107661e-06,9.4396243291e-06,9.82684107661e-06,3.90343859859e-06,2.43686188949e-05,9.37776712188e-06,9.82684107661e-06,9.4396243291e-06,9.82684107661e-06,0.331069933866,0.337769562089,0.331064667607
249,0.0293533056641,0.049625662653,0.160121248607,0.215961646343,0.122382248092,0.083410603256,0.00605079074246,0.0657418779012,0.0982140406467,0.0575139549685,0.0325238499596,0.0791007711665,1,0.01,30,13,1,4,20,4.55367246697e-06,4.37423960262e-06,4.55367246697e-06,0.119953357187,0.000132508375461,0.00634599215514,4.55367246697e-06,4.37423960262e-06,4.55367246697e-06,0.289230939261,0.295083901325,0.289226338527
250,0.13547837395,0.0881791789105,0.100784013131,0.0073263790055,0.0646449341858,0.0633636744583,0.0608678848894,0.204528003123,0.105861254188,0.0511258970359,0.0470456811231,0.0707947259995,1,0.01,30,13,1,4,20,0.000123445829217,0.000118581570997,0.000123445829217,0.0816147411641,0.000408042317224,0.000296990901032,0.000123445829217,0.000118581570997,0.000123445829217,0.303603433481,0.309747241551,0.303598604126
251,0.0170059714871,0.372210355809,0.00701169012548,0.0567294847775,0.0193928663703,0.0204877639787,0.0225061516983,0.0386289729943,0.338897778944,0.00997277467599,0.0678677298566,0.0292884592829,1,0.01,30,13,1,4,20,0.000680441705871,0.000653629587697,0.000680441705871,0.00246476281859,0.000460071515014,0.00290655067058,0.000680441705871,0.000653629587697,0.000680441705871,0.327836866965,0.334471069898,0.327831652134
252,0.186029267108,0.110167242884,0.0311738939077,0.0273100260452,0.0216667580564,0.11816652383,0.109903581926,0.155833066136,0.0485433807355,0.00322968311385,0.0767922238054,0.111184352453,1,0.01,30,13,1,4,20,0.000206262442682,0.000198134879453,0.000206262442682,0.0570837774186,0.00252162843698,0.00472422144896,0.000206262442682,0.000198134879453,0.000206262442682,0.3093976378,0.315658699087,0.309392716278
253,0.0840050950293,0.0781043646218,0.0237817604333,0.0360463095636,0.0168898328836,0.150670439696,0.0843782313018,0.120477799249,0.0640336128143,0.0350849027336,0.250192202809,0.0563354488646,1,0.01,30,13,1,4,20,1.63038530556e-07,1.56614161929e-07,1.63038530556e-07,3.09354863871e-07,2.58977779835e-07,3.50249838625e-07,1.63038530556e-07,1.56614161929e-07,1.63038530556e-07,0.331101041687,0.337801299416,0.331095774933
254,0.0395130388161,0.0090636945007,0.0736777476208,0.237219103992,0.0457661047376,0.0297588681526,0.0543101311547,0.0749896900681,0.133364206214,0.184534505417,0.0937618027515,0.0240411065744,1,0.01,30,13,1,4,20,9.69237252512e-06,9.31045437506e-06,9.69237252512e-06,1.26019284672e-05,1.75283221345e-05,0.000651643804708,9.69237252512e-06,9.31045437506e-06,9.69237252512e-06,0.330856926889,0.337552244639,0.330851664018
255,0.0980313235887,0.116431483046,0.0396115923971,0.133960278694,0.0986653192152,0.0399240927506,0.000998108517532,0.000167858295693,0.169642806568,0.029953045969,0.142550333076,0.130063757883,1,0.01,30,13,1,4,20,9.76021523872e-05,9.37562381506e-05,9.76021523872e-05,0.000523085795755,0.000240046061394,8.59047368635e-05,9.76021523872e-05,9.37562381506e-05,9.76021523872e-05,0.330629197406,0.337319906756,0.330623938158
256,0.0656619158691,0.0098923317063,0.0138212963289,0.174466802895,0.00194402513607,0.237970047893,0.121544097488,0.0251427597773,0.0870994238388,0.0275955789913,0.0239907975748,0.210870922501,1,0.01,30,13,1,4,20,7.23488782726e-05,6.94980437967e-05,7.23488782726e-05,0.0611731867946,0.00353391818721,0.00101673039791,7.23488782726e-05,6.94980437967e-05,7.23488782726e-05,0.309198552943,0.31545558549,0.309193634587
257,0.0702916434186,0.0703970171236,0.115262396946,0.0186927813117,0.0769931990707,0.0883553663061,0.120311186905,0.0598068915,0.0356728684687,0.19265921952,0.00378174456524,0.147775684863,1,0.01,30,13,1,4,20,4.70633552966e-06,4.52088713151e-06,4.70633552966e-06,4.62812893529e-08,8.94995426291e-07,8.0603282997e-06,4.70633552966e-06,4.52088713151e-06,4.70633552966e-06,0.331089458175,0.337789481497,0.331084191606
258,0.0674953014717,0.0319707142374,0.0260942761646,0.0322887880248,0.053708317299,0.0283715790044,0.153278637252,0.124262191826,0.153457676384,0.167276460367,0.0126741129062,0.149121945063,1,0.01,30,13,1,4,20,2.3249373809e-06,2.2333255716e-06,2.3249373809e-06,0.0412899514963,7.19451285209e-05,0.0004751599848,2.3249373809e-06,2.2333255716e-06,2.3249373809e-06,0.31724478827,0.323664646794,0.317239741925
259,0.0268843953564,0.0667983964023,0.0233226424892,0.0434557117805,0.0387365038602,0.0942093021682,0.00393599076717,0.0537618364141,0.104137502044,0.353114894323,0.186538798261,0.00510402613329,1,0.01,30,13,1,4,20,3.74274975794e-06,3.59527048391e-06,3.74274975794e-06,8.34314460518e-06,6.64332626421e-06,0.000234403499082,3.74274975794e-06,3.59527048391e-06,3.74274975794e-06,0.331011754313,0.337710205197,0.33100648898
260,0.0570261380173,0.117476766803,0.0341979163428,0.131831767694,0.0213289856841,0.113734614411,0.028510944209,0.142320106794,0.167078481431,0.0396990854094,0.0862478902131,0.060547302991,1,0.01,30,13,1,4,20,0.000111871720731,0.000107463528566,0.000111871720731,0.000204811567909,0.000727853975128,0.0013140489909,0.000111871720731,0.000107463528566,0.000111871720731,0.330138448188,0.336819226593,0.330133196746
261,0.0280719830809,0.0492697234986,0.0646547358724,0.168432773501,0.132926833953,0.158398373865,0.0902575021741,0.1143714003,0.0711662015937,0.0358096002339,0.0580832918,0.0285575801271,1,0.01,30,13,1,4,20,0.000157991517832,0.000151766021643,0.000157991517832,3.78357030822e-05,0.000171101306322,2.43061733634e-05,0.000157991517832,0.000151766021643,0.000157991517832,0.33071469328,0.33740713275,0.330709432672
262,0.0705366294816,0.0413515271216,0.275290017038,0.0123567316931,0.0057193573911,0.0435267651239,0.0154324598711,0.0473477872401,0.199311579277,0.0587785389927,0.212503312616,0.0178452941537,1,0.01,30,13,1,4,20,7.24511066686e-06,6.9596243986e-06,7.24511066686e-06,0.000139204840197,0.00194830871433,5.78168992525e-06,7.24511066686e-06,6.9596243986e-06,7.24511066686e-06,0.330394367769,0.337080325038,0.330389112257
263,0.00130561993384,0.0465431040614,0.00765421138318,0.0539644793056,0.104967001917,0.0784532488148,0.0373952881246,0.141213004525,0.256930696257,0.0366965499351,0.0254922949042,0.209384500838,1,0.01,30,13,1,4,20,2.32457686797e-05,2.23297926431e-05,2.32457686797e-05,0.019559458461,0.000741689289891,4.64696309461e-05,2.32457686797e-05,2.23297926431e-05,2.32457686797e-05,0.324318961753,0.330881975325,0.32431380288
264,0.14346857328,0.04000128735,0.0342279585231,0.0381517101462,0.108244450942,0.311439868077,0.0347932775399,0.0207397907726,0.0209618474183,0.033800009337,0.121596046954,0.0925751796609,1,0.01,30,13,1,4,20,1.45114021901e-05,1.39395950433e-05,1.45114021901e-05,3.88906718097e-05,2.49758516522e-05,0.00215998272399,1.45114021901e-05,1.39395950433e-05,1.45114021901e-05,0.330336895437,0.337021689679,0.330331640838
265,0.0234453592459,0.0116559915825,0.198158974162,0.0978399824002,0.0179582972921,0.124269232702,0.00774330981587,0.0231778223572,0.116318166547,0.332210538303,0.0237368056402,0.0234855199524,1,0.01,30,13,1,4,20,4.78743745991e-07,4.59879332211e-07,4.78743745991e-07,7.4811755756e-05,3.98798033145e-07,0.00126904428985,4.78743745991e-07,4.59879332211e-07,4.78743745991e-07,0.330655641868,0.337346886356,0.330650382199
266,0.231001926505,0.0203705622734,0.0392939842606,0.00235236286124,0.0560113123503,0.0902258489528,0.171634988505,0.0111118519788,0.0396483401732,0.0631765854527,0.0762447379278,0.198927498759,1,0.01,30,13,1,4,20,2.20011218114e-05,2.11341898275e-05,2.20011218114e-05,1.67815954305e-05,0.000117428679561,7.58402631664e-05,2.20011218114e-05,2.11341898275e-05,2.20011218114e-05,0.330988983824,0.337686973918,0.330983718853
267,0.253491248285,0.00112689034292,0.0538705902877,0.0828626271612,0.136919322529,0.0102901016731,0.0811669754585,0.133563962807,0.0269989662822,0.0063500616762,0.103979336492,0.109379917005,1,0.01,30,13,1,4,20,7.87490702214e-05,7.56460426459e-05,7.87490702214e-05,0.0492100291585,0.000502910382548,0.000400115515332,7.87490702214e-05,7.56460426459e-05,7.87490702214e-05,0.314354760625,0.320716135702,0.314349760251
268,0.120898242206,0.0842551662166,0.0931345939268,0.0305190160451,0.0142100437384,0.035084415256,0.0208098316552,0.088252094488,0.000339835151441,0.259036847675,0.116836646346,0.136623267296,1,0.01,30,13,1,4,20,2.21912431386e-06,2.13168196159e-06,2.21912431386e-06,0.00919504696203,2.76603531161e-05,1.21245370402e-05,2.21912431386e-06,2.13168196159e-06,2.21912431386e-06,0.328039646634,0.334677953076,0.328034428577
269,0.0159013565442,0.00815193343128,0.203038396328,0.136522059482,0.258996878921,0.0553201190969,0.00277145839156,0.00297778429194,0.0462440773433,0.152437615939,0.0176829979521,0.0999553222785,1,0.01,30,13,1,4,20,0.00022297919904,0.00021419292891,0.00022297919904,0.035597674075,0.000428498751441,0.00105414300059,0.00022297919904,0.00021419292891,0.00022297919904,0.318387156736,0.324830132563,0.31838209222
270,0.0291888876073,0.0531784320833,0.0218946679045,0.0304126929576,0.1000580272,0.189044712115,0.309347464563,0.0417794230099,0.0690155119256,0.100805477738,0.0235676401174,0.0317070627783,1,0.01,30,13,1,4,20,0.000222113984661,0.000213361807431,0.000222113984661,0.0810045868979,0.0184021078844,0.000133977675534,0.000222113984661,0.000213361807431,0.000222113984661,0.297708124897,0.303732633774,0.297703389317
271,0.132100494835,0.0116846771626,0.0259237280016,0.0921647263495,0.0743582103044,0.2058358361,0.0802822597187,0.0765158435117,0.149352052675,0.0841781061851,0.0262026180712,0.0414014470858,1,0.01,30,13,1,4,20,6.42559654233e-05,6.17240240044e-05,6.42559654233e-05,6.60861829727e-06,9.96823710076e-06,3.02596340268e-05,6.42559654233e-05,6.17240240044e-05,6.42559654233e-05,0.330960182948,0.337657590218,0.330954918435
272,0.0443907136081,0.0174807062088,0.0608062994256,0.0686928801571,0.0573047749079,0.0103911593596,0.0451278126618,0.00696872764304,0.246859240757,0.290495060942,0.0852989055023,0.0661837188269,1,0.01,30,13,1,4,20,6.42618358638e-05,6.17296631261e-05,6.42618358638e-05,0.00273913018392,0.00184446128406,0.000336837016765,6.42618358638e-05,6.17296631261e-05,6.42618358638e-05,0.329346517012,0.336011269666,0.329341278167
273,0.139087036527,0.0648975147263,0.00304284110762,0.0590503078698,0.0128649412872,0.0508319601204,0.0986860665099,0.074847188353,0.140350336007,0.147086370289,0.0818490845099,0.127406352693,1,0.01,30,13,1,4,20,3.69016721074e-06,3.54475989887e-06,3.69016721074e-06,0.00159421737084,3.15581688091e-06,0.00161218244721,3.69016721074e-06,3.54475989887e-06,3.69016721074e-06,0.33003174162,0.33671036068,0.330026491876
274,0.0466795750265,0.00654768264404,0.00282710321116,0.194636815525,0.0860040139811,0.0974600116151,0.0250735213562,0.0534190588823,0.0184079661096,0.0635616293741,0.305327260495,0.10005536178,1,0.01,30,13,1,4,20,9.84523533808e-06,9.45729378327e-06,9.84523533808e-06,7.14802653891e-06,7.72478944984e-05,5.16208190573e-06,9.84523533808e-06,9.45729378327e-06,9.84523533808e-06,0.33105271092,0.337751990613,0.331047444935
275,0.211861008524,0.19739261529,0.043513408981,0.0291914867768,0.0860309151283,0.154409506435,0.0142505990576,0.0331013027545,0.00401270704444,0.0865543098065,0.100048775898,0.0396333643033,1,0.01,30,13,1,4,20,1.78330515948e-05,1.71303582081e-05,1.78330515948e-05,0.0693182560743,0.000288216525987,0.0013028108617,1.78330515948e-05,1.71303582081e-05,1.78330515948e-05,0.307588521626,0.313812973108,0.307583628881
276,0.0243899242269,0.0652977433843,0.0116504327276,0.00157393205724,0.110158729703,0.104350451804,0.286813722297,0.0359177462561,0.188044547039,0.144420633903,0.0208535732024,0.00652856339898,1,0.01,30,13,1,4,20,8.59880504821e-05,8.25997782008e-05,8.59880504821e-05,3.44796954665e-05,0.000246529968776,8.20734341226e-05,8.59880504821e-05,8.25997782008e-05,8.59880504821e-05,0.330812867057,0.3375072932,0.330807604887
277,0.0285003928293,0.0309130415909,0.0499184873963,0.152534404501,0.309657440628,0.0437037808256,0.148232884999,0.0667854712049,0.0033199179523,0.0157802424895,0.0392373822427,0.11141655334,1,0.01,30,13,1,4,20,0.000545507188538,0.000524012028736,0.000545507188538,0.0182874879341,0.000246137092604,0.00163299846938,0.000545507188538,0.000524012028736,0.000545507188538,0.323354986978,0.329898493274,0.32334984344
278,0.195889768974,0.0380782543455,0.0637373700224,0.0286135283812,0.0649391907292,0.00148937238153,0.0170460720863,0.124371822616,0.0679076987643,0.142323138748,0.233344582089,0.0222592008626,1,0.01,30,13,1,4,20,1.14305450821e-06,1.0980135998e-06,1.14305450821e-06,0.0212264796883,0.000591074742326,2.89053169723e-06,1.14305450821e-06,1.0980135998e-06,1.14305450821e-06,0.323874638825,0.330428660948,0.32386948702
279,0.00851281060671,0.0859952237608,0.0383711488977,0.285052527054,0.00532055943544,0.0912027469622,0.0678988079712,0.0583900473587,0.0115336676436,0.0539026699942,0.221736448832,0.0720833414835,1,0.01,30,13,1,4,20,0.000132767125135,0.000127535570664,0.000132767125135,0.00293561474801,0.000175581233824,0.00184999362064,0.000132767125135,0.000127535570664,0.000132767125135,0.329198715186,0.335860476878,0.329193478692
280,0.111168123903,0.200667862131,0.0126036855391,0.0354048115394,0.00778053502354,0.120442935102,0.221881977845,0.029200221807,0.00361304855119,0.170569164732,0.0524586306229,0.0342090032034,1,0.01,30,13,1,4,20,1.74939350748e-05,1.68046042321e-05,1.74939350748e-05,2.06234345964e-07,5.27392141066e-05,8.7117425472e-06,1.74939350748e-05,1.68046042321e-05,1.74939350748e-05,0.331046953523,0.337746116708,0.331041687629
281,0.0448760669307,0.091365003085,0.000440768512455,0.0250386044674,0.195946956043,0.192807804674,0.0851537901583,0.00945622804227,0.192596730212,0.0818728921124,0.00275296179776,0.0776921939642,1,0.01,30,13,1,4,20,5.28553080454e-05,5.07725980157e-05,5.28553080454e-05,0.0781095157517,0.000231606607387,0.00211228129351,5.28553080454e-05,5.07725980157e-05,5.28553080454e-05,0.304359785823,0.31051889966,0.304354944436
282,0.00634237339921,0.0732278771435,0.109029928567,0.000731614107728,0.0911727909102,0.153341202089,0.0715758393994,0.0423113258974,0.0179779654919,0.0729579335163,0.0175490126893,0.343782136789,1,0.01,30,13,1,4,20,5.24298250946e-06,5.03638807909e-06,5.24298250946e-06,4.74624120735e-06,0.000336980565194,0.00035839994611,5.24298250946e-06,5.03638807909e-06,5.24298250946e-06,0.330859573383,0.337554944689,0.33085431047
283,0.161269149489,0.094052523744,0.0866597144344,0.0449572884144,0.0636938376356,0.0869789064045,0.125922464265,0.0294233432184,0.190748170224,0.0515693312668,0.0547289574666,0.00999631343802,1,0.01,30,13,1,4,20,0.000124475163961,0.000119570345845,0.000124475163961,0.0195344876247,0.0150800120034,0.000806431343275,0.000124475163961,0.000119570345845,0.000124475163961,0.319129700616,0.325587702778,0.319124624288
284,0.241234707608,0.0298049799434,0.030617732563,0.223524610891,0.119739988187,0.0655934922213,0.0465852945312,0.024288753685,0.00593029635533,0.0611580193219,0.0886086359838,0.0629134887097,1,0.01,30,13,1,4,20,4.2327121994e-06,4.06592645022e-06,4.2327121994e-06,9.05074418715e-05,4.84783652122e-07,0.00410212514532,4.2327121994e-06,4.06592645022e-06,4.2327121994e-06,0.329705019023,0.336377026429,0.329699774476
285,0.105537789213,0.0445050829935,0.014477345714,0.0171618867115,0.17081709157,0.0134931523254,0.0588773572424,0.259281011297,0.191323615007,0.0366005820876,0.0475240505206,0.0404010353189,1,0.01,30,13,1,4,20,0.000412881361823,0.000396612188771,0.000412881361823,0.00291599605551,0.00679266663232,0.00258428901901,0.000412881361823,0.000396612188771,0.000412881361823,0.326221987948,0.332823511716,0.326216798804
286,0.0106853671582,0.222186155675,0.156780712795,0.0159136421903,0.321828837622,0.0249460304005,0.0545063239643,0.0789635124927,0.00598034693387,0.0360527422763,0.0565805339618,0.0155757945294,1,0.01,30,13,1,4,20,0.000227182513559,0.000218230616066,0.000227182513559,0.084296835985,0.000671637393052,0.00115719296847,0.000227182513559,0.000218230616066,0.000227182513559,0.302139918828,0.308254110786,0.302135112753
287,0.00417009460233,0.0383791338028,0.00706641003973,0.0741511403595,0.0303016606807,0.104583590944,0.173957089895,0.0180942188416,0.0138389029272,0.358639472413,0.0775459951175,0.0992722903758,1,0.01,30,13,1,4,20,2.7461411144e-06,2.63793219739e-06,2.7461411144e-06,2.98371455365e-07,7.42455886111e-06,1.07599646924e-06,2.7461411144e-06,2.63793219739e-06,2.7461411144e-06,0.331093368276,0.337793470724,0.331088101644
288,0.0520301053302,0.0691356329791,0.0343589857471,0.0159139910731,0.0590667059603,0.150741743546,0.0405162435693,0.320190290127,0.16342886811,0.00499943053708,0.0612087184866,0.0284092845348,1,0.01,30,13,1,4,20,0.000597104862427,0.000573576548399,0.000597104862427,0.000162530418633,0.00153775237555,0.000243203131754,0.000597104862427,0.000573576548399,0.000597104862427,0.329287540085,0.335951099264,0.329282302178
289,0.0401502099288,0.0536181557547,0.205617539976,0.0557555178333,0.0445315800209,0.169784715798,0.120811406339,0.0903093786244,0.0140090568579,0.0586006493988,0.0154596116239,0.131352177845,1,0.01,30,13,1,4,20,0.000100923108374,9.6946335221e-05,0.000100923108374,0.00017051628038,0.000723153334046,0.000616031411389,0.000100923108374,9.6946335221e-05,0.000100923108374,0.330403939523,0.337090090489,0.330398683858
290,0.104614946814,0.113142505294,0.113108228602,0.0318923757628,0.016271783061,0.0527107165924,0.15925280936,0.0621005592701,0.0344117365538,0.0836268810749,0.210933931828,0.0179335257872,1,0.01,30,13,1,4,20,8.49592979394e-06,8.1611562613e-06,8.49592979394e-06,0.0350859312082,0.000127066344736,0.00126705653189,8.49592979394e-06,8.1611562613e-06,8.49592979394e-06,0.319006402396,0.325461909459,0.319001328029
291,0.214121507707,0.175533327182,0.073127975433,0.000582598370301,0.00835575992305,0.0343229334808,0.0128518134223,0.0542049602291,0.0409691084797,0.18393614503,0.189047897983,0.0129459727602,1,0.01,30,13,1,4,20,8.11095650823e-06,7.79135245909e-06,8.11095650823e-06,1.377540707e-05,0.000279824940486,3.4403468766e-05,8.11095650823e-06,7.79135245909e-06,8.11095650823e-06,0.330977161196,0.337674912044,0.330971896413
292,0.195085575856,0.00989225897811,0.157565347372,0.0150063600402,0.045403878598,0.112907240097,0.0301248250817,0.050747016098,0.0985406614978,0.0876932961452,0.0477600882926,0.149273451943,1,0.01,30,13,1,4,20,1.28683249951e-05,1.23612616456e-05,1.28683249951e-05,4.04433688942e-05,0.0014286876979,9.16126602301e-06,1.28683249951e-05,1.23612616456e-05,1.28683249951e-05,0.330586971853,0.337276826714,0.330581713277
293,0.049513323623,0.025329124288,0.0482821385255,0.0769880219657,0.122517732904,0.116955313801,0.0169044873363,0.0881437311732,0.00187109285778,0.00581401243013,0.189100156663,0.258580864433,1,0.01,30,13,1,4,20,6.51201805584e-06,6.25541856149e-06,6.51201805584e-06,4.89434716828e-06,0.000290451932475,7.44523336683e-06,6.51201805584e-06,6.25541856149e-06,6.51201805584e-06,0.330988643777,0.337686626989,0.330983378811
294,0.0502524759505,0.245029022154,0.00701585001798,0.0352790659594,0.0289251678687,0.0251703602715,0.00305413353071,0.153819579333,0.153077684927,0.159865795251,0.115026513053,0.0234843516841,1,0.01,30,13,1,4,20,7.53739339269e-05,7.24039001881e-05,7.53739339269e-05,0.000742507433859,0.00213033515322,0.000217217458925,7.53739339269e-05,7.24039001881e-05,7.53739339269e-05,0.329930769599,0.336607345359,0.32992552146
295,0.0194722470344,0.12011967012,0.0961875669183,0.0216864683472,0.212499385208,0.0609387177226,0.10960243977,0.00984837176522,0.0707189939003,0.122490140324,0.100538225655,0.0558977732343,1,0.01,30,13,1,4,20,5.34406410491e-05,5.13348665636e-05,5.34406410491e-05,0.000110282067204,0.000240378921205,8.77013298876e-05,5.34406410491e-05,5.13348665636e-05,5.34406410491e-05,0.330851751716,0.33754696474,0.330846488928
296,0.0484307791746,0.1023907399,0.130293649277,0.0081149907261,0.0285788676366,0.000298465621472,0.0251586612559,0.0893402130399,0.0307958894115,0.054600131242,0.398142493716,0.0838551189993,1,0.01,30,13,1,4,20,2.31929318914e-05,2.22790378351e-05,2.31929318914e-05,0.000201614686305,0.000149295004466,0.000215592935172,2.31929318914e-05,2.22790378351e-05,2.31929318914e-05,0.330868625381,0.337564179866,0.330863362324
297,0.00350914291163,0.207864800443,0.132348097882,0.0826433879359,0.111913624416,0.0513076301613,0.0521501461395,0.0877081089013,0.112195762871,0.00287283288251,0.0300992409045,0.125387224551,1,0.01,30,13,1,4,20,0.00019586544652,0.000188147566424,0.00019586544652,0.000357840490127,0.000369649127166,0.000864641461909,0.00019586544652,0.000188147566424,0.00019586544652,0.330190510771,0.33687234273,0.330185258501
298,0.0998240193625,0.0386478556103,0.028421269042,0.016512044556,0.015052335954,0.189846161705,0.0588986746194,0.108428982242,0.106571339913,0.00312993102092,0.330467091076,0.00420029489857,1,0.01,30,13,1,4,20,1.89216809561e-05,1.81760912289e-05,1.89216809561e-05,1.68707490161e-05,5.85980909553e-05,8.57281678968e-05,1.89216809561e-05,1.81760912289e-05,1.89216809561e-05,0.331011196604,0.337709636202,0.33100593128
299,0.0741160512868,0.00731337678792,0.196487818309,0.0995423180054,0.0031504065286,0.104746295278,0.012475783917,0.117289746864,0.0582984137928,0.0614012390152,0.17766344326,0.0875151069563,1,0.01,30,13,1,4,20,3.50649029862e-06,3.36832058996e-06,3.50649029862e-06,1.08504425228e-06,2.13168028553e-05,0.00102747584077,3.50649029862e-06,3.36832058996e-06,3.50649029862e-06,0.330747174687,0.33744027146,0.330741913562
300,0.0577988734698,0.0672748546734,0.040580966954,0.18210113901,0.047473698336,0.163296418688,0.0673363402869,0.0567460867548,0.232299788173,0.0148742518764,0.0247844744085,0.0454331073694,1,0.01,30,13,1,4,20,0.000107360122473,0.000103129705281,0.000107360122473,1.00703410282e-05,0.020727319081,0.000454206977309,0.000107360122473,0.000103129705281,0.000107360122473,0.323874611313,0.330428632879,0.323869459508
301,0.0741147378642,0.0052592807285,0.0232246047677,0.285314039978,0.0626968738628,0.11526598048,0.0279858972901,0.0105669675158,0.236538421318,0.024561543085,0.123886340182,0.0105853129288,1,0.01,30,13,1,4,20,0.000278306426647,0.000267340042994,0.000278306426647,0.000949189866874,0.000840913046192,7.17270382276e-05,0.000278306426647,0.000267340042994,0.000278306426647,0.32993958612,0.336616340294,0.329934337842
302,0.181966595401,0.09614069362,0.0415260725238,0.0199936619248,0.0128235272388,0.00560354045796,0.0893269703271,0.110872778483,0.0824558285262,0.215233125698,0.122884094111,0.0211731116887,1,0.01,30,13,1,4,20,3.65780338678e-05,3.5136713387e-05,3.65780338678e-05,0.00454683965348,9.51712248876e-05,0.000764116605928,3.65780338678e-05,3.5136713387e-05,3.65780338678e-05,0.329239975816,0.335902572471,0.329234738666
303,0.000281147574522,0.0206406909972,0.0077667481856,0.0981860011647,0.136853174967,0.0294923885538,0.17519455817,0.129395093549,0.100730499921,0.237734769818,0.0138103354345,0.0499145916648,1,0.01,30,13,1,4,20,3.08886217829e-05,2.9671486839e-05,3.08886217829e-05,0.0200792031584,0.00115986679429,0.000143978133072,3.08886217829e-05,2.9671486839e-05,3.08886217829e-05,0.323961144983,0.330516917669,0.323955991802
304,0.0364953107874,0.0333948134062,0.156175575571,0.00641676739808,0.099524923533,0.0234546885842,0.0866077280129,0.133426316442,0.0282797289547,0.0274445706091,0.267901274572,0.10087830213,1,0.01,30,13,1,4,20,1.03418982561e-05,9.93438620062e-06,1.03418982561e-05,5.40398176928e-05,0.000759678805769,2.52790252705e-05,1.03418982561e-05,9.93438620062e-06,1.03418982561e-05,0.330803596489,0.33749783503,0.330798334467
305,0.24817662091,0.0111248427444,0.0623292854658,0.109202378301,0.142014925293,0.0308757850106,0.0715630649098,0.0010189159202,0.130603727671,0.0495213092455,0.0462191107662,0.0973500337631,1,0.01,30,13,1,4,20,4.94451791095e-05,4.74968417663e-05,4.94451791095e-05,2.03522140871e-05,9.01647220365e-05,6.11275247025e-05,4.94451791095e-05,4.74968417663e-05,4.94451791095e-05,0.330947895612,0.337645054233,0.330942631295
306,0.0618290115696,0.0716623599856,0.0210819330483,0.00723184078148,0.0801580292112,0.180056085193,0.00393221655107,0.0252654190914,0.195217106009,0.158826880328,0.0823220663059,0.112417051926,1,0.01,30,13,1,4,20,1.08111532575e-05,1.03851506827e-05,1.08111532575e-05,9.71390050945e-07,1.86037102638e-05,0.000376737200164,1.08111532575e-05,1.03851506827e-05,1.08111532575e-05,0.330949250363,0.337646436398,0.330943986024
307,0.0707243309618,0.197632477475,0.247911471555,0.0960371549396,0.0571437328882,0.013279981219,0.0125558593566,0.118851370971,0.0532728131076,0.00661976352967,0.0853336620195,0.0406373819775,1,0.01,30,13,1,4,20,0.000239789201642,0.000230340550339,0.000239789201642,0.000295823173541,0.00033229367039,4.06079442285e-05,0.000239789201642,0.000230340550339,0.000239789201642,0.330410138884,0.337096415301,0.33040488312
308,0.180409480012,0.0680664859842,0.0772313999786,0.148290512971,0.108095300642,0.0831667317956,0.0982788511009,0.0357554794156,0.0421063335139,0.0718466315493,0.0508561413932,0.0358966516429,1,0.01,30,13,1,4,20,0.000143160652815,0.000137519551883,0.000143160652815,0.0108569628319,0.000210719929928,0.0124093298058,0.000143160652815,0.000137519551883,0.000143160652815,0.323047718681,0.329585007006,0.32304258003
309,0.00566698522226,0.201222224708,0.070827245214,0.005616518313,0.0368691316182,0.059899112913,0.0232077400308,0.0642836813255,0.0887526659789,0.120903793888,0.0990602431579,0.223690657631,1,0.01,30,13,1,4,20,3.12658788538e-06,3.00338784761e-06,3.12658788538e-06,0.000836754469315,0.00100976652694,2.01921151684e-06,3.12658788538e-06,3.00338784761e-06,3.12658788538e-06,0.330483481002,0.337171241592,0.330478224071
310,0.0484967186211,0.0108355290398,0.00743390253069,0.0561031357594,0.0160730357063,0.239915523316,0.0705568090081,0.127749127288,0.269729857415,0.0332866223496,0.065023464986,0.0547962739791,1,0.01,30,13,1,4,20,9.77103765882e-05,9.38601978862e-05,9.77103765882e-05,8.55510139653e-05,5.55711909882e-05,7.83249677037e-05,9.77103765882e-05,9.38601978862e-05,9.77103765882e-05,0.330837443337,0.337532366812,0.330832180776
311,0.0273409251478,0.0347317199682,0.0190579361367,0.0406725058372,0.179580349656,0.0314653244172,0.109076978551,0.0358222977827,0.247080724334,0.0126892001447,0.246245921991,0.0162361160327,1,0.01,30,13,1,4,20,2.42279034302e-06,2.32732273657e-06,2.42279034302e-06,0.0651279308686,0.000113096318172,8.91149376363e-05,2.42279034302e-06,2.32732273657e-06,2.42279034302e-06,0.309465996687,0.315728441304,0.309461074077
312,0.0500544714771,0.0844041262586,0.0331736273634,0.128601834229,0.0641060847414,0.0196413516527,0.265241136003,0.0925715991623,0.000895312744808,0.116601444102,0.143437337312,0.00127167495454,1,0.01,30,13,1,4,20,8.21535275604e-06,7.8916350782e-06,8.21535275604e-06,3.34094126298e-05,0.00238179211698,1.28948978936e-06,8.21535275604e-06,7.8916350782e-06,8.21535275604e-06,0.330285454934,0.336969208211,0.330280201154
313,0.0758683444143,0.236290962731,0.151827435492,0.0178057722464,0.0113165579048,0.0081597207882,0.249853676562,0.144241511945,0.00575209741356,0.0229174468801,0.0643131106801,0.0116533629425,1,0.01,30,13,1,4,20,0.000352344141039,0.000338460376029,0.000352344141039,0.165969052346,0.000385234066228,0.00118638295608,0.000352344141039,0.000338460376029,0.000352344141039,0.274937894293,0.280501618109,0.274933520914
314,0.0641278885596,0.0840913517658,0.0207002874387,0.180080765176,0.0529919315377,0.0948067276249,0.00331175677756,0.152078333021,0.113628934361,0.175640947176,0.0478368272206,0.0107042493414,1,0.01,30,13,1,4,20,7.16560640893e-06,6.88325292565e-06,7.16560640893e-06,0.0013640236684,3.43057654888e-06,0.00595890302037,7.16560640893e-06,6.88325292565e-06,7.16560640893e-06,0.328661848088,0.335312745581,0.328656620134
315,0.0418789849517,0.154867751227,2.03536327664e-05,0.0915193202986,0.038829646613,0.00200570952179,0.11132614046,0.0776933098337,0.0164238579966,0.163958761952,0.0551171899363,0.246358973577,1,0.01,30,13,1,4,20,7.41375239173e-06,7.12162096663e-06,7.41375239173e-06,0.00286330729976,0.00150457511276,0.000386075416442,7.41375239173e-06,7.12162096663e-06,7.41375239173e-06,0.329513087332,0.336181210751,0.329507845837
316,0.0439125179783,0.00400298494917,0.0303500761888,0.161039469862,0.26365246598,0.00870272630363,0.0183750355484,0.101897146585,0.0603490506295,0.0969590063523,0.18188798441,0.0288715352129,1,0.01,30,13,1,4,20,2.11046250207e-05,2.02730185874e-05,2.11046250207e-05,0.0564644665211,0.000109569216778,0.00170356857503,2.11046250207e-05,2.02730185874e-05,2.11046250207e-05,0.311764477656,0.318073435008,0.311759518485
317,0.118991465896,0.00179717304998,0.0495810104425,0.133969758903,0.0414393825953,0.0865396434708,0.113393061785,0.142574961579,0.103545152169,0.0352826754895,0.155864553806,0.0170211608133,1,0.01,30,13,1,4,20,0.000235075845216,0.000225812918962,0.000235075845216,0.0730842227976,0.000264371437413,0.00136539903919,0.000235075845216,0.000225812918962,0.000235075845216,0.305902867781,0.312093207877,0.305898001849
318,0.135152784571,0.0633360611493,0.0781540273457,0.0947452457259,0.0189302918077,0.0381781606284,0.020140981737,0.053401991429,0.0895918440594,0.203675725556,0.00681834178117,0.197874544209,1,0.01,30,13,1,4,20,5.25434720137e-06,5.04730495679e-06,5.25434720137e-06,0.0270673984851,1.15960837209e-05,1.6343023241e-05,5.25434720137e-06,5.04730495679e-06,5.25434720137e-06,0.322120052833,0.328638568639,0.322114928938
319,0.0967946031297,0.124204234216,0.0746916834167,0.094582037033,0.0509576842085,0.120521479466,0.000250867571084,0.2519286248,0.00474779268856,0.0999417707629,0.0594125702971,0.021966652411,1,0.01,30,13,1,4,20,0.00010703856524,0.000102820818686,0.00010703856524,7.108989661e-05,0.00174423881204,1.70270624193e-05,0.00010703856524,0.000102820818686,0.00010703856524,0.330285118545,0.336968865015,0.33027986477
320,0.00525249920095,0.0103519078075,0.245977075006,0.00306265182007,0.0360275903666,0.0173807890911,0.174297106364,0.10435466854,0.00443396153758,0.206149025694,0.187513953153,0.00519877142006,1,0.01,30,13,1,4,20,1.14283238071e-05,1.09780022501e-05,1.14283238071e-05,7.43902019897e-06,8.44331357117e-06,5.36612602027e-05,1.14283238071e-05,1.09780022501e-05,1.14283238071e-05,0.331056234053,0.337755585042,0.331050968012
321,0.0720969052951,0.0158308963798,0.0226330617467,0.200211276301,0.143125856444,0.0383648015406,0.0447953988466,0.037609815408,0.139908130449,0.0395340246134,0.225615113038,0.0202747199379,1,0.01,30,13,1,4,20,2.09761574085e-05,2.01496131117e-05,2.09761574085e-05,1.44736273364e-07,1.77174985381e-05,0.000248056091414,2.09761574085e-05,2.01496131117e-05,2.09761574085e-05,0.330972495366,0.337670151794,0.330967230657
322,0.219588634583,0.0891595915157,0.188077330567,0.123653129484,0.0686777816686,0.0166286933908,0.0501404177974,0.084258032592,0.00230844126177,0.1242104936,0.0159784197056,0.0173190338343,1,0.01,30,13,1,4,20,0.000181071994714,0.000173937035645,0.000181071994714,0.000688709922862,0.00288796667397,0.00112881836273,0.000181071994714,0.000173937035645,0.000181071994714,0.329188673612,0.3358502321,0.329183437278
323,0.0386187519057,0.153896664537,0.146806930294,0.0632433856295,0.0927173089472,0.0395309083295,0.0180191765092,0.112342777104,0.146344979791,0.129712811584,0.0163708747661,0.0423954306029,1,0.01,30,13,1,4,20,0.000292608879486,0.000281078922125,0.000292608879486,0.0135174256355,0.00786100239282,0.00300610844738,0.000292608879486,0.000281078922125,0.000292608879486,0.322454240284,0.328979518805,0.322449111073
324,0.012273647637,0.114550137643,0.00926787378302,0.180413507919,0.12118966201,0.0108828652441,0.0990286153836,0.0539039718682,0.208632620482,0.0639020086507,0.0909631844252,0.0349919049549,1,0.01,30,13,1,4,20,7.1027997764e-07,6.82292112504e-07,7.1027997764e-07,0.0118690279461,8.97185536055e-07,0.0141337774882,7.1027997764e-07,6.82292112504e-07,7.1027997764e-07,0.322490403709,0.329016414044,0.322485273923
325,0.019057151068,0.137577327972,0.137117952643,0.0307114325107,0.00794597032839,0.0311420603348,0.14057588657,0.139361566475,0.0389607418215,0.0785853733981,0.203846485503,0.0351180513759,1,0.01,30,13,1,4,20,1.85949668523e-05,1.78622509644e-05,1.85949668523e-05,2.10196284289e-05,5.49361297025e-05,3.0493167907e-06,1.85949668523e-05,1.78622509644e-05,1.85949668523e-05,0.331039051018,0.337738054286,0.331033785251
326,0.0342015582731,0.266984591433,0.0216424921058,0.20175534406,0.0936636514759,0.0989889488892,0.103164937483,0.13380755648,0.0241209709488,0.0048647679715,0.00403589105185,0.0127692898274,1,0.01,30,13,1,4,20,0.00107254153495,0.00103027911903,0.00107254153495,0.382651769461,0.0331326806716,0.0432916417612,0.00107254153495,0.00103027911903,0.00107254153495,0.176998071448,0.180579856302,0.176995255978
327,0.0102027755177,0.0940288471874,0.035162407314,0.0852162126902,0.0823376383899,0.0146424979192,0.254362591733,0.00756555980634,0.215873234781,0.00436487069313,0.192537195667,0.0037061683013,1,0.01,30,13,1,4,20,1.10145597902e-05,1.05805421864e-05,1.10145597902e-05,0.0361592375879,0.00287452965692,0.00045520986759,1.10145597902e-05,1.05805421864e-05,1.10145597902e-05,0.318005205154,0.324440451697,0.318000146713
328,0.121005003105,0.0733202867522,0.161369401169,0.120945035398,0.0181718761677,0.0342009249295,0.0889480129634,0.00122338062307,0.0753793225316,0.247443952035,0.0147422182359,0.0432505860894,1,0.01,30,13,1,4,20,8.22179742152e-05,7.89782579814e-05,8.22179742152e-05,0.00396820268791,1.89770200294e-05,0.00317899444912,8.22179742152e-05,7.89782579814e-05,8.22179742152e-05,0.328567743574,0.33521673674,0.328562517117
329,0.308163448213,0.0327109620992,0.14644543331,0.0253168914456,0.0107774787666,0.0124271074297,0.231563186438,0.0632693086501,0.0113895624596,0.00276112684238,0.0524162713311,0.102759223014,1,0.01,30,13,1,4,20,4.6045867725e-05,4.42314768137e-05,4.6045867725e-05,0.0108050343266,3.17071924343e-05,0.0131598395555,4.6045867725e-05,4.42314768137e-05,4.6045867725e-05,0.323066083826,0.329603743793,0.323060944882
330,0.134659959371,0.0523040362484,0.0949001571538,0.0062219610471,0.0278478052999,0.114167444125,0.396466125432,0.0164350295633,0.00545561800737,0.0324488305107,0.0514166102162,0.067676423025,1,0.01,30,13,1,4,20,0.000747558201877,0.000718101425966,0.000747558201877,0.0158704914236,0.00415083285693,0.00454277557772,0.000747558201877,0.000718101425966,0.000747558201877,0.321502850878,0.328008876804,0.3214977368
331,0.026417440547,0.00746127617366,0.0310683356123,0.0757636315845,0.0382930624041,0.180688512111,0.169330045009,0.0128715381169,0.266254395445,0.0768046070511,0.100085141069,0.0149620148766,1,0.01,30,13,1,4,20,0.000185893738163,0.000178568783164,0.000185893738163,0.00305778032516,0.00055124510386,0.00441424445888,0.000185893738163,0.000178568783164,0.000185893738163,0.3280806997,0.334719836903,0.32807548099
332,0.166711786892,0.00889654311842,0.113845528501,0.00305943299672,0.0170114914714,0.0133814267474,0.142683325273,0.290565116432,0.0101944032088,0.00953423990889,0.0577823176479,0.166334387803,1,0.01,30,13,1,4,20,6.92712367539e-05,6.65416736335e-05,6.92712367539e-05,9.78535937506e-05,6.56390607031e-05,0.00110835477359,6.92712367539e-05,6.65416736335e-05,6.92712367539e-05,0.330544747263,0.337233747656,0.330539489359
333,0.0837529222056,0.164158583753,0.0176572356394,0.152485915542,0.0406141293469,0.0404299549265,0.0457673302186,0.0324235146651,0.137544078557,0.00135794971299,0.0198292082528,0.263979177179,1,0.01,30,13,1,4,20,6.95043282635e-05,6.67655804077e-05,6.95043282635e-05,0.00765471181426,0.0052037747085,0.000888322554602,6.95043282635e-05,6.67655804077e-05,6.95043282635e-05,0.326413809705,0.333019215234,0.32640861751
334,0.0405034874459,0.0108487773924,0.184978387084,0.0305321145445,0.0162498496845,0.0400591489162,0.0423103867899,0.0654502426823,0.0613598602042,0.192627923311,0.0867866842912,0.228293137654,1,0.01,30,13,1,4,20,6.23860912751e-06,5.99278303584e-06,6.23860912751e-06,8.24892885131e-06,1.58008921822e-05,1.14393293625e-05,6.23860912751e-06,5.99278303584e-06,6.23860912751e-06,0.331077684057,0.337777469115,0.331072417675
335,0.00920891737498,0.0264605488212,0.0157663168633,0.00543344166168,0.00668044567284,0.14865316231,0.340589697806,0.0278259767669,0.0206678927376,0.0839370862319,0.212996383194,0.101780130559,1,0.01,30,13,1,4,20,6.3222398675e-06,6.07311839098e-06,6.3222398675e-06,0.000114304975831,0.000764096073529,2.10431360662e-05,6.3222398675e-06,6.07311839098e-06,6.3222398675e-06,0.330791463147,0.337485456154,0.330786201318
336,0.0132947238223,0.0282445527627,0.074102132605,0.00572700474296,0.174839636454,0.151351711941,0.0527971516503,0.0727650270024,0.322150838629,0.0253623962013,0.0215464462335,0.0578183779556,1,0.01,30,13,1,4,20,0.000514539878099,0.000494264953887,0.000514539878099,0.00078178646964,0.00107682372518,0.000847463824864,0.000514539878099,0.000494264953887,0.000514539878099,0.329196915914,0.335858641196,0.329191679449
337,0.0589372527616,0.106150278351,0.0104918283483,0.0657663294768,0.0813565928613,0.17638533282,0.0879326606332,0.0765630869757,0.0288836310245,0.154382444211,0.0337441360524,0.119406426484,1,0.01,30,13,1,4,20,2.14265710007e-05,2.05822786113e-05,2.14265710007e-05,0.000138278446783,1.28356456475e-05,0.00149941237844,2.14265710007e-05,2.05822786113e-05,2.14265710007e-05,0.33051316626,0.33720152757,0.330507908858
338,0.0997218165379,0.0798133187894,0.00978525135026,0.0281922796685,0.0860875839046,0.00721291091188,0.0253883653636,0.0063366192785,0.0204879037572,0.0923295597888,0.114531199901,0.430113190748,1,0.01,30,13,1,4,20,6.46772229677e-05,6.21286823207e-05,6.46772229677e-05,0.00428618789463,0.000315987817168,0.000131529919249,6.46772229677e-05,6.21286823207e-05,6.46772229677e-05,0.329407526887,0.336073514154,0.329402287071
339,0.194001327712,0.101360042902,0.129085610826,0.146923271327,0.00737404980164,0.161376840265,0.0106192278474,0.0455266944273,0.116747625424,0.0697693631829,0.00792592556449,0.00929002072058,1,0.01,30,13,1,4,20,3.5778853686e-06,3.43690240932e-06,3.5778853686e-06,0.129796873165,0.000265101355373,0.00947062305968,3.5778853686e-06,3.43690240932e-06,3.5778853686e-06,0.284895175521,0.290660397799,0.284890643754
340,0.038938008508,0.0225183672612,0.0217965584667,0.0306600743082,0.031458800524,0.0925170109514,0.261139289608,0.0717500892051,0.056511421859,0.248683484378,0.0426606169512,0.0813662779797,1,0.01,30,13,1,4,20,1.22612419662e-05,1.17781001104e-05,1.22612419662e-05,1.62377355513e-05,5.66596330165e-05,4.99323044534e-06,1.22612419662e-05,1.17781001104e-05,1.22612419662e-05,0.331051837396,0.337751099412,0.331046571425
341,0.0166582772426,0.00815270513411,0.105738303294,0.0843009406978,0.160671915893,0.0166495716423,0.118156237987,0.0210741029497,0.0169595702702,0.157770979544,0.0869612286786,0.206906166665,1,0.01,30,13,1,4,20,1.97420540082e-06,1.89641383095e-06,1.97420540082e-06,0.0253402063079,2.40688798088e-05,9.78471894557e-05,1.97420540082e-06,1.89641383095e-06,1.97420540082e-06,0.322667243883,0.329196832807,0.322662111284
342,0.127454844872,0.0934601063553,0.0964425447934,0.0683343377198,0.0025977246933,0.0765645323333,0.264262915432,0.048300630652,0.0162077409828,0.0805839060818,0.0760996649866,0.0496910510975,1,0.01,30,13,1,4,20,0.000124218399082,0.000119323698527,0.000124218399082,0.000292590476749,0.000137226457547,0.000601373119481,0.000124218399082,0.000119323698527,0.000124218399082,0.3305167045,0.337205137411,0.330511447042
343,0.140732882573,0.0525655279692,0.038277594026,0.0277281893944,0.0194693933663,0.200383330487,0.0256347057364,0.0642327695125,0.0161382882186,0.165371520462,0.135246947277,0.114218850978,1,0.01,30,13,1,4,20,1.24529715506e-06,1.19622747841e-06,1.24529715506e-06,0.00378080117327,4.04561324684e-05,0.000642466114804,1.24529715506e-06,1.19622747841e-06,1.24529715506e-06,0.329621277786,0.336291590579,0.329616034571
344,0.102180883298,0.0208772981938,0.0600251940754,7.88943132539e-05,0.0456843567362,0.068463967612,0.178698174952,0.02730427359,0.0688626540026,0.107394146407,0.261164379276,0.0592657775436,1,0.01,30,13,1,4,20,1.36063357529e-07,1.30701918349e-07,1.36063357529e-07,3.04417625097e-06,0.000137801833212,1.16814815317e-08,1.36063357529e-07,1.30701918349e-07,1.36063357529e-07,0.3310547605,0.337754081669,0.331049494482
345,0.0181707922945,0.030209294467,0.0596089011859,0.16923022782,0.0436848522843,0.0989566807761,0.011424281493,0.0949281972113,0.0401037618662,0.161329278739,0.163159167726,0.109194564136,1,0.01,30,13,1,4,20,3.42052034181e-05,3.28573819247e-05,3.42052034181e-05,0.000185556024338,4.45372560225e-06,0.00070858844809,3.42052034181e-05,3.28573819247e-05,3.42052034181e-05,0.330737078243,0.337429970702,0.330731817279
346,0.169248066794,0.0780110526092,0.176479469781,0.295423371592,0.0943155146343,0.0373426758713,0.0256516127671,0.00892892799452,0.0237913248872,0.0645573647157,0.00612812946939,0.0201224888839,1,0.01,30,13,1,4,20,0.000193556827507,0.000185929916211,0.000193556827507,0.000115877162345,2.42412848437e-05,0.0183020728123,0.000193556827507,0.000185929916211,0.000193556827507,0.324615953868,0.331184977459,0.324610790271
347,0.0930728075197,0.100561464297,0.0747401472058,0.157283053948,0.0512165522111,0.118695854207,0.0311740576975,0.0705206435693,0.136632164668,0.130275632596,0.0200151775921,0.0158124444876,1,0.01,30,13,1,4,20,4.71566216395e-06,4.52984625919e-06,4.71566216395e-06,0.144634281073,0.000220232792334,6.16383067582e-05,4.71566216395e-06,4.52984625919e-06,4.71566216395e-06,0.283110440999,0.288839546866,0.283105937622
348,0.18082021798,0.100860605636,0.110169462998,0.0569773537261,0.0287136359425,0.163882120799,0.00259846438025,0.0512346979684,0.0966233768514,0.0220212369897,0.184882145683,0.00121668104694,1,0.01,30,13,1,4,20,7.20455745602e-06,6.92066914607e-06,7.20455745602e-06,2.10282736828e-05,1.76678395742e-05,0.00395817113941,7.20455745602e-06,6.92066914607e-06,7.20455745602e-06,0.329764171412,0.336437375843,0.329758925924
349,0.0760960233889,0.0849945372863,0.0243474890602,0.00790685648438,0.0330070726233,0.0388985408457,0.201508252745,0.00804209883731,0.128256481951,0.305771111665,0.00801924518719,0.0831522899254,1,0.01,30,13,1,4,20,1.05031744191e-05,1.00893074394e-05,1.05031744191e-05,0.000787225946901,0.002091623862,1.12868161973e-06,1.05031744191e-05,1.00893074394e-05,1.05031744191e-05,0.330127508149,0.336808065168,0.330122256881
350,0.224832708912,0.0584877161115,0.0777621824111,0.00704371401913,0.171130684958,0.153503087317,0.129035882729,0.0146608194323,0.0117419626252,0.0567348026298,0.0589291066546,0.0361373322003,1,0.01,30,13,1,4,20,0.000113642466561,0.000109164499945,0.000113642466561,0.000269341896197,0.00513214555007,0.000371568288859,0.000113642466561,0.000109164499945,0.000113642466561,0.328967399166,0.33562447988,0.328962166352
351,0.0761880700429,0.154982041899,0.0149453394776,0.0996461217543,0.0652383172346,0.101733069704,0.065315618972,0.113764524739,0.035882338941,0.122597882711,0.00107002719761,0.148636647327,1,0.01,30,13,1,4,20,5.78138542424e-06,5.5535757708e-06,5.78138542424e-06,9.12441446942e-08,3.32374009605e-06,4.34087420687e-07,5.78138542424e-06,5.5535757708e-06,5.78138542424e-06,0.331089056535,0.337789071729,0.331083789972
352,0.0566657242206,0.0987675722284,0.0496462405495,0.241373374882,0.0215098882029,0.137247710271,0.0104228184304,0.0194302014425,0.0385043027767,0.0382180086056,0.182534866554,0.105679291836,1,0.01,30,13,1,4,20,1.04082505572e-05,9.99812395631e-06,1.04082505572e-05,4.03458835245e-06,6.21014992394e-06,1.88585599753e-05,1.04082505572e-05,9.99812395631e-06,1.04082505572e-05,0.331071623773,0.337771286192,0.331066357487
353,0.019734719562,0.0526786686392,0.106662656783,0.246926305282,0.000738288316679,0.314600116942,0.166735486843,0.0258674230118,0.0435787286253,0.0146485281572,0.00579423511085,0.00203484272709,1,0.01,30,13,1,4,20,0.0371264972384,0.0356635651125,0.0371264972384,0.0637959442062,0.0359901933424,0.00575573631411,0.0371264972384,0.0356635651125,0.0371264972384,0.223369463372,0.227889633305,0.223365910282
354,0.0528496512778,0.0718252506493,0.036298491474,0.071375507997,0.00989288403495,0.0293981579752,0.181032105098,0.0822171972265,0.196245151405,0.101291832901,0.0714878274384,0.0960859425237,1,0.01,30,13,1,4,20,8.85178700992e-05,8.5029912831e-05,8.85178700992e-05,0.0180985288181,0.00011092601622,0.000407979074947,8.85178700992e-05,8.5029912831e-05,8.85178700992e-05,0.324763861348,0.331335878038,0.324758695398
355,0.17762738991,0.0792513615628,0.0493908677017,0.0344408888568,0.0603024253214,0.099559271774,0.124618602362,0.0778447631343,0.108678160506,0.0179223550847,0.0728503994363,0.097513514349,1,0.01,30,13,1,4,20,0.000121129484471,0.000116356499476,0.000121129484471,0.000164547940808,0.00133494870846,5.23429772674e-05,0.000121129484471,0.000116356499476,0.000121129484471,0.330350372428,0.337035439394,0.330345117615
356,0.0257949429059,0.0441063856322,0.0909858417,0.224387623469,0.091306704452,0.0969504019159,0.16693135016,0.0238870747165,0.00653347113883,0.12324504932,0.0331346683442,0.0727364862457,1,0.01,30,13,1,4,20,2.12951225089e-05,2.04560097145e-05,2.12951225089e-05,0.0868148300604,0.000536216533381,0.000156881277086,2.12951225089e-05,2.04560097145e-05,2.12951225089e-05,0.302085895371,0.308198994094,0.302081090155
357,0.0602702434342,0.0466819342086,0.0231478005697,0.00735448294154,0.0472644654104,0.0667395268966,0.321389264904,0.0484172607489,0.0169045347827,0.274799402181,0.00818454812539,0.078846535797,1,0.01,30,13,1,4,20,3.62373613579e-06,3.48094647333e-06,3.62373613579e-06,5.63641966353e-06,0.000121220311062,0.00105406089321,3.62373613579e-06,3.48094647333e-06,3.62373613579e-06,0.330703557284,0.337395771402,0.330698296853
358,0.068496571915,0.193681635843,0.018827672805,0.0833693864289,0.0969472672101,0.00638096928409,0.0509491204379,0.156303443976,0.134613517648,0.034313594109,0.010244399919,0.145872420424,1,0.01,30,13,1,4,20,0.000366718907148,0.000352268718998,0.000366718907148,0.0036683381276,0.00332744992221,0.000302746605787,0.000366718907148,0.000352268718998,0.000366718907148,0.327966150008,0.33460296915,0.32796093312
359,0.175622058384,0.0137873348581,0.0996177677929,0.035569439651,0.184386464972,0.0135590968724,0.0491873000611,0.0330332412889,0.00740409687347,0.229613998193,0.0529029498922,0.105316251161,1,0.01,30,13,1,4,20,2.46017075644e-05,2.36323021256e-05,2.46017075644e-05,0.000680557895118,0.0008910086267,6.46872758738e-06,2.46017075644e-05,2.36323021256e-05,2.46017075644e-05,0.330530943317,0.337219664368,0.330525685631
360,0.00516053336511,0.0466567000457,0.0225310973873,0.105425768767,0.0187505927337,0.0625016437108,0.0958771623358,0.218465979105,0.210386203877,0.037937576316,0.0904517393215,0.0858550030352,1,0.01,30,13,1,4,20,0.000167668708028,0.000161061891933,0.000167668708028,0.00081469803148,0.000409731504939,0.000328076373439,0.000167668708028,0.000161061891933,0.000167668708028,0.330258910903,0.336942127027,0.330253657545
361,0.459921640212,0.138119309744,0.0521632076484,0.0217631734197,0.015912360477,0.0776734776214,0.0586961092624,0.0535675841621,0.045190065221,0.0360615626265,0.0356584169964,0.00527309260924,1,0.01,30,13,1,4,20,0.000481721227401,0.000462739488974,0.000481721227401,0.0503484034771,0.0196142259949,0.0191009509151,0.000481721227401,0.000462739488974,0.000481721227401,0.300668143238,0.306752551914,0.300663360574
362,0.0722668304629,0.00129469795685,0.00300177082587,0.0348073165602,0.316837132597,0.0109493710225,0.0029615780163,0.129226688896,0.226374513203,0.0673190065554,0.118403457325,0.0165576365804,1,0.01,30,13,1,4,20,5.8053595514e-05,5.57660522169e-05,5.8053595514e-05,6.51332614111e-05,3.62944793039e-05,6.99795601273e-05,5.8053595514e-05,5.57660522169e-05,5.8053595514e-05,0.330931097193,0.337627915876,0.330925833143
363,0.0862675283022,0.0552941047859,0.0648151669566,0.0704821807775,0.214619275412,0.0698255400091,0.00512581034828,0.0392915811961,0.0648617668661,0.229954916429,0.00839229922309,0.0910698296941,1,0.01,30,13,1,4,20,0.000173958845967,0.00016710417334,0.000173958845967,0.0293272916895,0.000824422301951,0.000552044573373,0.000173958845967,0.00016710417334,0.000173958845967,0.320594550679,0.327082195976,0.32058945105
364,0.00420447884936,0.0264266573801,0.121185999674,0.214717782759,0.0354168790244,0.00485820817856,0.133637676945,0.0792696701574,0.192807198036,0.0804508853895,0.0130376207782,0.0939869428286,1,0.01,30,13,1,4,20,0.000118237041049,0.000113578029866,0.000118237041049,0.000181310767362,0.000374545668385,0.000585180433187,0.000118237041049,0.000113578029866,0.000118237041049,0.330492060588,0.337179994797,0.330486803521
365,0.00403838054785,0.0473286677349,0.165977882675,0.0256301298223,0.232674428417,0.0575375638678,0.311252805331,0.0421491176203,0.0234839725737,0.0638308402398,0.0194582427436,0.00663796842612,1,0.01,30,13,1,4,20,0.00142470211644,0.00136856316849,0.00142470211644,0.0497024910706,0.000375505007391,0.00632603554083,0.00142470211644,0.00136856316849,0.00142470211644,0.309633044599,0.315898869647,0.309628119332
366,0.0270963992013,0.400103010288,0.0108844770979,0.0236014895775,0.0691525470232,0.0148484809655,0.0974263935464,0.160178699171,0.014329359113,0.0310687481601,0.09635954782,0.054950848037,1,0.01,30,13,1,4,20,2.03083695293e-05,1.95081387394e-05,2.03083695293e-05,0.00015662655526,0.00527132957439,0.000556908403765,2.03083695293e-05,1.95081387394e-05,2.03083695293e-05,0.329080251961,0.335739616397,0.329075017352
367,0.0659428066783,0.072456681466,0.0614520988742,0.0154580520173,0.252780695683,0.0380290324225,0.215336665996,0.0796853389556,0.101908002984,0.0695663126927,0.021891386836,0.00549292539494,1,0.01,30,13,1,4,20,4.54028027518e-05,4.36137511662e-05,4.54028027518e-05,8.95043271433e-06,0.0187571241476,6.6449682124e-05,4.54028027518e-05,4.36137511662e-05,4.54028027518e-05,0.324777172376,0.331349458433,0.324772006215
368,0.0668321503642,0.0208127277171,0.164905634206,0.124747719722,0.0558697928392,0.15500565128,0.0389241363287,0.292832631699,0.0069648886667,0.0112990572972,0.0307066625986,0.0310989472818,1,0.01,30,13,1,4,20,0.000918819516771,0.000882614361721,0.000918819516771,0.00337940229939,0.000144004014843,0.0252188222102,0.000918819516771,0.000882614361721,0.000918819516771,0.319783704877,0.326254941662,0.319778618146
369,0.115594641664,0.000178229706499,0.0514089668391,0.0531341121589,0.238215266715,0.159596019286,0.0966848612801,0.0253612227685,0.0391071335724,0.00925343174986,0.148255769399,0.063210344861,1,0.01,30,13,1,4,20,1.26420398292e-05,1.21438930182e-05,1.26420398292e-05,0.0664706202331,0.000238478926039,0.000214087113252,1.26420398292e-05,1.21438930182e-05,1.26420398292e-05,0.308918502109,0.315169867465,0.308913588208
370,0.0572647256885,0.0840752413669,0.0240486588924,0.210158358847,0.0135572342182,0.0165899025242,0.183752764915,0.052179920436,0.0740932961721,0.0627736776126,0.0167181213259,0.204788098001,1,0.01,30,13,1,4,20,0.000117223614503,0.000112604536369,0.000117223614503,0.0211119890155,0.00346418869009,0.00047351279326,0.000117223614503,0.000112604536369,0.000117223614503,0.322577852392,0.329105632364,0.322572721215
371,0.0230325758388,0.0555001781117,0.00132770123296,0.0308557587565,0.260329125218,0.0566223550752,0.0680250083658,0.251945770929,0.104012880164,0.0333549594024,0.109272944933,0.00572074197247,1,0.01,30,13,1,4,20,0.000464521174007,0.000446217186312,0.000464521174007,0.0131967248925,0.00162711178734,0.0107021089725,0.000464521174007,0.000446217186312,0.000464521174007,0.321739280908,0.328250091302,0.32173416307
372,0.0441167867429,0.0579627855129,0.0411210910935,0.025843527659,0.0189488812242,0.295782410055,0.00476298021316,0.0588450443167,0.0350798373083,0.252100093396,0.0929047422185,0.0725318202595,1,0.01,30,13,1,4,20,5.65404749459e-05,5.43125546365e-05,5.65404749459e-05,0.00169614458463,3.80986004377e-05,0.00225077595386,5.65404749459e-05,5.43125546365e-05,5.65404749459e-05,0.32967137046,0.336342696944,0.329666126448
373,0.11381650914,0.0853206041538,0.0702025570739,0.228589826919,0.0302795798459,0.106812599035,0.0497783165196,0.0526620735023,0.160921667129,0.0574821341459,0.026049520676,0.0180846118605,1,0.01,30,13,1,4,20,0.000822371983132,0.000789967245732,0.000822371983132,0.0195964134046,0.0198459438311,0.000955094493492,0.000822371983132,0.000789967245732,0.000822371983132,0.316113728048,0.322510698105,0.316108699694
374,0.196789794128,0.0390858058951,0.0269922553212,0.0120741550236,0.0555640650765,0.198909390648,0.176230382688,0.0777657323788,0.0393565963132,0.117686291407,0.052701677174,0.00684385394673,1,0.01,30,13,1,4,20,9.00202567752e-05,8.64730994774e-05,9.00202567752e-05,0.00619119348679,0.00939727501447,9.30459664398e-05,9.00202567752e-05,8.64730994774e-05,9.00202567752e-05,0.325733003711,0.33232463225,0.325727822345
375,0.0365578721841,0.00245797547147,0.144069857368,0.0125945018222,0.210716835816,0.00413101079082,0.174641610125,0.00614240360605,0.157207309774,0.0346800383932,0.213944345096,0.00285623955414,1,0.01,30,13,1,4,20,1.37130461095e-05,1.31726973777e-05,1.37130461095e-05,6.17548766549e-05,0.00237512753241,9.37771369849e-05,1.37130461095e-05,1.31726973777e-05,1.37130461095e-05,0.330236875226,0.33691964543,0.330231622219
376,0.0373295871359,0.068442585098,0.0213922292222,0.00534231421852,0.119598711875,0.0247220976322,0.080220815944,0.10234659255,0.18552341451,0.156664804602,0.156030676148,0.0423861710647,1,0.01,30,13,1,4,20,1.80920628739e-05,1.73791634093e-05,1.80920628739e-05,2.81854823915e-05,0.000755178508487,3.07422439261e-05,1.80920628739e-05,1.73791634093e-05,1.80920628739e-05,0.330796643752,0.337490741595,0.33079138184
377,0.0237141491344,0.0832169406665,0.0157688655309,0.115906837679,0.393157098874,0.0294010376104,0.0564135220508,0.0121104877214,0.00625599048425,0.247259834318,0.00601280007457,0.0107824358561,1,0.01,30,13,1,4,20,4.77384660761e-05,4.58573800362e-05,4.77384660761e-05,5.92605769449e-05,0.000365511670753,4.84835851314e-05,4.77384660761e-05,4.58573800362e-05,4.77384660761e-05,0.330851377624,0.337546583078,0.330846114841
378,0.0122211187172,0.0663268966174,0.0363050987529,0.0254219714506,0.340147548155,0.055394703548,0.0254293216019,0.0229477680494,0.0439345428885,0.187804207611,0.061911678378,0.122155144231,1,0.01,30,13,1,4,20,2.66784527972e-05,2.562721531e-05,2.66784527972e-05,0.00213741983275,0.00218591869209,8.21105149927e-06,2.66784527972e-05,2.562721531e-05,2.66784527972e-05,0.329615178644,0.336285368013,0.329609935525
379,0.08505702556,0.0287122928945,0.117371051403,0.0196084533819,0.0817237911381,0.00931466543849,0.115026959287,0.116247909344,0.0709949726938,0.11507330724,0.178267273879,0.0626022977419,1,0.01,30,13,1,4,20,2.23734079649e-05,2.14918064212e-05,2.23734079649e-05,4.48794643963e-05,5.22179915918e-05,1.66986917667e-05,2.23734079649e-05,2.14918064212e-05,2.23734079649e-05,0.33102012394,0.337718744194,0.331014858473
380,0.200125801289,0.0423403732939,0.0703270306236,0.0472265530354,0.0539350943895,0.00384976210781,0.0733319368529,0.00632028942417,0.342341951384,0.0390839650171,0.0315707235147,0.0895465190682,1,0.01,30,13,1,4,20,0.000122925375509,0.000118081625241,0.000122925375509,3.13962911201e-05,0.000827145074088,0.000291868661119,0.000122925375509,0.000118081625241,0.000122925375509,0.330479765563,0.337167450966,0.330474508692
381,0.0479979833105,0.0578757186744,0.0320890010036,0.0516539401937,0.0274621029289,0.183213187689,0.0513721644118,0.0353170365931,0.0239051804782,0.264338476311,0.207536511916,0.01723869649,1,0.01,30,13,1,4,20,1.99985704324e-07,1.9210546963e-07,1.99985704324e-07,0.00188809563835,0.00196151594753,4.39343996291e-06,1.99985704324e-07,1.9210546963e-07,1.99985704324e-07,0.329825205912,0.336499645455,0.329819959453
382,0.207021173447,0.0656021986545,0.038868116177,0.0758205584241,0.134959902954,0.0450683735794,0.214155323681,0.054915329153,0.0990018609603,4.51076338475e-05,0.0554032713688,0.00913878396761,1,0.01,30,13,1,4,20,3.69478644119e-06,3.54919711321e-06,3.69478644119e-06,0.319646825876,0.00873707099045,0.000595630185446,3.69478644119e-06,3.54919711321e-06,3.69478644119e-06,0.222168752468,0.226664624463,0.222165218477
383,0.0618972319345,0.00826417566414,0.259592245033,0.222235878763,0.0325612917536,0.0214672238705,0.0598623163179,0.0964690072907,0.0483246876977,0.040738812613,0.130960216746,0.0176269123163,1,0.01,30,13,1,4,20,8.97435386551e-05,8.62072851554e-05,8.97435386551e-05,3.77914167732e-05,0.000126201484965,0.00165715660486,8.97435386551e-05,8.62072851554e-05,8.97435386551e-05,0.330322736144,0.337007243854,0.330317481771
384,0.1202077101,0.0206891788972,0.12942022838,0.0170622938649,0.211292245924,0.0163295990424,0.11127915832,0.0683441745125,0.227838477364,0.0355576223749,0.0303616706738,0.0116176405471,1,0.01,30,13,1,4,20,0.00127301671748,0.00122285477948,0.00127301671748,0.00124354874701,0.000639929197828,0.00180265387979,0.00127301671748,0.00122285477948,0.00127301671748,0.327385410755,0.334010477887,0.327380203105
385,0.1469415635,0.127849264948,0.088462840303,0.039621669112,0.0154316722112,0.0554214624358,0.0859531347527,0.0785370382005,0.0607194254703,0.14547581306,0.0134920119466,0.142094104061,1,0.01,30,13,1,4,20,4.70130143298e-07,4.51605139833e-07,4.70130143298e-07,0.0392496627333,2.1858124789e-06,0.00446235561821,4.70130143298e-07,4.51605139833e-07,4.70130143298e-07,0.316626897969,0.323034252684,0.316621861453
386,0.0619153113271,0.0532411435525,0.0298323224705,0.0369608544062,0.0569924790304,0.0101027698691,0.0847842125343,0.0219077200562,0.165339671773,0.100073711141,0.286001074585,0.0928487292541,1,0.01,30,13,1,4,20,1.49118695952e-05,1.43242824348e-05,1.49118695952e-05,5.7056757127e-05,9.2907897597e-05,6.92029459354e-06,1.49118695952e-05,1.43242824348e-05,1.49118695952e-05,0.331020485635,0.337719113209,0.331015220163
387,0.0999475300532,0.133473674018,0.100261109744,0.0178515455541,0.168408791552,0.0185489309205,0.22399807791,0.000994872860664,0.0214304836847,0.0236380597836,0.153971775556,0.037475148363,1,0.01,30,13,1,4,20,0.000139586764878,0.000134086489391,0.000139586764878,0.0697694158997,0.00335690188757,0.00202789702106,0.000139586764878,0.000134086489391,0.000139586764878,0.305944317619,0.312135496506,0.305939451028
388,0.0525192857968,0.0920918222725,0.148610275306,0.0271213017003,0.0231690392208,0.0808770126151,0.0871397459472,0.152942456116,0.247355893196,0.00317103399992,0.0836135647318,0.00138856909744,1,0.01,30,13,1,4,20,0.000833083879666,0.000800257050803,0.000833083879666,0.000921226859614,0.00104397236758,0.00629266427816,0.000833083879666,0.000800257050803,0.000833083879666,0.326734198386,0.333346087394,0.326729001095
389,0.0525592142365,0.0164583730716,0.246829130725,0.0355302566258,0.229058968399,0.0687333906574,0.0260736428848,0.0285277897578,0.0475565960455,0.0498793707339,0.130838110388,0.0679551564744,1,0.01,30,13,1,4,20,2.64863467451e-06,2.54426790028e-06,2.64863467451e-06,0.0104353362057,0.00608983006321,6.6858373373e-07,2.64863467451e-06,2.54426790028e-06,2.64863467451e-06,0.325624741335,0.332214179045,0.325619561692
390,0.225933881206,0.0333253786893,0.0019140926967,0.0930675120754,0.107902132263,0.0298917772213,0.027981937303,0.00148543160319,0.0565068567038,0.128907033516,0.0826551100192,0.210428856703,1,0.01,30,13,1,4,20,8.00080250527e-06,7.68553896336e-06,8.00080250527e-06,1.13180986036e-05,5.90379947459e-06,3.97213177196e-06,8.00080250527e-06,7.68553896336e-06,8.00080250527e-06,0.331078962386,0.337778773312,0.331073695984
391,0.0440996589853,0.162229590557,0.341839906847,0.0961614025892,0.041659525567,0.00278467499508,0.0390152267583,0.014981141494,0.094038818325,0.120685639157,0.0196180029406,0.0228864117843,1,0.01,30,13,1,4,20,0.000108328066029,0.000104059507999,0.000108328066029,7.20614840905e-05,0.000102804386815,0.00020437663644,0.000108328066029,0.000104059507999,0.000108328066029,0.33076371868,0.337457150241,0.330758457292
392,0.0318140834285,0.155097133554,0.0798897758917,0.0256561027365,0.0775293112131,0.109033443511,0.171193519839,0.123949488682,0.0432861570343,0.156083427793,0.0211301085926,0.00533744772481,1,0.01,30,13,1,4,20,0.000254604621318,0.000244572183366,0.000254604621318,0.00960552708825,9.36838013434e-05,0.00810653811528,0.000254604621318,0.000244572183366,0.000254604621318,0.324706995749,0.33127786169,0.324701830704
393,0.173223148373,0.0429189259292,0.0323481066477,0.00694099161307,0.038773554827,0.199739700326,0.0841450219882,0.159154427804,0.0264327504674,0.161982628158,0.00286124603301,0.0714794978329,1,0.01,30,13,1,4,20,6.62180768735e-05,6.36088204346e-05,6.62180768735e-05,9.84719610208e-05,0.000280222484407,0.000179368839002,6.62180768735e-05,6.36088204346e-05,6.62180768735e-05,0.330787068153,0.337480972221,0.330781806393
394,0.046674223074,0.191058773965,0.111122877344,0.00625810138695,0.00560519957026,0.141264833843,0.0173565240587,0.077275845937,0.0628806077394,0.0387387619201,0.0355331375851,0.266231113576,1,0.01,30,13,1,4,20,1.86759303846e-05,1.79400242104e-05,1.86759303846e-05,0.00789752166054,0.000156040350141,0.00403281400183,1.86759303846e-05,1.79400242104e-05,1.86759303846e-05,0.327063231773,0.333681779197,0.327058029248
395,0.241185704869,0.0468440368669,0.0332042887201,0.0839073551404,0.00933391166095,0.17578364124,0.0233356011918,0.234663173539,0.0135694790054,0.0405115247099,0.0520645674631,0.0455967155937,1,0.01,30,13,1,4,20,0.000534468619822,0.000513408423671,0.000534468619822,0.069022737258,0.00279349420929,0.00241670109875,0.000534468619822,0.000513408423671,0.000534468619822,0.305475183296,0.311656868644,0.305470324167
396,0.0390190279292,0.172408412176,0.0777197228053,0.0571350365735,0.043062348429,0.284637545284,0.0215394507392,0.0154529632909,0.180952765127,0.0214025671394,0.0217227843309,0.0649473761754,1,0.01,30,13,1,4,20,0.000316309673725,0.000303845810505,0.000316309673725,0.00278304612605,0.0115235505872,0.00312862566439,0.000316309673725,0.000303845810505,0.000316309673725,0.324708703956,0.331279604466,0.324703538884
397,0.0432503364663,0.131209349582,0.0131655860597,0.0207187769939,0.069188199315,0.0912080176443,0.0142597242443,0.105119316441,0.153140454924,0.268367633475,0.0864924689703,0.00388013588414,1,0.01,30,13,1,4,20,0.000131367649138,0.000126191239605,0.000131367649138,0.00156407362365,0.000339415664159,0.000320478494695,0.000131367649138,0.000126191239605,0.000131367649138,0.330107757585,0.336787914926,0.330102506631
398,0.1038568513,0.0331227346228,0.0488625099377,0.00988738048118,0.00541000219599,0.0872764060767,0.0474995318033,0.0483592479862,0.094864658383,0.346647759082,0.0740795199316,0.1001333982,1,0.01,30,13,1,4,20,4.69023198733e-06,4.505418133e-06,4.69023198733e-06,1.1874607131e-05,0.000433343506111,9.46428060859e-06,4.69023198733e-06,4.505418133e-06,4.69023198733e-06,0.330941924095,0.337638961874,0.330936659873
399,0.0692886382013,0.0375667150802,0.0182991691939,0.164884937517,0.0246267522184,0.0260946701247,0.0829385834055,0.0782987288875,0.026849211186,0.194801636366,0.068241449463,0.208109508357,1,0.01,30,13,1,4,20,1.5379502939e-06,1.4773489159e-06,1.5379502939e-06,2.88685020601e-07,1.07661103817e-06,5.96288999634e-07,1.5379502939e-06,1.4773489159e-06,1.5379502939e-06,0.331098000809,0.337798197003,0.331092734104
400,0.140134060909,0.0944442964675,0.0538855024859,0.0315483496251,0.0651175274884,0.0673289538601,0.225460407157,0.0729416450217,0.0668196097711,0.0145445091533,0.114383438971,0.0533916990906,1,0.01,30,13,1,4,20,0.000151720279095,0.000145741894735,0.000151720279095,0.000323317150521,0.000397083829941,0.000470206582988,0.000151720279095,0.000145741894735,0.000151720279095,0.330410003207,0.337096276879,0.330404747445
401,0.16345766803,0.0130278311062,0.0654164332269,0.0949436095404,0.0372532792973,0.0260784422143,0.20280349522,0.0159848423189,0.0862857238705,0.042086505839,0.144698779927,0.10796338941,1,0.01,30,13,1,4,20,4.37748672696e-05,4.20499628374e-05,4.37748672696e-05,8.03120055271e-05,3.08174893018e-05,0.00062586542528,4.37748672696e-05,4.20499628374e-05,4.37748672696e-05,0.330771823874,0.337465419455,0.330766562357
402,0.0465823190372,0.311215871027,0.015406030739,0.0267559234813,0.0291743972716,0.00269284213387,0.0590608199214,0.124285223684,0.0473486038963,0.01725191782,0.098914287005,0.221311763983,1,0.01,30,13,1,4,20,6.95715866082e-08,6.68301885052e-08,6.95715866082e-08,2.02034041621e-05,0.00159132510918,4.02715613262e-08,6.95715866082e-08,6.68301885052e-08,6.95715866082e-08,0.330567935965,0.337257405611,0.330562677692
403,0.0149398214086,0.142118580467,0.296149480703,0.0185544258934,0.0255793319966,0.0898630083445,0.101465028613,0.0300336922259,0.0114074162947,0.00796569255929,0.0628239370036,0.19909958449,1,0.01,30,13,1,4,20,3.25864043867e-05,3.13023700341e-05,3.25864043867e-05,4.29853754107e-05,2.9113547963e-05,0.000117292347422,3.25864043867e-05,3.13023700341e-05,3.25864043867e-05,0.33097507152,0.337672780081,0.330969806771
404,0.229335386713,0.0546742813052,0.123879377442,0.0155314882153,0.0346508524074,0.0635631045323,0.0342664693939,0.0208974860616,0.111427902069,0.173881131436,0.109070799598,0.0288217208261,1,0.01,30,13,1,4,20,0.000101057854133,9.70757714595e-05,0.000101057854133,0.0338067443134,0.00318018494664,9.75997608739e-05,0.000101057854133,9.70757714595e-05,0.000101057854133,0.318624790554,0.325072575208,0.318619722257
405,0.0684182124575,0.0309418948666,0.257860627507,0.0379198796794,0.198849310718,0.00397570328804,0.00939211835785,0.008080728878,0.106371812506,0.153564244879,0.00250863655521,0.122116830307,1,0.01,30,13,1,4,20,1.56534774656e-05,1.50366679961e-05,1.56534774656e-05,4.60632545862e-06,2.01265011563e-07,0.000845892467709,1.56534774656e-05,1.50366679961e-05,1.56534774656e-05,0.330789308363,0.337483257765,0.330784046568
406,0.0867874404633,0.188889946616,0.162125846908,0.150384338246,0.0593721647347,0.00114128139113,0.0306085128611,0.0236849773945,0.0216324123983,0.113016974171,0.105940009516,0.0564160952993,1,0.01,30,13,1,4,20,0.000134922931012,0.000129606429188,0.000134922931012,0.00252031081827,2.97117760223e-05,0.00264122285783,0.000134922931012,0.000129606429188,0.000134922931012,0.329118316818,0.335778451545,0.329113081603
407,0.0191610723213,0.00574222702606,0.382532627351,0.0066794147621,0.0276645518467,0.110587942053,0.0756766133914,0.0721486472003,0.0573677938696,0.0399816824367,0.0596404970503,0.142816930692,1,0.01,30,13,1,4,20,8.05635218128e-05,7.7388997605e-05,8.05635218128e-05,0.000209333264549,7.89365857925e-05,0.000116413772021,8.05635218128e-05,7.7388997605e-05,8.05635218128e-05,0.330809727932,0.337504090551,0.330804465812
408,0.134104203245,0.0475500478175,0.0191217432454,0.0574226479007,0.0805569228123,0.0318554253589,0.120419570533,0.137510673126,0.129354848128,0.113976436796,0.00116485491378,0.126962626124,1,0.01,30,13,1,4,20,0.000120648432394,0.00011589440277,0.000120648432394,0.00174756301857,0.00121971943459,4.04610551229e-05,0.000120648432394,0.00011589440277,0.000120648432394,0.329869263338,0.33654459444,0.329864016178
409,0.0831276092362,0.213738460605,0.0922829345616,0.0958210234523,0.0105236618394,0.0651863893512,0.0262967153009,0.087118412339,0.0357249591548,0.106684441917,0.0842492168404,0.0992461754024,1,0.01,30,13,1,4,20,2.43964267828e-05,2.34351102258e-05,2.43964267828e-05,0.000149613509293,5.68399190945e-05,0.00117762518648,2.43964267828e-05,2.34351102258e-05,2.43964267828e-05,0.330595565138,0.337285593895,0.330590306425
410,0.207107222153,0.017841962409,0.025302691339,0.391835412094,0.0122201752979,0.011991219265,0.00768742569044,0.101793128593,0.0674279101816,0.0119791369577,0.0898438123533,0.0549699036656,1,0.01,30,13,1,4,20,0.000221903755497,0.000213159862134,0.000221903755497,0.00113616719997,0.000458168860958,0.00441301231142,0.000221903755497,0.000213159862134,0.000221903755497,0.328677576436,0.335328792213,0.328672348232
411,0.0504234273558,0.0397565069672,0.0970485431085,0.0217174673005,0.0977591160606,0.119584692895,0.00248342671164,0.0890575180668,0.265787969697,0.0964607786569,0.0759552305708,0.0439653226091,1,0.01,30,13,1,4,20,4.38094992628e-05,4.2083230192e-05,4.38094992628e-05,4.76144370512e-05,1.57697589257e-05,0.000114430792543,4.38094992628e-05,4.2083230192e-05,4.38094992628e-05,0.330956901384,0.337654242248,0.330951636923
412,0.224214832918,0.067012525341,0.107891064551,0.0317374241767,0.108053534035,0.00661607903819,0.247461112781,0.0618653658394,0.0853903375105,0.000247716978942,0.0121240064417,0.0473860003885,1,0.01,30,13,1,4,20,0.00117416444069,0.00112789767681,0.00117416444069,0.00127342868598,0.0350009903916,0.00166091006235,0.00117416444069,0.00112789767681,0.00117416444069,0.316239246006,0.322638756082,0.316234215656
413,0.0978535917357,0.129623533906,0.0644948034895,0.124614859494,0.0579687192047,0.150328816674,0.0157008765902,0.0310481821502,0.0533877760821,0.0799744508228,0.00409485476501,0.190909535086,1,0.01,30,13,1,4,20,5.72488698647e-05,5.4993035969e-05,5.72488698647e-05,0.000168787534095,0.000105318694463,0.000566461703766,5.72488698647e-05,5.4993035969e-05,5.72488698647e-05,0.330711114672,0.337403481724,0.330705854121
414,0.307474672913,0.0564309813242,0.115088567332,0.00424901785567,0.115053589498,0.196183031747,0.0182580636378,0.0111620639514,0.0571974755276,0.0188737489332,0.060760876359,0.0392679109221,1,0.01,30,13,1,4,20,0.000598779226157,0.000575184935518,0.000598779226157,0.139021373202,0.0026235572777,0.000531826890396,0.000598779226157,0.000575184935518,0.000598779226157,0.282852787738,0.288576679658,0.282848288459
415,0.0103486815628,0.0749267997746,0.00726733028318,0.166973136928,0.083535275015,0.0878033675659,0.056887476002,0.00197805112673,0.286256457855,0.0158846359879,0.173796551281,0.0343422366177,1,0.01,30,13,1,4,20,1.15781394055e-05,1.11219145162e-05,1.15781394055e-05,0.103790853751,5.50318777058e-05,4.8721116632e-05,1.15781394055e-05,1.11219145162e-05,1.15781394055e-05,0.29667928901,0.302682978063,0.296674569796
416,0.0112214072349,0.0663025615684,0.154785195978,0.143214974753,0.245374917259,0.0124073837248,0.09770884608,0.0197437382975,0.0402888512269,0.195152676314,0.00194222883468,0.0118572187281,1,0.01,30,13,1,4,20,1.49567312737e-05,1.43673763842e-05,1.49567312737e-05,4.11552160936e-07,6.53591029661e-07,1.06205883137e-05,1.49567312737e-05,1.43673763842e-05,1.49567312737e-05,0.331068473386,0.337768072054,0.331063207151
417,0.138907261277,0.204250116071,0.277542660415,0.0963979217695,0.0546285898646,0.0591505452779,0.0603605102872,0.00947176556031,0.0689589767747,0.0170751805383,0.00105105846046,0.0122054137038,1,0.01,30,13,1,4,20,0.0859314139476,0.0825453733717,0.0859314139476,0.00173046461861,0.0018823172366,0.102997256384,0.0859314139476,0.0825453733717,0.0859314139476,0.127332945956,0.129909692773,0.127330920498
418,0.342420863983,0.0176391832107,0.102882625841,0.0774227929863,0.053240941618,0.0357410913078,0.0330460400301,0.000327524957232,0.136173922343,0.11438749223,0.0850879755826,0.00162954590963,1,0.01,30,13,1,4,20,0.000105010545241,0.000100872710767,0.000105010545241,0.000244887669762,0.000208898178265,0.000763850861229,0.000105010545241,0.000100872710767,0.000105010545241,0.330492629017,0.337180574729,0.330487371942
419,0.0408484169803,0.259371461752,0.0760929250906,0.0349369360751,0.119511256183,0.0384142543024,0.145232688463,0.0278180196493,0.0708060656757,0.0474242840663,0.128013514149,0.011530177614,1,0.01,30,13,1,4,20,3.45260011356e-07,3.31655389321e-07,3.45260011356e-07,0.000467261453939,7.2540397767e-08,0.00669022548277,3.45260011356e-07,3.31655389321e-07,3.45260011356e-07,0.328731108719,0.33538340779,0.328725879663
420,0.0985124997732,0.0538301874005,0.14235684092,0.0721383895096,0.283880372347,0.0607449571224,0.00496626712417,0.0681996347167,0.00238584820483,0.157779942347,0.0250673268368,0.0301377336984,1,0.01,30,13,1,4,20,2.2927308194e-05,2.20238807712e-05,2.2927308194e-05,1.17813204688e-07,3.35417409016e-05,1.14097209306e-05,2.2927308194e-05,2.20238807712e-05,2.2927308194e-05,0.331041793591,0.337740852359,0.33103652778
421,0.0243322879556,0.0494518264862,0.00378627509562,0.149299906282,0.0530474201899,0.324717007372,0.0553259614936,0.0502012619996,0.0850499874774,0.139797154111,0.0543795430927,0.0106113684445,1,0.01,30,13,1,4,20,4.47748691659e-05,4.3010560669e-05,4.47748691659e-05,0.0536851077567,0.000702612753024,0.0140640007664,4.47748691659e-05,4.3010560669e-05,4.47748691659e-05,0.30834940468,0.314589253614,0.308344499832
422,0.145937581417,0.0993264598682,0.0786731712763,0.103268914042,0.0617146866481,0.0310469298253,0.000129854097369,0.149544159135,0.097842050431,0.0362614638571,0.0275449487889,0.168709780614,1,0.01,30,13,1,4,20,2.66946929628e-06,2.56428155482e-06,2.66946929628e-06,5.12847804081e-05,6.56713021183e-05,0.00340756141608,2.66946929628e-06,2.56428155482e-06,2.66946929628e-06,0.329929458318,0.336606007543,0.3299242102
423,0.119330333206,0.0513137457198,0.120228122103,0.0342789903337,0.044670285598,0.0410334275433,0.0134906103579,0.00799766107902,0.125416362707,0.128791088622,0.0664918198457,0.246957552885,1,0.01,30,13,1,4,20,2.54685316765e-06,2.4464969909e-06,2.54685316765e-06,6.37974813564e-06,0.000538990330545,4.21214049199e-06,2.54685316765e-06,2.4464969909e-06,2.54685316765e-06,0.330914704735,0.337611191695,0.330909440945
424,0.000556455360739,0.0176734098821,0.00639873805046,0.115795465176,0.0868313953635,0.0416660170664,0.0548866274628,0.282904198271,0.0894908816075,0.00918993664497,0.28673425805,0.00787261706447,1,0.01,30,13,1,4,20,2.05389442436e-05,1.972962789e-05,2.05389442436e-05,3.77574471626e-05,0.000431608065798,1.22441037706e-05,2.05389442436e-05,1.972962789e-05,2.05389442436e-05,0.330901936784,0.337598165368,0.330896673198
425,0.0552322154801,0.00967105714649,0.128518628635,0.0100243759904,0.150934526006,0.242517196856,0.0170473820897,0.145921245153,0.0933473498741,0.00423927581481,0.0923092346274,0.050237512328,1,0.01,30,13,1,4,20,0.000154661834462,0.000148567541084,0.000154661834462,0.0201683715768,0.000913922157825,0.000166849716416,0.000154661834462,0.000148567541084,0.000154661834462,0.323762821599,0.330314580956,0.323757671573
426,0.047915847856,0.140457658265,0.00651162677102,0.246907768286,0.0115839435296,0.072611149234,0.146329212398,0.0773534371723,0.114462590558,0.0256393345958,0.0721202741036,0.0381071572305,1,0.01,30,13,1,4,20,3.84279771085e-05,3.69137614828e-05,3.84279771085e-05,0.130932362835,0.000132713893994,0.000200567176679,3.84279771085e-05,3.69137614828e-05,3.84279771085e-05,0.28756405347,0.293383283944,0.28755947925
427,0.0246378520253,0.0492683281593,0.00146065053497,0.498384572769,0.0254202243189,0.208481097163,0.00189952429214,0.0197633156309,0.0381030519407,0.00877699921216,0.109551087907,0.0142532960471,1,0.01,30,13,1,4,20,0.000750638381194,0.000721060233928,0.000750638381194,0.00629965592367,0.000516101316207,0.00339796126023,0.000750638381194,0.000721060233928,0.000750638381194,0.326248247303,0.332850302463,0.326243057742
428,0.036888478966,0.166697119731,0.0250248654444,0.0346217769519,0.132217602076,0.154525462248,0.180851002965,0.0283211824992,0.175514736878,0.0158072287877,0.0210933924284,0.0284371510239,1,0.01,30,13,1,4,20,0.00352981510973,0.00339072631045,0.00352981510973,0.00713970657102,0.00343359036489,0.00293690142739,0.00352981510973,0.00339072631045,0.00352981510973,0.319708155388,0.326177863331,0.319703069858
429,0.0274097807835,0.251450845863,0.0410909031549,0.0346045443647,0.0707059380885,0.200248391107,0.0133512832917,0.0690209680146,0.0599259187247,0.0966965419946,0.0813609311863,0.0541339534266,1,0.01,30,13,1,4,20,4.74266457076e-05,4.55578466344e-05,4.74266457076e-05,4.0807367089e-05,5.25375261767e-05,0.000162941904313,4.74266457076e-05,4.55578466344e-05,4.74266457076e-05,0.330923827762,0.337620499338,0.330918563827
430,0.033026032183,0.045243784076,0.150099736208,0.0415873293902,0.0886430417096,0.00453701870567,0.390848600398,0.0084050350699,0.0176728026492,0.0714906289816,0.0676484351267,0.0807975555027,1,0.01,30,13,1,4,20,0.000102658364822,9.86132156414e-05,0.000102658364822,0.000235009090219,6.18720718483e-05,0.000437714287239,0.000102658364822,9.86132156414e-05,0.000102658364822,0.330657176272,0.33734845181,0.330651916578
431,0.0438612084032,0.0522258213497,0.0659047413815,0.34228429877,0.150311955576,0.0317704530559,0.125027741355,0.0441627033166,0.0483581924172,0.0431016832051,0.00473501784594,0.0482561833238,1,0.01,30,13,1,4,20,0.000443230793572,0.000425765731814,0.000443230793572,3.39081246981e-05,0.000527780320407,0.00083028270073,0.000443230793572,0.000425765731814,0.000443230793572,0.329771820204,0.336445179418,0.329766574594
432,0.0377016642498,0.0812336469415,0.00458992276166,0.0261979072784,0.180745505044,0.0252178857675,0.183848510334,0.200306036816,0.0935580975459,0.081556219646,0.025436081054,0.0596085225618,1,0.01,30,13,1,4,20,3.83101504953e-05,3.68005777083e-05,3.83101504953e-05,5.04893758978e-05,0.00411584596,0.0004562778985,3.83101504953e-05,3.68005777083e-05,3.83101504953e-05,0.329496002846,0.336163780539,0.329490761623
433,0.0582790683412,0.000311665108138,0.107258667128,0.0220130186244,0.230517085612,0.0350703399479,0.114461789721,0.078586691664,0.119500521422,0.0522468052421,0.140421795188,0.0413325520005,1,0.01,30,13,1,4,20,1.18061415396e-05,1.13409324564e-05,1.18061415396e-05,0.000177376188954,7.60626032232e-06,0.00320168368778,1.18061415396e-05,1.13409324564e-05,1.18061415396e-05,0.329957188536,0.336634298918,0.329951939978
434,0.106069628378,0.0378889573896,0.0317469851283,0.039230898042,0.0050325885264,0.141993255313,0.0834459613046,0.178498713738,0.0750527068611,0.069696647078,0.199495952581,0.0318477056606,1,0.01,30,13,1,4,20,6.08725513359e-05,5.84739299318e-05,6.08725513359e-05,0.00110567810493,0.000551197468817,0.000166341050424,6.08725513359e-05,5.84739299318e-05,6.08725513359e-05,0.330378653766,0.337064293042,0.330373398503
435,0.00216775831524,0.0185715360581,0.13400672306,0.0826753034235,0.0165416978946,0.171449693384,0.00240197478573,0.0149927842882,0.196730577402,0.137745084762,0.0578316310564,0.164885235571,1,0.01,30,13,1,4,20,2.09690967761e-05,2.01428306964e-05,2.09690967761e-05,3.02262432001e-05,3.72357685644e-05,0.000115098903037,2.09690967761e-05,2.01428306964e-05,2.09690967761e-05,0.331000108986,0.337698324212,0.330994843838
436,0.0413281646785,0.074626635747,0.0573096687535,0.180606511356,0.270744781064,0.0214018299299,0.0981867180257,0.00512641805245,0.0390893966052,0.0359392845944,0.172072736785,0.00356785440824,1,0.01,30,13,1,4,20,0.000372417270377,0.00035774254398,0.000372417270377,0.0350637700804,0.00691816099096,0.000393138152045,0.000372417270377,0.00035774254398,0.000372417270377,0.316341079258,0.322742650061,0.316336047288
437,0.0431375520431,0.362861490727,0.118570730419,0.0165313787089,0.0597024528158,0.0205206489537,0.0092373605355,0.0732480482978,0.140065262129,0.0587779168954,0.0387694197927,0.0585777386817,1,0.01,30,13,1,4,20,0.000153438540922,0.00014739245019,0.000153438540922,0.00014754030121,0.000306773085342,0.000170382840944,0.000153438540922,0.00014739245019,0.000153438540922,0.330594008712,0.337284005973,0.330588750023
438,0.121610418519,0.0233109060155,0.0258625269826,0.0902876482798,0.0028484951002,0.389105335337,0.0710324443429,0.0661357271329,0.112192627102,0.00933337201615,0.0262969573504,0.0619835418208,1,0.01,30,13,1,4,20,0.000143381204885,0.000137731413322,0.000143381204885,0.000151554637718,0.00125113492928,0.0135772692491,0.000143381204885,0.000137731413322,0.000143381204885,0.325860674934,0.332454887066,0.325855491538
439,0.0279223645644,0.12704831963,0.131216352904,0.104327517252,0.23806032193,0.00997864208318,0.0255990269714,0.00597122296668,0.0221217149427,0.02993085797,0.111059417591,0.166764241195,1,0.01,30,13,1,4,20,1.00756730869e-05,9.67865136531e-06,1.00756730869e-05,3.79829430354e-06,1.47312143801e-05,4.9615965247e-06,1.00756730869e-05,9.67865136531e-06,1.00756730869e-05,0.331074134003,0.33777384722,0.331068867677
440,0.0690351315961,0.0137268884549,0.023443361348,0.0303702279748,0.204068708273,0.0061320155433,0.0433225176087,0.0184345539671,0.10713846992,0.0154455026568,0.0772582288665,0.39162439379,1,0.01,30,13,1,4,20,7.46397885875e-06,7.16986831044e-06,7.46397885875e-06,4.28558723759e-06,7.07122031448e-06,5.15688209354e-05,7.46397885875e-06,7.16986831044e-06,7.46397885875e-06,0.331066197436,0.337765750047,0.331060931237
441,0.0785945974538,0.0686279755904,0.0853869293043,0.186772864538,0.0788901031658,0.0101505979652,0.119601170049,0.024303362494,0.13497067977,0.0431859720893,0.162594936662,0.00692081091935,1,0.01,30,13,1,4,20,1.92542003752e-06,1.84955080561e-06,1.92542003752e-06,0.0905874268119,7.88724952805e-05,0.00248097240686,1.92542003752e-06,1.84955080561e-06,1.92542003752e-06,0.300256673854,0.306332755915,0.300251897735
442,0.190578749848,0.0344893663389,0.0591593930412,0.0332193435332,0.0977803058432,0.0264348896153,0.124570715262,0.0113464802671,0.273793715255,0.0469179134471,0.0925632377528,0.00914588979696,1,0.01,30,13,1,4,20,4.89885405496e-05,4.70581965877e-05,4.89885405496e-05,0.00592685538362,0.0150234107456,4.57306340733e-05,4.89885405496e-05,4.70581965877e-05,4.89885405496e-05,0.32405381313,0.330611461076,0.324048658475
443,0.0406334134005,0.038733687579,0.132013031024,0.0435426337519,0.25602060667,0.0834960518181,0.000971732021223,0.146991160012,0.016644978275,0.188797908852,0.00721044874945,0.0449443478472,1,0.01,30,13,1,4,20,1.38863831666e-06,1.33392042631e-06,1.38863831666e-06,0.0929377384825,0.00280489436197,2.67460203701e-05,1.38863831666e-06,1.33392042631e-06,1.38863831666e-06,0.299389542179,0.305448076709,0.299384779853
444,0.08180444266,0.054711002407,0.0286033893356,0.177256069197,0.0710511648267,0.133156709481,0.24719001424,0.0791319365722,0.00151244455233,0.0541843760209,0.0425651058481,0.0288333448589,1,0.01,30,13,1,4,20,5.21017897018e-05,5.00487713014e-05,5.21017897018e-05,3.24495459759e-05,0.0106345107057,7.76958327586e-06,5.21017897018e-05,5.00487713014e-05,5.21017897018e-05,0.327465098223,0.334091777935,0.327459889306
445,0.0164460326942,0.129586922015,0.0122515056891,0.0488763944441,0.132845874847,0.162830680057,0.0801711648235,0.0470980303042,0.0527112233234,0.272299848394,0.0110248468687,0.0338574765394,1,0.01,30,13,1,4,20,2.4758192286e-05,2.37826207248e-05,2.4758192286e-05,1.2543169203e-05,0.000191885042448,6.20228483593e-05,2.4758192286e-05,2.37826207248e-05,2.4758192286e-05,0.330964904235,0.337662407047,0.330959639647
446,0.311409955304,0.0432560779083,0.0835003049117,0.0196675297243,0.0027713766863,0.000320136322925,0.0932724005829,0.331807245947,0.0961776589416,0.00545621059975,0.00599799321315,0.00636310985784,1,0.01,30,13,1,4,20,0.00275751205369,0.00264885507631,0.00275751205369,0.00336709457469,0.351958675865,0.0543650415858,0.00275751205369,0.00264885507631,0.00275751205369,0.190046207292,0.193892038048,0.190043184268
447,0.311013457349,0.111865674349,0.121817851127,0.00773031712713,0.0130588467654,0.0501326292908,0.0362159786481,0.0403538456705,0.0263393971002,0.213881045574,0.00114167216477,0.0664492848345,1,0.01,30,13,1,4,20,3.47606558027e-05,3.33909472691e-05,3.47606558027e-05,2.33541701533e-05,0.000280431222497,5.57949660476e-06,3.47606558027e-05,3.33909472691e-05,3.47606558027e-05,0.3309310854,0.337627903844,0.33092582135
448,0.15364105781,0.10577357283,0.286158827453,0.00909858495405,0.0957460438655,0.019185651477,0.0172198471865,0.089542220503,0.0665338175211,0.0118119915995,0.104292898374,0.040995486427,1,0.01,30,13,1,4,20,0.000683270034906,0.000656346469283,0.000683270034906,0.017584123297,0.00255122115011,0.00283534356303,0.000683270034906,0.000656346469283,0.000683270034906,0.322156470209,0.328675722968,0.322151345735
449,0.0679869940774,0.0100491041816,0.0350228488036,0.0336712872403,0.0521649866407,0.00632275614915,0.0488720935577,0.153260647912,0.0854002292924,0.154219559819,0.195381286747,0.157648205578,1,0.01,30,13,1,4,20,1.82482310327e-06,1.75291779195e-06,1.82482310327e-06,0.00544618351966,5.87996967902e-06,3.03273534067e-06,1.82482310327e-06,1.75291779195e-06,1.82482310327e-06,0.329291896429,0.335955543765,0.329286658453
450,0.183846498275,0.0745463646676,0.0217162010844,0.00549546059715,0.104793974457,0.098776667965,0.297437304292,0.0433616002642,0.0205094181418,0.0142101904371,0.0504331308608,0.0848731889579,1,0.01,30,13,1,4,20,0.000381132310733,0.000366114176972,0.000381132310733,0.0813484280189,0.00709503679557,0.00134839905671,0.000381132310733,0.000366114176972,0.000381132310733,0.300624213598,0.306707733301,0.300619431633
451,0.27979751067,0.144150084501,0.0301963018106,0.10758544716,0.24195083973,0.000603099757627,0.093179198155,0.00386164339304,0.0613624885746,0.0261070832134,0.010479402369,0.000726900665019,1,0.01,30,13,1,4,20,0.00233773780263,0.00224562160564,0.00233773780263,0.00542854782056,0.000899751824732,0.0998348704581,0.00233773780263,0.00224562160564,0.00233773780263,0.291367689411,0.297263891377,0.291363054687
452,0.0771171811054,0.0214486941167,0.213404440571,0.0807193001035,0.0344730591349,0.287579659293,0.0364942481417,0.0537708200731,0.0289451712459,0.00045645496888,0.0463947246932,0.119196246552,1,0.01,30,13,1,4,20,0.000161113597002,0.000154765078437,0.000161113597002,0.0343103699003,0.00100407849253,0.00681711876486,0.000161113597002,0.000154765078437,0.000161113597002,0.316835967544,0.323247553052,0.316830927702
453,0.176546728741,0.100074720757,0.0978231355298,0.0105939806413,0.00551395008355,0.0496456052003,0.176709336952,0.00263814037786,0.0899643233242,0.202259337718,0.0466573569619,0.0415733837131,1,0.01,30,13,1,4,20,7.09949963033e-06,6.81975101789e-06,7.09949963033e-06,0.0563281566035,3.24970961136e-05,0.000897605191518,7.09949963033e-06,6.81975101789e-06,7.09949963033e-06,0.312129441903,0.318445784778,0.312124476927
454,0.00671064148266,0.0431655425778,0.135385433975,0.0647131357672,0.267734318098,0.0744519473272,0.0822176412808,0.0216218922526,0.206669593367,0.068979944681,0.0093355190352,0.0190143901563,1,0.01,30,13,1,4,20,0.000468794738661,0.000450322355466,0.000468794738661,0.000303919310444,0.000586878025072,0.00670182480472,0.000468794738661,0.000450322355466,0.000468794738661,0.327668655796,0.334299454758,0.32766344364
455,0.0708078266875,0.147565104381,0.215228354768,7.82372193106e-05,0.0996257992483,0.0642334776613,0.0267143231123,0.131033608082,0.0689214712042,0.164350213275,0.00896739251978,0.00247419184131,1,0.01,30,13,1,4,20,0.000168637120347,0.000161992144943,0.000168637120347,0.000417613246137,0.000599944471211,0.00180100945659,0.000168637120347,0.000161992144943,0.000168637120347,0.329837817321,0.336512512072,0.329832570661
456,0.0768311127472,0.230842101039,0.161659906234,0.0188205166812,0.0193758831466,0.115635957306,0.00567760110088,0.0801687687425,0.00832098794071,0.0710858594164,0.0879999873741,0.123581318271,1,0.01,30,13,1,4,20,6.00873368278e-07,5.77196560083e-07,6.00873368278e-07,0.0567945707074,2.30734820417e-06,0.000346363464821,6.00873368278e-07,5.77196560083e-07,6.00873368278e-07,0.31218026501,0.318497636357,0.312175299226
457,0.13026755235,0.0205852495574,0.0468337356901,0.15065752029,0.109183417853,0.0146372669633,0.103235248867,0.0671382849943,0.0513441808724,0.0458790154865,0.108926899067,0.151311628008,1,0.01,30,13,1,4,20,1.4507218655e-05,1.39355763562e-05,1.4507218655e-05,1.75811670287e-05,0.000990642676276,0.000315972248133,1.4507218655e-05,1.39355763562e-05,1.4507218655e-05,0.330634780297,0.337325602624,0.33062952096
458,0.0189929679648,0.133964820374,0.0790634603334,0.134897472836,0.0365176716182,0.0446636077839,0.0274052332499,0.126621283114,0.0688030877829,0.0616244716691,0.0126278012737,0.254818122001,1,0.01,30,13,1,4,20,1.33016118159e-05,1.27774752369e-05,1.33016118159e-05,1.17840702666e-05,5.82962295404e-06,0.00110304329336,1.33016118159e-05,1.27774752369e-05,1.33016118159e-05,0.330704536046,0.337396769971,0.330699275599
459,0.0219733586719,0.0487095480139,0.0332013984834,0.211454508148,0.0994989693244,0.106179027985,0.265148470637,0.00171489931191,0.0742591894096,0.0654987041103,0.0554856844321,0.0168762414727,1,0.01,30,13,1,4,20,0.000245487721481,0.000235814525758,0.000245487721481,0.000424287608763,0.000470755696383,0.00043142432094,0.000245487721481,0.000235814525758,0.000245487721481,0.330181187092,0.336862830374,0.33017593497
460,0.0386136110964,0.0974644833318,0.0146861007984,0.0544945643792,0.0254018463713,0.0711459139845,0.020140890499,0.0697640145006,0.0912504121696,0.121606105445,0.146068115598,0.249363941826,1,0.01,30,13,1,4,20,2.31955941943e-06,2.22815952326e-06,2.31955941943e-06,0.0113326591781,9.13030468893e-06,0.000329412417988,2.31955941943e-06,2.22815952326e-06,2.31955941943e-06,0.327232763548,0.333854741667,0.327227558327
461,0.0264870532417,0.0254159763737,0.240390265295,0.0642635637936,0.000102652898244,0.0228200714827,0.00694763395924,0.2117007806,0.00964889286928,0.0164655495006,0.263139081904,0.112618478082,1,0.01,30,13,1,4,20,2.06544048298e-05,1.98405388684e-05,2.06544048298e-05,4.74534245366e-05,1.28807276426e-05,2.72118893602e-05,2.06544048298e-05,1.98405388684e-05,2.06544048298e-05,0.331032185528,0.337731049864,0.33102691987
462,0.0906322295966,0.110959094806,0.0435275576556,0.0651290134003,0.0251671759628,0.0206280167096,0.216137740433,0.11645511589,0.0252295968981,0.0956343799615,0.00175912948176,0.188740949205,1,0.01,30,13,1,4,20,2.26519779776e-06,2.17593996639e-06,2.26519779776e-06,0.0522419679305,1.62883283081e-05,0.000641908657266,2.26519779776e-06,2.17593996639e-06,2.26519779776e-06,0.313581891805,0.319927626882,0.313576903725
463,0.0143337721979,0.242893279705,0.173405915296,0.127324292147,0.0237838550235,0.0377071401489,0.218999638514,0.0830292602486,0.00231300020418,0.0167207158053,0.0421963941775,0.0172927365321,1,0.01,30,13,1,4,20,0.00124128935417,0.00119237760087,0.00124128935417,0.0198756406142,0.0146286516011,0.0132851938949,0.00124128935417,0.00119237760087,0.00124128935417,0.312844918718,0.319175740192,0.312839942361
464,0.010914211877,0.131135195972,0.0316728302482,0.0294607055755,0.0376528101989,0.0253545132205,0.0251343697191,0.00607187511289,0.0572865051028,0.140807566248,0.244126836347,0.26038258038,1,0.01,30,13,1,4,20,2.48808102658e-05,2.39004070669e-05,2.48808102658e-05,0.0121038144401,3.52383963761e-05,0.000170288358696,2.48808102658e-05,2.39004070669e-05,2.48808102658e-05,0.32697724286,0.333594050187,0.326972041703
465,0.0964717320512,0.0862850874339,0.0340108781201,0.0764169410839,0.00885238032607,0.0275548831282,0.0150845977899,0.0542471788601,0.106124661858,0.306553441878,0.0709124280715,0.117485789399,1,0.01,30,13,1,4,20,1.08074608049e-06,1.03816037275e-06,1.08074608049e-06,6.31501636171e-07,0.000473472022868,6.38115217985e-07,1.08074608049e-06,1.03816037275e-06,1.08074608049e-06,0.330942358902,0.33763940548,0.330937094673
466,0.102930942227,0.00742033879296,0.138961809221,0.372650536167,0.000879810641646,0.00528709049673,0.0780217387132,0.148719121416,0.0722004492448,0.0385940689194,0.0326577545258,0.00167633963429,1,0.01,30,13,1,4,20,2.44538340653e-06,2.34902554323e-06,2.44538340653e-06,1.08820447354e-07,3.03775564504e-05,2.60292194095e-05,2.44538340653e-06,2.34902554323e-06,2.44538340653e-06,0.331078158848,0.337777953513,0.331072892458
467,0.0655213359458,0.0169939804159,0.00149760528069,0.187061399285,0.0211271121136,0.218145722469,0.0119070229202,0.162558428054,0.0452517883897,0.00150504799232,0.0907781064165,0.177652450717,1,0.01,30,13,1,4,20,0.000144059140393,0.000138382635465,0.000144059140393,0.000956465195005,0.000565742028282,0.000608977156102,0.000144059140393,0.000138382635465,0.000144059140393,0.330113596446,0.336793871944,0.330108345399
468,0.0368241879568,0.115634478094,0.0224844109828,0.0392355784908,0.0867203247851,0.0919453355731,0.0753559435243,0.146011549475,0.00262254172571,0.0297933289952,0.28585544879,0.0675168716066,1,0.01,30,13,1,4,20,2.35805408323e-05,2.26513734372e-05,2.35805408323e-05,0.00232697822823,0.00213808670073,1.56884938102e-05,2.35805408323e-05,2.26513734372e-05,2.35805408323e-05,0.329571850509,0.336241163078,0.32956660808
469,0.264479612364,0.0844629128568,0.0525852543288,7.31438231703e-05,0.0797647943009,0.0659387401856,0.119786363504,0.0446227652196,0.0274351291275,0.0149261768584,0.0554237073319,0.190501400099,1,0.01,30,13,1,4,20,1.30473751215e-07,1.25332564827e-07,1.30473751215e-07,0.000180823135138,9.76546347567e-08,0.00322670089668,1.30473751215e-07,1.25332564827e-07,1.30473751215e-07,0.329973140459,0.336650573648,0.329967891646
470,0.0742173110822,0.23724007202,0.0532114382449,0.0640621496443,0.00730278727236,0.0217234078778,0.0111995238022,0.0030906310128,0.38690188327,0.00981094887634,0.0853830448967,0.045856802001,1,0.01,30,13,1,4,20,0.000169174438597,0.000162508290711,0.000169174438597,1.14557165058e-05,0.00011930096711,0.000875944787803,0.000169174438597,0.000162508290711,0.000169174438597,0.330436675652,0.337123489075,0.330431419466
471,0.0213976608287,0.195201337315,0.0181817605706,0.106881467035,0.0456576833411,0.116057973086,0.0526175637793,0.00104041253277,0.0618542299535,0.0132160588274,0.197054103526,0.170839749204,1,0.01,30,13,1,4,20,0.000104766822867,0.000100638592027,0.000104766822867,0.00118149823747,9.5791581668e-05,0.000999279886956,0.000104766822867,0.000100638592027,0.000104766822867,0.33014249236,0.336823352604,0.330137240854
472,0.0566302339861,0.16302122149,0.092522917865,0.0672959884856,0.0561295028623,0.0159235578822,0.0116646492215,0.0123462511343,0.260020963904,0.0608084304524,0.0243464803783,0.179289802338,1,0.01,30,13,1,4,20,2.15603975148e-05,2.07108318267e-05,2.15603975148e-05,9.31684649418e-06,1.54550036975e-05,0.00168255839111,2.15603975148e-05,2.07108318267e-05,2.15603975148e-05,0.330494096068,0.337182071468,0.330488838969
473,0.045295197932,0.0723775840664,0.11364731725,0.0163452696804,0.0658836154576,0.0475665969197,0.104172180571,0.106280297991,0.00948060983388,0.00737290476852,0.381225719261,0.0303527062677,1,0.01,30,13,1,4,20,1.42063667309e-05,1.36465791983e-05,1.42063667309e-05,0.00147527593686,0.0023262094013,1.17818248491e-05,1.42063667309e-05,1.36465791983e-05,1.42063667309e-05,0.329811234545,0.336485391359,0.329805988308
474,0.00396068777457,0.0951651239841,0.0543269894602,0.196160669433,0.000536519231308,0.0555962174825,0.111847909639,0.0263600912997,0.0877806847945,0.158105056931,0.133804325568,0.0763557244023,1,0.01,30,13,1,4,20,1.82484146148e-06,1.75293542678e-06,1.82484146148e-06,1.5906408976e-07,4.91110760382e-05,8.42951629598e-07,1.82484146148e-06,1.75293542678e-06,1.82484146148e-06,0.33108149531,0.337781357493,0.331076228868
475,0.0975162045342,0.205064871821,0.121299491825,0.112813587939,0.00465670996608,0.0534230048127,0.12955449857,0.0161130141223,0.0220108115229,0.0084079222166,0.177571640773,0.0515682418964,1,0.01,30,13,1,4,20,4.67956711038e-05,4.49517349476e-05,4.67956711038e-05,0.0556750088268,0.000709139166098,0.000276802497105,4.67956711038e-05,4.49517349476e-05,4.67956711038e-05,0.312249386709,0.318568156822,0.312244419824
476,0.0542825515649,0.061946923031,0.0424625433187,0.0263811805601,0.112476560067,0.147729772421,0.277675988371,0.0236306344806,0.0372258058647,0.040305098751,0.0382013006584,0.137681640912,1,0.01,30,13,1,4,20,1.39468140325e-05,1.33972539118e-05,1.39468140325e-05,1.61101678891e-05,3.1933261812e-05,0.00303332781168,1.39468140325e-05,1.33972539118e-05,1.39468140325e-05,0.330054075361,0.336733146373,0.330048825261
477,0.0741901799079,0.0958298833145,0.0120680253339,0.047146512117,0.0316451854423,0.0243551536324,0.105248727541,0.236016578146,0.0429769944105,0.087607945704,0.119194711172,0.123720103278,1,0.01,30,13,1,4,20,0.000160596021239,0.000154267897224,0.000160596021239,0.00528386450423,0.00207355126665,0.00139533300901,0.000160596021239,0.000154267897224,0.000160596021239,0.327888764616,0.334524017765,0.327883548959
478,0.111174575427,0.0492508755889,0.0260694919657,0.0734537523679,0.0595910370905,0.00802211314327,0.0964800205631,0.161327067434,0.0357892105518,0.0667195285343,0.0514802981306,0.260642029203,1,0.01,30,13,1,4,20,5.32589894568e-06,5.11603727688e-06,5.32589894568e-06,0.0176596037677,0.000604122824321,2.40138999414e-05,5.32589894568e-06,5.11603727688e-06,5.32589894568e-06,0.325036122623,0.331613648872,0.325030952343
479,0.0463778862876,0.147901535198,0.0739434080408,0.0228129964497,0.0101528133973,0.0336406546835,0.0279612435695,0.0869427819721,0.0188227767638,0.160727127888,0.228090846396,0.142625929354,1,0.01,30,13,1,4,20,1.57699407581e-05,1.51485421702e-05,1.57699407581e-05,5.5528862884e-05,3.54367176338e-05,1.04624393618e-05,1.57699407581e-05,1.51485421702e-05,1.57699407581e-05,0.331037165254,0.337736130361,0.331031899517
480,0.0307870720399,0.18622308333,0.0180990506203,0.038533451114,0.128099586956,0.110775716696,0.00678158165617,0.064511090204,0.222057701148,0.0743888421654,0.0567134235645,0.0630294005067,1,0.01,30,13,1,4,20,0.00010800907115,0.00010375308279,0.00010800907115,0.000194609215096,0.000240680850012,8.86730348969e-05,0.00010800907115,0.00010375308279,0.00010800907115,0.330716426845,0.337408901396,0.330711166209
481,0.0643200551015,0.0850839692204,0.0101449729282,0.0926608745575,0.0859448011697,0.0550295899527,0.110755852855,0.101904049321,0.0566484379827,0.00213815986381,0.245489201211,0.0898800358371,1,0.01,30,13,1,4,20,5.84458807849e-05,5.61428798829e-05,5.84458807849e-05,0.00117947908374,0.0016239293591,0.000430778734854,5.84458807849e-05,5.61428798829e-05,5.84458807849e-05,0.329916236594,0.33659251826,0.329910988686
482,0.232515752121,0.019815802672,0.250205584791,0.0882329934737,0.0125266357616,0.0395970100161,0.147510423403,0.0260021022346,0.00762896114581,0.115679697411,0.0516001676632,0.00868486930691,1,0.01,30,13,1,4,20,7.37042119454e-05,7.07999719149e-05,7.37042119454e-05,0.0261034478732,0.00115673767355,0.0131682020644,7.37042119454e-05,7.07999719149e-05,7.37042119454e-05,0.317571260674,0.323997725788,0.317566209135
483,0.000420475494351,0.00892338577997,0.148165436811,0.069058027121,0.0595610429763,0.118835389521,0.0384997345149,0.209756607632,0.00846038580239,0.256630490603,0.0474340962238,0.0342549275199,1,0.01,30,13,1,4,20,6.45448514015e-05,6.20015267224e-05,6.45448514015e-05,0.00101124205348,0.00168291262387,0.000283647244651,6.45448514015e-05,6.20015267224e-05,6.45448514015e-05,0.329989169046,0.336666926594,0.329983919979
484,0.217397149749,0.0775330685162,0.0657432685118,0.0899449131366,0.0979041081401,0.0347924109916,0.0937963900583,0.0853142736481,0.113284342455,0.0161366801232,0.0362941541538,0.0718592405157,1,0.01,30,13,1,4,20,0.000248705883156,0.000238905879023,0.000248705883156,0.000775099848665,0.00570031709564,0.00151965033202,0.000248705883156,0.000238905879023,0.000248705883156,0.327966893382,0.334603727568,0.327961676483
485,0.0130115612708,0.0499336113375,0.021440827104,0.0360157706458,0.0544064860207,0.0869254702206,0.146686670749,0.0361655832689,0.176002798221,0.25042537133,0.0192687577707,0.109717092061,1,0.01,30,13,1,4,20,9.1402466927e-07,8.78008450343e-07,9.1402466927e-07,4.8715948395e-08,4.37059821789e-08,0.000770959123614,9.1402466927e-07,8.78008450343e-07,9.1402466927e-07,0.330844577059,0.337539644895,0.330839314385
486,0.0240772535158,0.0820670058704,0.00405955609956,0.000321760616096,0.0100815177695,0.00404036265162,0.335274377408,0.00207296909065,0.11850803107,0.170655597605,0.233892732681,0.014948835622,1,0.01,30,13,1,4,20,7.83468252727e-07,7.52596477531e-07,7.83468252727e-07,0.00207371271549,1.82712116096e-05,4.33261517054e-07,7.83468252727e-07,7.52596477531e-07,7.83468252727e-07,0.330407326652,0.33709354616,0.330402070933
487,0.261164227917,0.0824336043185,0.000522549040163,0.18271830478,0.0638131122826,0.146444250908,0.110559703328,0.0141994119577,0.042203611979,0.0298866762698,0.0329092767494,0.0331452704707,1,0.01,30,13,1,4,20,0.000570642069569,0.000548156495166,0.000570642069569,0.000737229813228,0.00112886580858,0.00209928779412,0.000570642069569,0.000548156495166,0.000570642069569,0.328669967202,0.335321028995,0.328664739119
488,0.175850990971,0.0850322591836,0.118857780204,0.00228655297681,0.0485606129908,0.00266532726229,0.16967688554,0.0979545531685,0.00995177639729,0.247170122666,0.0370140723282,0.00497906631204,1,0.01,30,13,1,4,20,2.19323683984e-05,2.10681455733e-05,2.19323683984e-05,2.09225593594e-05,1.67719877248e-05,3.98548953132e-05,2.19323683984e-05,2.10681455733e-05,2.19323683984e-05,0.33103298995,0.337731870564,0.331027724279
489,0.321878397949,0.00310975914326,0.0288288112106,0.127840534731,0.0163890688679,0.0408612153898,0.0359633261451,0.0632148067331,0.0323886220465,0.0305089851878,0.176327412242,0.122689060354,1,0.01,30,13,1,4,20,0.000157864066085,0.000151643592004,0.000157864066085,0.00184034047808,0.000605715942901,0.000419351348445,0.000157864066085,0.000151643592004,0.000157864066085,0.329843429073,0.336518237385,0.329838182324
490,0.0854181117772,0.0939376259145,0.0143693273044,0.151613904338,0.135962830367,0.00215762347004,0.132223620299,0.01349749254,0.212395569168,0.0459154662195,0.0994558572105,0.013052571391,1,0.01,30,13,1,4,20,0.000105604184351,0.000101442958127,0.000105604184351,9.98187911952e-06,0.000310163848439,0.000268348131473,0.000105604184351,0.000101442958127,0.000105604184351,0.330699775424,0.337391913011,0.330694515053
491,0.000894343258947,0.107616277077,0.139397389897,0.0991542572486,0.134103984286,0.00548955736893,0.000382349949924,0.196152683358,0.125858652821,0.134643990743,0.0289773910596,0.0273291229313,1,0.01,30,13,1,4,20,4.94841333228e-05,4.75342610282e-05,4.94841333228e-05,4.50336811332e-05,4.39203552423e-05,3.25821892907e-05,4.94841333228e-05,4.75342610282e-05,4.94841333228e-05,0.330964410162,0.337661902976,0.330959145582
492,0.0150758875123,0.18017697575,0.108744097023,0.0757668143894,0.149931162161,0.07600052648,0.0951284787868,0.0492334662976,0.0851991749671,0.0616380468078,0.0541975205504,0.0489078492752,1,0.01,30,13,1,4,20,5.12138938261e-05,4.91958620659e-05,5.12138938261e-05,0.116334554312,0.00159934114757,0.000357385661338,5.12138938261e-05,4.91958620659e-05,5.12138938261e-05,0.291834819595,0.297740474544,0.29183017744
493,0.248332956001,0.140086041121,0.015097756686,0.0158618472568,0.132134326634,0.00981695041262,0.224497112481,0.00636467348004,0.106842627104,0.0366577982058,0.0516911815522,0.0126167290655,1,0.01,30,13,1,4,20,0.000291506254837,0.000280019745286,0.000291506254837,0.000380638781372,0.00913451727612,0.00109924998936,0.000291506254837,0.000280019745286,0.000291506254837,0.327015715116,0.33363330098,0.327010513347
494,0.0213818208493,0.0201400231684,0.0449543670422,0.111478791458,0.181005454442,0.146444164838,0.172934414519,0.0249111880148,0.144349897022,0.018219155346,0.111387257386,0.00279346591522,1,0.01,30,13,1,4,20,0.000851793974249,0.000818229893006,0.000851793974249,0.0197259656302,0.00376741222011,0.00219672027135,0.000851793974249,0.000818229893006,0.000851793974249,0.320925675022,0.327420021048,0.320920570125
495,0.202222662132,0.0725552085436,0.00953000392914,0.0207692570428,0.134371595655,0.122373205028,0.0247300768453,0.113047355236,0.141413353382,0.0165442869592,0.112501251353,0.0299417438937,1,0.01,30,13,1,4,20,1.62187021691e-05,1.55796205911e-05,1.62187021691e-05,0.00189264743032,0.00758713472921,0.000319016952544,1.62187021691e-05,1.55796205911e-05,1.62187021691e-05,0.327825469731,0.334459442026,0.327820255081
496,0.0399508628688,0.11073472041,0.0702504072691,0.126359871083,0.0565114049563,0.173768370279,0.0131584848847,0.0706506027078,0.0242206138184,0.0733888904888,0.0888006737581,0.152205097476,1,0.01,30,13,1,4,20,2.04883379049e-05,1.9681015643e-05,2.04883379049e-05,0.0253271655936,0.000648864629912,1.09614441607e-06,2.04883379049e-05,1.9681015643e-05,2.04883379049e-05,0.322460427941,0.328985831677,0.322455298631
497,0.00662805748961,0.0161796410951,0.0746104325635,0.0218097066758,0.134269073373,0.31934536459,0.0156576983417,0.19497209093,0.0941517170549,0.00396767222114,0.095838394498,0.0225701511672,1,0.01,30,13,1,4,20,9.44195435027e-05,9.06990367548e-05,9.44195435027e-05,0.002403576822,0.0104319967868,0.0048333434401,9.44195435027e-05,9.06990367548e-05,9.44195435027e-05,0.325066346532,0.331644484401,0.325061175771
498,0.0112627189363,0.0503807169809,0.0695575208457,0.0427809686503,0.0201323607555,0.00814761055975,0.151330355593,0.0133906444002,0.266254410572,0.104876491527,0.25828775234,0.0035984488402,1,0.01,30,13,1,4,20,2.08849695046e-05,2.00620183751e-05,2.08849695046e-05,3.97738149978e-05,6.19743399969e-05,2.28317478263e-05,2.08849695046e-05,2.00620183751e-05,2.08849695046e-05,0.331019471529,0.337718078581,0.331014206073
499,0.0260031719732,0.0109151040959,0.0774163553156,0.236670517514,0.0989674356497,0.145650510552,0.00949872084357,0.0273085074239,0.177013004482,0.0127180132547,0.115842740547,0.0619959183481,1,0.01,30,13,1,4,20,6.93646821231e-05,6.66314368824e-05,6.93646821231e-05,4.48277418055e-05,8.50892371757e-05,0.000191527532464,6.93646821231e-05,6.66314368824e-05,6.93646821231e-05,0.330859244051,0.337554608692,0.330853981143
500,0.143528902908,0.0945931782707,0.0345821830006,0.0190575139087,0.047627544158,0.0931274949503,0.207377870061,0.0425728642679,0.0502419627757,0.0847119973973,0.0518959795823,0.130682508719,1,0.01,30,13,1,4,20,1.07584775104e-06,1.03345505702e-06,1.07584775104e-06,1.57630882816e-06,0.00172381976673,0.000809313324547,1.07584775104e-06,1.03345505702e-06,1.07584775104e-06,0.330260309749,0.336943554181,0.330255056369
501,0.233433250676,0.135798203885,0.0833490404975,0.183564431343,0.0319503013483,0.0447533023601,0.0197454739793,0.014826715308,0.133074614122,0.00549001840776,0.0788479888128,0.0351666592605,1,0.01,30,13,1,4,20,5.37341443551e-05,5.16168046682e-05,5.37341443551e-05,0.00127306777344,0.0013712157265,0.0145822629459,5.37341443551e-05,5.16168046682e-05,5.37341443551e-05,0.325292580573,0.331875296581,0.325287406213
502,0.0483252192805,0.0532659060479,0.11437570769,0.00256290523149,0.103064878445,0.0097140437008,0.00519748679593,0.135834223735,0.0792955435149,0.00909241834915,0.168882717318,0.270388949891,1,0.01,30,13,1,4,20,1.9294016717e-05,1.85337554752e-05,1.9294016717e-05,0.0103508282213,0.000231794421112,0.00199885844847,1.9294016717e-05,1.85337554752e-05,1.9294016717e-05,0.326898089888,0.333513295453,0.32689288999
503,0.119401943945,0.00549400668522,0.143667649969,0.0879912502201,0.000317941152507,0.126828534519,0.0119625530291,0.0377089937159,0.0778766815013,0.0809943662739,0.195351588208,0.112404490781,1,0.01,30,13,1,4,20,8.66095693799e-05,8.31968067741e-05,8.66095693799e-05,0.00593134723392,0.000273560649576,0.00018237619411,8.66095693799e-05,8.31968067741e-05,8.66095693799e-05,0.328817025581,0.335471063291,0.328811795159
504,0.00114342722636,0.0605215700157,0.0766386355186,0.26965978861,0.0107353296653,0.0412189275003,0.122041224727,0.0777783107556,0.0156893545678,0.0308282238742,0.249387103314,0.0443581042256,1,0.01,30,13,1,4,20,1.01615652792e-05,9.76115906257e-06,1.01615652792e-05,0.000132606753934,2.27014824516e-05,0.00149525606625,1.01615652792e-05,9.76115906257e-06,1.01615652792e-05,0.330535238964,0.337224046944,0.33052998121
505,0.114126431002,0.127709331792,0.04341659021,0.0488001659257,0.0053143848407,0.192089771176,0.0142358439974,0.098540652274,0.0279315424805,0.12022753914,0.190425184449,0.0171825627121,1,0.01,30,13,1,4,20,4.13202237916e-05,3.96920421065e-05,4.13202237916e-05,0.0113612515971,0.000136746256269,6.66406336338e-05,4.13202237916e-05,3.96920421065e-05,4.13202237916e-05,0.327191585425,0.333812730251,0.327186380858
506,0.0071940716909,0.00301164694644,0.0629737599037,0.0559880565793,0.0954538133725,0.087622061692,0.0386922963417,0.0409667761828,0.0605493412752,0.0350941253999,0.10038247697,0.412071573646,1,0.01,30,13,1,4,20,1.71383567916e-05,1.6463037152e-05,1.71383567916e-05,0.0127948426023,9.28711374726e-05,8.43474563978e-05,1.71383567916e-05,1.6463037152e-05,1.71383567916e-05,0.326772994372,0.333385668467,0.326767796463
507,0.0421077997531,0.0435765001621,0.0147668362331,0.0259127389289,0.0817797537418,0.242721993896,0.0585430226344,0.0235817507931,0.295914412062,0.04388674903,0.117249909524,0.00995853324233,1,0.01,30,13,1,4,20,0.000354422750793,0.000340457080265,0.000354422750793,0.073872668384,0.00261052745242,0.00150788688942,0.000354422750793,0.000340457080265,0.000354422750793,0.304583836423,0.310747484214,0.304578991473
508,0.00954864997531,0.018900738408,0.167146350029,0.0409394792456,0.120023946714,0.0117784799478,0.0279575943905,0.28951878509,0.0127900337842,0.0915521811809,0.20600152495,0.00384223628566,1,0.01,30,13,1,4,20,4.93064878664e-05,4.73636155116e-05,4.93064878664e-05,0.000143618311877,0.000208733816493,0.000131679123297,4.93064878664e-05,4.73636155116e-05,4.93064878664e-05,0.330844735732,0.337539806779,0.330839473055
509,0.0659723742195,0.00596866151234,0.107895071968,0.402842058788,0.0623117005037,0.0395013054599,0.0401492175568,0.140747937311,0.0191966544874,0.0586765625502,0.0555386199459,0.00119983569736,1,0.01,30,13,1,4,20,1.50612454633e-05,1.44677722977e-05,1.50612454633e-05,0.18703827894,6.69846672507e-05,0.00802017800742,1.50612454633e-05,1.44677722977e-05,1.50612454633e-05,0.266465778955,0.271858058562,0.266461540341
510,0.101686991037,0.154275484344,0.0146991840556,0.0270476925153,0.199067293881,0.0504184293348,0.0107291018205,0.105564803687,0.144125890508,0.0524669168968,0.138181492407,0.00173671951298,1,0.01,30,13,1,4,20,5.93941903697e-05,5.70538222863e-05,5.93941903697e-05,0.0855751639265,0.00113040623335,0.000115815493445,5.93941903697e-05,5.70538222863e-05,5.93941903697e-05,0.30223851679,0.308354704005,0.302233709146
511,0.0985945785016,0.0658232466622,0.0466752015616,0.0848973454189,0.0531106553867,0.107447212805,0.0581730073252,0.016844809348,0.0962105480948,0.194752833839,0.037785058751,0.139685502306,1,0.01,30,13,1,4,20,0.000317439040275,0.000304930675506,0.000317439040275,0.0109629687665,0.00174178418944,0.000112238163866,0.000317439040275,0.000304930675506,0.000317439040275,0.326235593876,0.332837392977,0.326230404516
512,0.00306499362858,0.0306578159675,0.151683862826,0.148355608705,0.124159526138,0.0390894005645,0.00363701398949,0.155635516536,0.00819843044311,0.0980557965184,0.0662521762113,0.171209858472,1,0.01,30,13,1,4,20,1.41035482218e-05,1.35478121487e-05,1.41035482218e-05,1.31581456597e-05,1.54883701116e-06,5.81982654609e-05,1.41035482218e-05,1.35478121487e-05,1.41035482218e-05,0.331049876182,0.337749098511,0.331044610242
513,0.00461941609179,0.0273677001055,0.10755765596,0.0496284741856,0.255392235013,0.0248290041291,0.0233698579918,0.0101932736389,0.049306244836,0.101453946675,0.299489705334,0.0467924860385,1,0.01,30,13,1,4,20,3.62710991207e-05,3.48418730937e-05,3.62710991207e-05,0.00022379630884,9.9848847035e-05,1.95207398668e-05,3.62710991207e-05,3.48418730937e-05,3.62710991207e-05,0.330916932581,0.337613464625,0.330911668756
514,0.000740799156419,0.0616316834458,0.160026770102,0.0158456665885,0.00981135836237,0.211336597965,0.094275933984,0.130538160925,0.059528692222,0.111169724318,0.126312618662,0.0187819942685,1,0.01,30,13,1,4,20,1.65006027292e-05,1.58504131442e-05,1.65006027292e-05,4.30691661079e-07,2.16290722638e-05,2.47731476958e-05,1.65006027292e-05,1.58504131442e-05,1.65006027292e-05,0.331053809311,0.337753111232,0.331048543308
515,0.0497876795114,0.0624279678108,0.112912993853,0.0560770165488,0.079418994019,0.25355089577,0.158858920263,0.0398974591024,0.0602120229766,0.020905979386,0.0212133409168,0.0847367298422,1,0.01,30,13,1,4,20,0.000380427262341,0.0003654369103,0.000380427262341,0.0112385885988,0.0160220733169,0.000193507632425,0.000380427262341,0.0003654369103,0.000380427262341,0.321265710269,0.327766937349,0.321260599964
516,0.147030144865,0.059702780868,0.0323308102562,0.0164189601977,0.068680750077,0.0702292870372,0.155807277439,0.0645905610678,0.026182538741,0.240872189367,0.089078589516,0.0290761105682,1,0.01,30,13,1,4,20,4.91521877275e-06,4.72153954138e-06,4.91521877275e-06,0.0148843563303,1.0304249781e-05,0.00179818884751,4.91521877275e-06,4.72153954138e-06,4.91521877275e-06,0.325564998856,0.3321532276,0.325559820163
517,0.0812211650583,0.0679701905828,0.014858468645,0.0091707042192,0.0145975946072,0.0102797208724,0.00545211370781,0.116638627797,0.0985747441986,0.446167959195,0.11182224622,0.0232464648971,1,0.01,30,13,1,4,20,3.34989620938e-06,3.21789693265e-06,3.34989620938e-06,0.00327047632342,1.37547280749e-05,0.000194375279396,3.34989620938e-06,3.21789693265e-06,3.34989620938e-06,0.329943325594,0.336620155441,0.329938077256
518,0.00663177990963,0.224333244724,0.015262587182,0.0406559402486,0.188508049149,0.0430133459095,0.161356008095,0.067327419669,0.031024643732,0.0661671016452,0.000347610145722,0.15537226959,1,0.01,30,13,1,4,20,6.14596481271e-05,5.90378927669e-05,6.14596481271e-05,0.0470936417229,0.000467198195091,0.000705242535108,6.14596481271e-05,5.90378927669e-05,6.14596481271e-05,0.315000192528,0.321374628754,0.314995181887
519,0.0446855805321,0.0488769449312,0.18561090376,0.0304082758851,0.0139313013169,0.0820293478069,0.215788711478,0.0532466798711,0.0661311440893,0.117820731414,0.109795516853,0.031674862063,1,0.01,30,13,1,4,20,1.09801209032e-06,1.0547460329e-06,1.09801209032e-06,0.0756052529776,0.000618618309512,0.000562305648276,1.09801209032e-06,1.0547460329e-06,1.09801209032e-06,0.305675481731,0.311861220377,0.305670619416
520,0.0166779203289,0.0355022293216,0.0701564467349,0.00162196774669,0.0372822443916,0.0613034354528,0.0845177530056,0.0382752799894,0.383322655349,0.0969582849179,0.173491503709,0.000890279052691,1,0.01,30,13,1,4,20,6.48122162406e-05,6.225835632e-05,6.48122162406e-05,0.000176309615448,8.60994415126e-05,5.81801214725e-05,6.48122162406e-05,6.225835632e-05,6.48122162406e-05,0.330868452438,0.337564003423,0.330863189384
521,0.0282371479902,0.17097186964,0.0260536043073,0.0980016241687,0.130690024926,0.0453691954699,0.0686567033745,0.0231850748364,0.0421774016976,0.115238938461,0.0100716035968,0.241346811532,1,0.01,30,13,1,4,20,2.52602776003e-05,2.42649218743e-05,2.52602776003e-05,5.2004202214e-05,5.70611230466e-05,7.75771263303e-05,2.52602776003e-05,2.42649218743e-05,2.52602776003e-05,0.330990344652,0.337688362283,0.330985079659
522,0.068490856749,0.00336661834194,0.371389973251,0.00641150408519,0.0409198926821,0.00115885201224,0.00973943922874,0.0301853032831,0.0818989211587,0.153497436004,0.118506609441,0.114434593762,1,0.01,30,13,1,4,20,1.9817382377e-05,1.903649844e-05,1.9817382377e-05,0.0222270382083,0.00173584772972,0.0018605224723,1.9817382377e-05,1.903649844e-05,1.9817382377e-05,0.322512639632,0.32903909994,0.322507509492
523,0.143651107959,0.030340236905,0.0357035762498,0.0496939484874,0.259002095645,0.117146343953,0.132299080227,0.0337678971094,0.0948907814394,0.0113812067959,0.0424283689249,0.0496953563038,1,0.01,30,13,1,4,20,3.10241046767e-05,2.98016311663e-05,3.10241046767e-05,0.0986376229018,0.0160505267015,9.98922333459e-05,3.10241046767e-05,2.98016311663e-05,3.10241046767e-05,0.293034330372,0.298964258973,0.293029669137
524,0.238975103791,0.0444022516346,0.10236955953,0.205702120078,0.0303516887575,0.0427523147329,0.00805363654751,0.03563667169,0.0108975427334,0.0680151079099,0.0587051537638,0.154138848831,1,0.01,30,13,1,4,20,1.10801793108e-05,1.06435760361e-05,1.10801793108e-05,0.04852470658,0.000100522132639,0.000930977315209,1.10801793108e-05,1.06435760361e-05,1.10801793108e-05,0.314671800245,0.321039591029,0.314666794828
525,0.0271552339522,0.125660411893,0.0757445406053,0.100918941978,0.104973016275,0.0322561139931,0.0227048599179,0.0958995419059,0.2642708003,0.042338193139,0.00784478957385,0.100233556465,1,0.01,30,13,1,4,20,2.65626761701e-08,2.55160007439e-08,2.65626761701e-08,1.24691816736e-05,0.000225866664469,2.09494528202e-05,2.65626761701e-08,2.55160007439e-08,2.65626761701e-08,0.3310157636,0.337714295616,0.331010498202
526,0.181012888696,0.00428857919005,0.0089338983479,0.208622760661,0.120712551417,0.0742417449657,0.220737296093,0.0616204226725,0.00703256682788,0.00065526309482,0.0156088774092,0.0965331506241,1,0.01,30,13,1,4,20,6.57266121262e-05,6.31367213592e-05,6.57266121262e-05,1.37180618828e-05,0.0133419773954,4.70710737277e-05,6.57266121262e-05,6.31367213592e-05,6.57266121262e-05,0.32653512904,0.333142989623,0.326529934915
527,0.106172398463,0.0788681804665,0.250680040147,0.0108352168959,0.0461127249762,0.0235639467743,0.0910685719189,0.0458418065618,0.0994794888906,0.0170575462801,0.0962167838176,0.134103294809,1,0.01,30,13,1,4,20,3.01599774152e-05,2.89715539667e-05,3.01599774152e-05,0.000625689798194,1.344847944e-06,0.000372004649689,3.01599774152e-05,2.89715539667e-05,3.01599774152e-05,0.330711752761,0.337404132726,0.3307064922
528,0.0271371988234,0.112538152858,0.234880561098,0.163375832829,0.0555627587653,0.0606005782919,0.0962491535474,0.0875767875428,0.00472624281161,0.0269998185123,0.0745299466399,0.0558229682804,1,0.01,30,13,1,4,20,8.3529675294e-05,8.0238272804e-05,8.3529675294e-05,2.08170681998e-05,7.16654904192e-05,0.000151820333262,8.3529675294e-05,8.0238272804e-05,8.3529675294e-05,0.330857015066,0.337552334601,0.330851752194
529,0.229117962106,0.183327412107,0.0171732518323,0.00973136991195,0.0447273626109,0.0864995906045,0.12857627852,0.0582929432845,0.0556203367104,0.0881083589932,0.0465077035123,0.0523174298071,1,0.01,30,13,1,4,20,0.000286582382469,0.000275289893136,0.000286582382469,0.00189568689946,0.000983674404335,0.00028524743224,0.000286582382469,0.000275289893136,0.000286582382469,0.329492008747,0.336159705614,0.329486767587
530,0.0919111849234,0.0317364564903,0.0527643247949,0.0909763708001,0.0871571997883,0.0971457591051,0.112630863942,0.0151994590351,0.0647933780538,0.118388772263,0.137912953584,0.0993832772196,1,0.01,30,13,1,4,20,1.8694374294e-05,1.79577413562e-05,1.8694374294e-05,4.97159682915e-06,0.000281647982524,1.67824114907e-05,1.8694374294e-05,1.79577413562e-05,1.8694374294e-05,0.330964557936,0.33766205374,0.330959293353
531,0.00628755990894,0.221889781846,0.228022440391,0.000498247353732,0.067264833396,0.00119735249086,0.0111659569982,0.0187119311977,0.258299186613,0.12081051731,0.0061339567585,0.0597182357358,1,0.01,30,13,1,4,20,6.58993096427e-06,6.33026139045e-06,6.58993096427e-06,0.00189408660211,0.00295091109507,1.5219273086e-06,6.58993096427e-06,6.33026139045e-06,6.58993096427e-06,0.329484055082,0.336151590997,0.32947881405
532,0.0615656951604,0.0517547743247,0.038170780669,0.12366119783,0.334075384811,0.0293948761184,0.000364897118231,0.129665088308,0.118933884068,0.00995415612511,0.0891783836174,0.0132808818493,1,0.01,30,13,1,4,20,0.000134199340271,0.000128911350809,0.000134199340271,0.181436764167,0.000551959800015,0.00593470519283,0.000134199340271,0.000128911350809,0.000134199340271,0.268616805068,0.274052613471,0.268612532238
533,0.102559634823,0.104184719363,0.161620057713,0.0333158070162,0.00366854153017,0.0697329109621,0.0333806119296,0.144817628517,0.101624857405,0.206881819243,0.0233671813322,0.0148462301645,1,0.01,30,13,1,4,20,0.000143101635977,0.000137462860544,0.000143101635977,0.0173011756425,0.000516065956185,0.000517840684681,0.000143101635977,0.000137462860544,0.000143101635977,0.324750336066,0.331322079055,0.324745170331
534,0.0102419753661,0.115491879677,0.0410742980058,0.0155300461757,0.0113691124387,0.173542472588,0.201946389171,0.0571878741246,0.0146240637717,0.117771188607,0.165479123318,0.0757415767565,1,0.01,30,13,1,4,20,2.04301082007e-05,1.96250804215e-05,2.04301082007e-05,0.0192856643353,0.00514543322598,0.000137326317771,2.04301082007e-05,1.96250804215e-05,2.04301082007e-05,0.322926965841,0.329461810576,0.322921829111
535,0.0212287884465,0.0362624053115,0.0615959055085,0.04444094555,0.118953596643,0.0714631763846,0.0239825072292,0.117497549137,0.102930540715,0.190012428446,0.0165191076539,0.195113048974,1,0.01,30,13,1,4,20,1.72307756419e-05,1.65518143308e-05,1.72307756419e-05,6.52063094207e-05,0.000677411909424,0.000134438775049,1.72307756419e-05,1.65518143308e-05,1.72307756419e-05,0.330777489218,0.337471199445,0.330772227611
536,0.062006562429,0.0966998828346,0.162656916695,0.0875551673049,0.0573604199985,0.0375529794745,0.172642745866,0.0386766345538,0.13933620524,0.0414632462061,0.0661162640258,0.0379329753727,1,0.01,30,13,1,4,20,0.000370985771342,0.000356367451718,0.000370985771342,0.0264493666615,0.0021256977393,0.0178242374437,0.000370985771342,0.000356367451718,0.000370985771342,0.315011455612,0.321386119762,0.315006444792
537,0.00375706618027,0.0789702601175,0.251817254254,0.140715469678,0.0550784664903,0.0565992709631,0.061043123489,0.167016535586,0.0592266544439,0.024526705834,0.0422668513906,0.0589823415734,1,0.01,30,13,1,4,20,0.000146150663818,0.000140391744523,0.000146150663818,0.0909990888215,0.00103490287815,0.0046648527513,0.000146150663818,0.000140391744523,0.000146150663818,0.29879798623,0.304844549861,0.298793233314
538,0.0106015081756,0.120064865957,0.0450974452696,0.04294819132,0.0817096718086,0.0316081351485,0.162410751214,0.0619468962245,0.189331062814,0.115752894019,0.121154814896,0.0173737631525,1,0.01,30,13,1,4,20,5.41923472533e-05,5.2056952544e-05,5.41923472533e-05,0.0129782684208,0.0011007542094,8.73996858743e-05,5.41923472533e-05,5.2056952544e-05,5.41923472533e-05,0.326304894455,0.332908095943,0.326299703992
539,0.0636140031839,0.0302337611248,0.0421591940036,0.353998860435,0.114531961925,0.104511099471,0.000329509310114,0.0367120012395,0.0945107989501,0.0449736192341,0.111230162251,0.00319502887101,1,0.01,30,13,1,4,20,0.000435022869694,0.000417881232887,0.000435022869694,0.10363534998,0.00202529856377,0.000586074985992,0.000435022869694,0.000417881232887,0.000435022869694,0.295070328828,0.301041458491,0.295065635207
540,0.0450239499174,0.0528895313282,0.214481777525,0.245169082385,0.04245124618,0.04073318791,0.00845118367742,0.0749913047087,0.0537415122465,0.0815962141203,0.0333982817298,0.107072728272,1,0.01,30,13,1,4,20,1.52566710186e-06,1.46554973064e-06,1.52566710186e-06,0.0646101886687,7.80225207196e-06,0.00147704938004,1.52566710186e-06,1.46554973064e-06,1.52566710186e-06,0.309214496452,0.315471851637,0.309209577843
541,0.0380465794283,0.125169499744,0.0678302195311,0.121724036143,0.285634147083,0.137958798931,0.0279366936774,0.00822291676259,0.0211779117716,0.040633734875,0.000541040699533,0.125124421354,1,0.01,30,13,1,4,20,0.000494979102596,0.000475474950987,0.000494979102596,0.0423058198253,0.00218486950351,0.00471608545194,0.000494979102596,0.000475474950987,0.000494979102596,0.313838805671,0.320189739732,0.313833813504
542,0.266903700035,0.0371708583046,0.0177597565666,0.163482666008,0.120785127686,0.0686833989782,0.0623732263783,0.0175970547791,0.0917220910607,0.0962077242762,0.0280687161422,0.0292456797852,1,0.01,30,13,1,4,20,0.00096316814363,0.00092521547573,0.00096316814363,0.0246711788595,0.000344642662299,0.00435733162657,0.00096316814363,0.00092521547573,0.00096316814363,0.319487858467,0.325953108417,0.319482776442
543,0.163780711816,0.121698179232,0.183524945523,0.112507476981,0.0875138004307,0.0577387871493,0.0592256556718,0.000863796044113,0.0285764562187,0.000204979027865,0.0426690675996,0.141696144307,1,0.01,30,13,1,4,20,6.08581585166e-05,5.84601042469e-05,6.08581585166e-05,3.33900267433e-05,7.08373943031e-05,8.33742753322e-05,6.08581585166e-05,5.84601042469e-05,6.08581585166e-05,0.33092023681,0.337616835719,0.330914972932
544,0.0612617011457,0.10592835779,0.00550926137723,0.129437002395,0.249457835449,0.0606784412644,0.0397743290704,0.0316926252169,0.186814303441,0.0164908152636,0.014902384273,0.0980529433136,1,0.01,30,13,1,4,20,2.37142324286e-05,2.27797970511e-05,2.37142324286e-05,0.131121776727,2.38370463738e-05,0.0053901350539,2.37142324286e-05,2.27797970511e-05,2.37142324286e-05,0.285847959493,0.291632462586,0.28584341257
545,0.0512452536536,0.10558393681,0.0857578335437,0.153483947015,0.0816164414628,0.0575481419907,0.01521381772,0.0169504547431,0.110572425801,0.0414230142753,0.149325374949,0.131279358037,1,0.01,30,13,1,4,20,2.53015603424e-05,2.43045779117e-05,2.53015603424e-05,0.00934580206308,0.00451504743397,5.64745627348e-05,2.53015603424e-05,2.43045779117e-05,2.53015603424e-05,0.326444012168,0.333050028883,0.326438819493
546,0.11076088456,0.117659251447,0.0113100167273,0.00128423754464,0.0291243616701,0.0406614973087,0.245213115135,0.053111637551,0.0443289533265,0.00933372654238,0.199502072286,0.137710245901,1,0.01,30,13,1,4,20,1.19753674974e-06,1.15034902363e-06,1.19753674974e-06,1.83879598112e-05,0.000417036725175,0.000553192822017,1.19753674974e-06,1.15034902363e-06,1.19753674974e-06,0.330771984777,0.337465583614,0.330766723257
547,0.0217148966015,0.0209629510392,0.0852875848833,0.0456016347959,0.0881134770677,0.16734127025,0.423976484945,0.0230239449259,0.00629395058676,0.00490948651776,0.0266959200686,0.0860783983181,1,0.01,30,13,1,4,20,0.000404471152631,0.000388533375377,0.000404471152631,0.0114295803772,0.00174045787596,0.0117542602615,0.000404471152631,0.000388533375377,0.000404471152631,0.322056216337,0.328573440329,0.322051093458
548,0.00263969645663,0.067512901776,0.0796158126144,0.0815254386196,0.00414144793341,0.20274927417,0.0586224884563,0.017780668691,0.144400715612,0.0886472323103,0.189625281607,0.0627390417529,1,0.01,30,13,1,4,20,2.73492894243e-05,2.62716182973e-05,2.73492894243e-05,5.12732776211e-05,2.38587450055e-05,0.00010071052929,2.73492894243e-05,2.62716182973e-05,2.73492894243e-05,0.330989824974,0.33768783209,0.33098455999
549,0.00374520380419,0.105145300189,0.0106757647817,0.136101654052,0.197449685052,0.231673404523,0.116079308084,0.0544876149439,0.112045365687,0.00468756002772,0.019802728333,0.00810641052329,1,0.01,30,13,1,4,20,0.00523356370551,0.0050273404136,0.00523356370551,0.00631878928549,0.064007200839,0.00834277031643,0.00523356370551,0.0050273404136,0.00523356370551,0.294793819663,0.300759353806,0.294789130441
550,0.0158421502088,0.107957194275,0.0325356697799,0.0163302935586,0.142363274289,0.0654658615263,0.153070823678,0.0524217324046,0.207789061218,0.107048060146,0.0780641566103,0.0211117223062,1,0.01,30,13,1,4,20,8.48753820049e-05,8.15309533011e-05,8.48753820049e-05,0.000138945164428,3.17017259741e-05,0.000212881516034,8.48753820049e-05,8.15309533011e-05,8.48753820049e-05,0.330808278986,0.337502612284,0.330803016889
551,0.0269701283026,0.244158428725,0.0816863612176,0.0761503546348,0.131681713297,0.0598884162116,0.0125570509705,0.0509733701329,0.0859786463718,0.0641561807661,0.0599920383634,0.105807311007,1,0.01,30,13,1,4,20,0.000143819450195,0.000138152390017,0.000143819450195,0.00126532111474,0.0018196818674,0.00091592995886,0.000143819450195,0.000138152390017,0.000143819450195,0.329494989499,0.336162746686,0.329489748293
552,0.235727469477,0.073328202452,0.104337371411,0.0946396410261,0.0958351095166,0.0528752922223,0.0704503084345,0.0262852162407,0.0720301486739,0.109007940625,0.0404285827062,0.0250547172142,1,0.01,30,13,1,4,20,5.95064325968e-05,5.71616417219e-05,5.95064325968e-05,2.37291366909e-05,7.64714680728e-05,3.91359437305e-05,5.95064325968e-05,5.71616417219e-05,5.95064325968e-05,0.330938867562,0.337635843488,0.330933603388
553,0.0266634933909,0.162468731872,0.0535627224995,0.202283792157,0.101673205763,0.0292313423293,0.0425597601129,0.000479351467384,0.0796000248975,0.234832914686,0.0119175290331,0.0547271317922,1,0.01,30,13,1,4,20,0.000218031640579,0.000209440323994,0.000218031640579,0.0268704189041,0.000911925378886,0.000277031073116,0.000218031640579,0.000209440323994,0.000218031640579,0.321383704921,0.327887319775,0.321378592738
554,0.26923890851,0.104795215597,0.138526790286,0.0217488532543,0.00402160017455,0.0195268940228,0.0806068304678,0.0265879472538,0.0590388938268,0.0189133069987,0.22245544409,0.0345393155184,1,0.01,30,13,1,4,20,2.90701671179e-05,2.79246865434e-05,2.90701671179e-05,0.000528332532006,0.00263886356163,1.89935377981e-05,2.90701671179e-05,2.79246865434e-05,2.90701671179e-05,0.329989720234,0.336667488936,0.329984471157
555,0.0346095045958,0.0918865511158,0.144286531313,0.0444836600175,0.000757288719333,0.137258738426,0.237137079469,0.166402991515,0.0895257636004,0.0152804888295,0.0327038451654,0.00566755723408,1,0.01,30,13,1,4,20,0.0113007703757,0.0108554749328,0.0113007703757,0.00504946300797,0.00537079787456,0.00329694619031,0.0113007703757,0.0108554749328,0.0113007703757,0.304404528134,0.31056454739,0.304399686036
556,0.0587977664506,0.129601940047,0.032440570879,0.0111996710565,0.0234004557833,0.0709797482652,0.152696458159,0.204111752042,0.108311259843,0.0274647937261,0.0179281458933,0.163067437856,1,0.01,30,13,1,4,20,2.70275616523e-05,2.59625678833e-05,2.70275616523e-05,3.3845326243e-06,4.26845701685e-05,3.84737929895e-06,2.70275616523e-05,2.59625678833e-05,2.70275616523e-05,0.331032150058,0.337731013676,0.331026884401
557,0.00603282919682,0.0344027828785,0.0314861963544,0.181797477429,0.0684888712922,0.0924854997956,0.195667487046,0.200187710456,0.0813850514811,0.0625160988175,0.0314097577759,0.0141402374765,1,0.01,30,13,1,4,20,0.000235176883619,0.000225909976048,0.000235176883619,0.000330591969826,0.000445697399832,0.0103978859218,0.000235176883619,0.000225909976048,0.000235176883619,0.326940809251,0.333556879297,0.326935608673
558,0.134533322659,0.0379518051534,0.00909532189165,0.0417486783394,0.0284056562622,0.0589380292821,0.0904276598235,0.124973988852,0.110210833216,0.274923325676,0.0333996669746,0.0553917118706,1,0.01,30,13,1,4,20,9.01668792506e-06,8.66139444423e-06,9.01668792506e-06,5.97931572778e-06,3.89748562966e-06,1.9316691694e-05,9.01668792506e-06,8.66139444423e-06,9.01668792506e-06,0.33107432209,0.337774039114,0.331069055762
559,0.00691834705857,0.110355176669,0.0285646295565,0.0263059863571,0.0453712471756,0.00496787526496,0.00702172382149,0.049528525779,0.0302720056626,0.0440579318515,0.252961363537,0.393675187267,1,0.01,30,13,1,4,20,5.54748619494e-06,5.32889310439e-06,5.54748619494e-06,0.000409497422567,0.000515376151728,1.69955293584e-05,5.54748619494e-06,5.32889310439e-06,5.54748619494e-06,0.330778935103,0.337472674589,0.330773673473
560,0.0142069911862,0.0426505500013,0.0623568362958,0.0646725698258,0.128422422097,0.329408457644,0.11073172797,0.0082976108323,0.0668939285791,0.0611315462745,0.028545917257,0.0826814420366,1,0.01,30,13,1,4,20,6.54117210526e-06,6.28342382503e-06,6.54117210526e-06,0.114102896824,0.000439023103267,0.00312653542602,6.54117210526e-06,6.28342382503e-06,6.54117210526e-06,0.292128619854,0.298040220231,0.292123973026
561,0.136474234998,0.229202147447,0.0316211113487,0.0343663806821,0.0968833538258,0.0186019302288,0.199288700785,0.0135201470249,0.0446621278919,0.136048759946,0.000183816297061,0.0591472895252,1,0.01,30,13,1,4,20,0.000125058839942,0.000120131022664,0.000125058839942,0.00187245284268,0.00164749215649,0.00306531159134,0.000125058839942,0.000120131022664,0.000125058839942,0.328676096122,0.335327281942,0.328670867941
562,0.0816501415473,0.228182482854,0.00649982343268,0.128962623709,0.176475830075,0.0984752613079,0.0153147924276,0.0182226847692,6.34478685095e-05,0.0110108959156,0.12581326168,0.109328754414,1,0.01,30,13,1,4,20,0.000191165864892,0.000183633167064,0.000191165864892,0.00377998383411,0.000259295650739,0.000784387021786,0.000191165864892,0.000183633167064,0.000191165864892,0.329129757617,0.335790123864,0.32912452222
563,0.22922784963,5.25572354127e-05,0.0521617753782,0.136157500823,0.000773570627942,0.0239173803231,0.0387456759348,0.00616826115731,0.0519947505979,0.24036473144,0.0601477674265,0.160288179426,1,0.01,30,13,1,4,20,1.19463807909e-07,1.14756457216e-07,1.19463807909e-07,0.00245772422721,1.81584209978e-07,0.00206240917365,1.19463807909e-07,1.14756457216e-07,1.19463807909e-07,0.32960474744,0.33627472572,0.329599504487
564,0.00496758140819,0.0391456938823,0.0127823738437,0.089140441675,0.289114075464,0.234521289926,0.0259284483693,0.038201356141,0.151284275652,0.00606483091292,0.0287843014263,0.0800653312993,1,0.01,30,13,1,4,20,0.00028042155801,0.000269371829742,0.00028042155801,0.000268784543128,0.000886768140477,0.00498719060705,0.00028042155801,0.000269371829742,0.00028042155801,0.328518021834,0.335166008816,0.328512796168
565,0.113807307766,0.0609197440988,0.0155866077616,0.0616233214,0.222044274202,0.0242834372377,0.109706294068,0.0494918967667,0.0767644625654,0.047589612585,0.0824034798638,0.135779561686,1,0.01,30,13,1,4,20,0.000347027789998,0.000333353510431,0.000347027789998,0.0318094259579,0.00208485117727,0.000166606726813,0.000347027789998,0.000333353510431,0.000347027789998,0.319143696374,0.325601981759,0.319138619824
566,0.0919657992737,0.0753653858526,0.00615336213388,0.320027881319,0.065951372435,0.0685390886139,0.00931752622941,0.138087502875,0.0666311330009,0.112803151188,0.0363850593917,0.00877273768663,1,0.01,30,13,1,4,20,0.000163233710497,0.000156801651001,0.000163233710497,0.000245399168222,0.000118618447147,0.000507560429807,0.000163233710497,0.000156801651001,0.000163233710497,0.330493062139,0.337181016616,0.330487805056
567,0.0563031949279,0.0313534324741,0.0199374692433,0.0566630882613,0.231702867855,0.190356025015,0.183577081955,0.01958094796,0.0845337833705,0.0233592537613,0.0425594753512,0.060073379825,1,0.01,30,13,1,4,20,0.000982588194714,0.000943870299316,0.000982588194714,0.00942836007253,0.00202745094986,0.0019865683602,0.000982588194714,0.000943870299316,0.000982588194714,0.324724490862,0.33129571084,0.324719325539
568,0.0145422761032,0.228939450336,0.00739850955399,0.132985609644,0.0612737184086,0.00800715461455,5.98484605432e-05,0.183797154618,0.0833419387124,0.0234914414567,0.133933307302,0.122229590791,1,0.01,30,13,1,4,20,2.95762115316e-05,2.84107907881e-05,2.95762115316e-05,5.98603574888e-05,6.74458371669e-05,0.00105184155829,2.95762115316e-05,2.84107907881e-05,2.95762115316e-05,0.330653263034,0.337344459383,0.330648003403
569,0.0942449236506,0.0875281668589,0.0651091722761,0.084040126515,0.0354303864353,0.0522235754672,0.0514218061962,0.0896152766472,0.096480888408,0.208198519512,0.015899202871,0.119807955163,1,0.01,30,13,1,4,20,8.89617101602e-05,8.54562638227e-05,8.89617101602e-05,0.00063404443581,2.76699362472e-05,0.000303188632283,8.89617101602e-05,8.54562638227e-05,8.89617101602e-05,0.330607773575,0.337298049386,0.330602514667
570,0.195101413957,0.09664941979,0.0284629468151,0.1244693963,0.025725381295,0.0706900762652,0.102209848401,0.15624095238,0.00339775945433,0.113330433096,0.0286356979345,0.0550866743113,1,0.01,30,13,1,4,20,0.000202389176762,0.000194414235665,0.000202389176762,0.0382221753608,0.000711368367827,0.00018426829166,0.000202389176762,0.000194414235665,0.000202389176762,0.317752905433,0.324183046364,0.317747851005
571,0.0930614772243,0.0883187194405,0.0179507001828,0.0413332308379,0.00454135658278,0.000881132306067,0.0849128832384,0.208035106878,0.0825950962407,0.1886385468,0.159198697172,0.0305330530964,1,0.01,30,13,1,4,20,2.72574453808e-05,2.61833932756e-05,2.72574453808e-05,7.04081042275e-05,2.74385808869e-05,0.000117578253795,2.72574453808e-05,2.61833932756e-05,2.72574453808e-05,0.330976899242,0.337674644788,0.330971634463
572,0.0472317751209,0.079307135556,0.00956127016769,0.1219232801,0.059496769251,0.0884825918801,0.0890126534615,0.202779316858,0.0688913001068,0.00335282536477,0.120841612016,0.109119470118,1,0.01,30,13,1,4,20,5.64589083588e-05,5.42342020984e-05,5.64589083588e-05,0.048667744395,0.000300903133334,0.000786953946366,5.64589083588e-05,5.42342020984e-05,5.64589083588e-05,0.314516814332,0.320881468776,0.31451181138
573,0.165442208027,0.061130675531,0.0448008964903,0.0604270105677,0.0162752561024,0.0649592365049,0.00978856697265,0.170749313979,0.343236912398,0.00212646525644,0.034698987957,0.0263644702125,1,0.01,30,13,1,4,20,0.00352208708196,0.0033833027978,0.00352208708196,0.00244158573879,0.00434927402729,0.00225843667403,0.00352208708196,0.0033833027978,0.00352208708196,0.32120031837,0.327700222161,0.321195209105
574,0.00143640710166,0.176639941845,0.0212834391846,0.232520296194,0.133866205224,0.0223636959498,0.0690969818595,0.0113078402197,0.197979232519,0.111604449119,0.0011749578011,0.0207265529832,1,0.01,30,13,1,4,20,0.000443313815826,0.00042584548266,0.000443313815826,0.0631442014024,0.0088637132478,0.00308077975125,0.000443313815826,0.00042584548266,0.000443313815826,0.305370549628,0.311550117578,0.305365692164
575,0.0607016401357,0.0750001410816,0.0769976866191,0.0707837848788,0.141237803361,0.068884842895,0.200414056057,0.0609639901854,0.0541844006502,0.0386920254423,0.0819227442948,0.0702168843994,1,0.01,30,13,1,4,20,9.37386830691e-05,9.00450049389e-05,9.37386830691e-05,0.0291172348663,0.00186152530528,0.00448993933842,9.37386830691e-05,9.00450049389e-05,9.37386830691e-05,0.319174143752,0.325633045279,0.319169066717
576,0.143008649078,0.170338841981,0.0514523968113,0.0386324187282,0.0282413640821,0.0450696882593,0.00122927252162,0.00487104438352,0.335725545356,0.102607669977,0.037776300154,0.0410468086678,1,0.01,30,13,1,4,20,6.9615493673e-06,6.68723654565e-06,6.9615493673e-06,0.0678799236296,0.00991517591867,1.31763790315e-05,6.9615493673e-06,6.68723654565e-06,6.9615493673e-06,0.305325567491,0.311504225169,0.305320710742
577,0.087055948014,0.0564534497096,0.0800520291897,0.183695361327,0.0311774108086,0.00709617245705,0.0998184047832,0.181478572297,0.237690832104,0.0164935586048,0.00985371996421,0.00913454074118,1,0.01,30,13,1,4,20,0.00278486153074,0.00267512687484,0.00278486153074,0.1155864042,0.0633691403403,0.0097346473475,0.00278486153074,0.00267512687484,0.00278486153074,0.263166261588,0.268491771194,0.263162075458
578,0.191406931741,0.17046281802,0.102588033867,0.160999385408,0.0689654852735,0.019334178817,0.00259671989776,0.023620825368,0.000576942313295,0.227011226293,0.0103528732548,0.022084579746,1,0.01,30,13,1,4,20,1.13043732643e-05,1.08589358533e-05,1.13043732643e-05,0.0182410044889,0.00869695740423,0.000631184880663,1.13043732643e-05,1.08589358533e-05,1.13043732643e-05,0.321951312647,0.328466413778,0.321946191436
579,0.0184000519446,0.171289150581,0.0116050485411,0.0213929164074,0.133334819852,0.201138110318,0.133886001889,0.0123316333829,0.00404001104843,0.0298645348204,0.0801487813382,0.182568939878,1,0.01,30,13,1,4,20,3.03872794596e-05,2.91898994036e-05,3.03872794596e-05,0.0125362881959,5.84203859201e-05,0.000206391828491,3.03872794596e-05,2.91898994036e-05,3.03872794596e-05,0.326803625041,0.333416918987,0.326798426645
580,0.0618336897752,0.0943418764667,0.0111907598328,0.00655752676803,0.0432966952756,0.00164615957376,0.221659759006,0.0518930846845,0.190108149577,0.227292471745,0.0512746736043,0.0389051536905,1,0.01,30,13,1,4,20,0.000187364974041,0.000179982046478,0.000187364974041,0.00580108247815,0.00100765693379,0.00234084548907,0.000187364974041,0.000179982046478,0.000187364974041,0.327704890541,0.33433642276,0.327699677809
581,0.087062143773,0.0717624040324,0.00662075932524,0.129646385443,0.0264821224854,0.162043415625,0.214006887764,0.107578585102,0.0672839482933,0.0429469668188,0.00826783118167,0.0762985501556,1,0.01,30,13,1,4,20,0.000557507312601,0.00053553930003,0.000557507312601,0.00381432417133,0.0052102884508,0.000682784861011,0.000557507312601,0.00053553930003,0.000557507312601,0.326794527689,0.333407637539,0.326789329438
582,0.119796278764,0.0697311826246,0.0254365957644,0.0467311956636,0.066043684846,0.175962184251,0.0508133967064,0.287103584039,0.00231038047531,0.035696210606,0.000589471880442,0.11978583438,1,0.01,30,13,1,4,20,0.000119723527315,0.000115005942642,0.000119723527315,0.0775952395918,0.00212191007751,0.000754897163738,0.000119723527315,0.000115005942642,0.000119723527315,0.304222516785,0.310378852806,0.304217677582
583,0.183688413318,0.0575426059462,0.0533545867307,0.0254440280629,0.0470396527182,0.00503029647716,0.0276074329456,0.187335547767,0.136395369252,0.062271371868,0.180159539738,0.0341311551763,1,0.01,30,13,1,4,20,3.380431052e-05,3.24722858063e-05,3.380431052e-05,1.97869535722e-05,0.000387821039003,2.86737328907e-05,3.380431052e-05,3.24722858063e-05,3.380431052e-05,0.330890937955,0.337586943963,0.330885674543
584,0.0662024424053,0.0350766171798,0.430515084235,0.0540556331167,0.00545337196197,0.0642231921496,0.0123213886237,0.013247236547,0.191619800249,0.0183692335081,0.0787313464634,0.0301846535606,1,0.01,30,13,1,4,20,0.000174620567367,0.000167739820277,0.000174620567367,0.0351604139262,0.00256924590801,0.000274139325309,0.000174620567367,0.000167739820277,0.000174620567367,0.318176197764,0.324614904563,0.318171136603
585,0.0106094802621,0.222848492998,0.28056471296,0.0543941355715,0.0063916503217,0.135846443968,0.0300989580718,0.0911937139867,0.00503068469733,0.0514633330293,0.0045192581985,0.107039135936,1,0.01,30,13,1,4,20,0.000380913596542,0.000365904080993,0.000380913596542,0.0682370624376,0.00213854789594,0.00284989239349,0.000380913596542,0.000365904080993,0.000380913596542,0.306109792157,0.312304319635,0.306104922933
586,0.130402538398,0.0555309898566,0.0748099940061,0.0885954422676,0.0894932125539,0.049402063292,0.0710099297942,0.0738417723107,0.126504979049,0.0584557794435,0.0149737833538,0.166979515674,1,0.01,30,13,1,4,20,0.000141958759575,0.000136365018032,0.000141958759575,0.00266355903111,0.000699189334994,7.5593240137e-06,0.000141958759575,0.000136365018032,0.000141958759575,0.329707438485,0.336379494851,0.329702193899
587,0.0806476950852,0.0287605395833,0.0215489364655,0.10509016654,0.107190433349,0.141789423503,0.027163118647,0.282048308043,0.00694531059444,0.00755959930748,0.0713830714733,0.119873397409,1,0.01,30,13,1,4,20,2.6242829554e-05,2.52087573606e-05,2.6242829554e-05,0.0114645168936,0.00123371757979,0.0109716489372,2.6242829554e-05,2.52087573606e-05,2.6242829554e-05,0.32321307815,0.329753712737,0.323207936869
588,0.00540174764111,0.124325485295,0.0514894502569,0.00677156312309,0.034713289116,0.156649124915,0.00521836322292,0.0414581719529,0.048696470576,0.154617080359,0.263905479079,0.106753774463,1,0.01,30,13,1,4,20,1.14736229937e-05,1.1021516468e-05,1.14736229937e-05,3.57910024378e-05,5.68415653167e-06,0.000230630536498,1.14736229937e-05,1.1021516468e-05,1.14736229937e-05,0.330989076594,0.337687068565,0.330983811621
589,0.0517562545226,0.230787961028,0.142333676959,0.00208227086001,0.0538922984894,0.0340343022699,0.0967799434924,0.108635950771,0.134662759005,0.00626829697539,0.0241103963477,0.11465588928,1,0.01,30,13,1,4,20,3.66756259527e-05,3.52304599544e-05,3.66756259527e-05,0.0560896279954,0.000169597249073,0.00585250958102,3.66756259527e-05,3.52304599544e-05,3.66756259527e-05,0.310464463453,0.316747113336,0.310459524961
590,0.048163377367,0.0479496351652,0.0966170042187,0.148701083862,0.130881153367,0.141413167017,0.0819798286228,0.0408432729474,0.0327169010094,0.16226003066,0.060300774648,0.00817377111546,1,0.01,30,13,1,4,20,0.000106078917528,0.000101898984923,0.000106078917528,0.0119250109168,0.0102789770262,0.000124849165389,0.000106078917528,0.000101898984923,0.000106078917528,0.323500580844,0.330047033419,0.323495434989
591,0.0449607748964,0.0583962330002,0.0872503376578,0.0805552193965,0.0168176871776,0.0329646985988,0.00471567147804,0.057775409146,0.0219031241741,0.349649140497,0.0426564823773,0.202355221601,1,0.01,30,13,1,4,20,5.31342007697e-06,5.10405012539e-06,5.31342007697e-06,6.8442193948e-06,3.51810790432e-05,0.000111323742098,5.31342007697e-06,5.10405012539e-06,5.31342007697e-06,0.3310404743,0.33773950637,0.33103520851
592,0.00496063998414,0.389341374312,0.0234220949456,0.00108128894759,3.53731134285e-05,0.0215128305718,0.272404057995,0.0993283376894,0.0442885120454,0.0322623509164,0.104942002512,0.00642113696672,1,0.01,30,13,1,4,20,0.00110965824092,0.00106593327869,0.00110965824092,0.0477699415631,0.00444662137975,0.000340538363546,0.00110965824092,0.00106593327869,0.00110965824092,0.311524418361,0.317828517803,0.311519463009
593,0.249673102715,0.0310436091876,0.0323581833231,0.0251768053247,0.0613910863278,0.0444050763196,0.00606694219515,0.0796226576189,0.0879071643381,0.163484994879,0.0234165084176,0.195453869354,1,0.01,30,13,1,4,20,1.11238661473e-05,1.06855414369e-05,1.11238661473e-05,5.28087268271e-06,0.000144932496494,1.08669430678e-05,1.11238661473e-05,1.06855414369e-05,1.11238661473e-05,0.331026522987,0.337725272734,0.331021257419
594,0.156591266037,0.0443367152975,0.0683956853044,0.00929306918898,0.0799649039814,0.0596263067416,0.0619825673432,0.150580761304,0.0474705873014,0.100483877446,0.063299626271,0.157974633783,1,0.01,30,13,1,4,20,3.1006111601e-05,2.97843470895e-05,3.1006111601e-05,6.49091258431e-05,5.35176019479e-05,0.000113468675418,3.1006111601e-05,2.97843470895e-05,3.1006111601e-05,0.330964096522,0.337661582988,0.330958831946
595,0.0679901992743,0.0949389045597,0.00117775556706,0.0172988862735,0.129138813491,0.0571970900602,0.104009084984,0.121182547962,0.0082926860107,0.322285050745,0.0264751673137,0.0500138137583,1,0.01,30,13,1,4,20,6.36595121877e-05,6.1151073406e-05,6.36595121877e-05,0.00357007465819,5.36815403984e-05,0.00291110089065,6.36595121877e-05,6.1151073406e-05,6.36595121877e-05,0.328813157878,0.33546711732,0.328807927517
596,0.014647164253,0.019205383365,0.0415103423055,0.0535974867984,0.148220185715,0.0164374162034,0.0628292676353,0.000360510379798,0.0556042980146,0.232320464646,0.148851742933,0.206415737751,1,0.01,30,13,1,4,20,8.29531848739e-05,7.96844984066e-05,8.29531848739e-05,0.00665704331405,0.000109143007776,0.000225174452992,8.29531848739e-05,7.96844984066e-05,8.29531848739e-05,0.328624183183,0.335274318478,0.328618955828
597,0.120400876893,0.0206959692951,0.0752421193416,0.0256479820685,0.0961149981154,0.0230506709469,0.0291028322038,0.0268946476991,0.0386021562519,0.156944057572,0.275669639687,0.111634049926,1,0.01,30,13,1,4,20,1.03202449742e-05,9.9135861444e-06,1.03202449742e-05,0.000798809044907,0.000238068336732,0.000574118843391,1.03202449742e-05,9.9135861444e-06,1.03202449742e-05,0.330548028926,0.337237095727,0.330542770969
598,0.123487938018,0.127397419484,0.068417182014,0.0755200798006,0.0576863147869,0.0825842598355,0.022967147262,0.226258997254,0.0538425901471,0.151133430359,0.00238168436251,0.00832295667574,1,0.01,30,13,1,4,20,4.74995376291e-07,4.56278663233e-07,4.74995376291e-07,0.131175934133,3.53151590181e-06,0.00219829259181,4.74995376291e-07,4.56278663233e-07,4.74995376291e-07,0.286939136344,0.292745720812,0.286934572064
599,0.0334667689647,0.102056656912,0.188784471633,0.231355131572,0.0833567566401,0.0724953990234,0.0656111983246,0.0052444403587,0.0632827211166,0.00436965557731,0.00330440438828,0.146672395489,1,0.01,30,13,1,4,20,2.03378997219e-05,1.95365053247e-05,2.03378997219e-05,0.0650273146561,0.0164706801178,8.83673761544e-05,2.03378997219e-05,1.95365053247e-05,2.03378997219e-05,0.304048412294,0.310201225085,0.304043575861
600,0.0282890057773,0.0400691053203,0.074035771757,0.0576216291873,0.0958645998843,0.13444669109,0.106452578849,0.0506848171658,0.129516781467,0.155238833959,0.0151636645756,0.112616520967,1,0.01,30,13,1,4,20,9.18432813394e-07,8.82242896e-07,9.18432813394e-07,8.98316859737e-07,0.00180357593328,5.45390793554e-07,9.18432813394e-07,8.82242896e-07,9.18432813394e-07,0.330502219858,0.337190359654,0.33049696263
601,0.0104822954054,0.161610136436,0.0625493918451,0.00424477742017,0.0429812876527,0.289882924993,0.0707804955583,0.0434185550962,0.106655587287,0.102532552474,0.0966492495512,0.00821274628097,1,0.01,30,13,1,4,20,0.000154251225725,0.000148173111969,0.000154251225725,0.00314497076723,0.000688746525975,0.00047739780059,0.000154251225725,0.000148173111969,0.000154251225725,0.329371836004,0.33603710102,0.329366596756
602,0.0558687225278,0.181245810337,0.0491922832331,0.0280947107992,0.0333960681772,0.14864897588,0.12150343572,0.00565045700431,0.0838980094505,0.0235367312003,0.191247359553,0.0777174361169,1,0.01,30,13,1,4,20,0.000106917020205,0.00010270406301,0.000106917020205,0.0353676250639,0.000139372483732,0.00072713784032,0.000106917020205,0.00010270406301,0.000106917020205,0.31889487031,0.325348120378,0.318889797717
603,0.071238375078,0.102291036278,0.0809229964763,0.146628283734,0.224697560213,0.0772072656382,0.00938562224568,0.180923168802,0.0111993518857,0.0233494293773,0.0231770334558,0.0489798768164,1,0.01,30,13,1,4,20,7.35401819109e-05,7.06424053183e-05,7.35401819109e-05,0.18627419719,0.000381357793018,3.75660477655e-05,7.35401819109e-05,7.06424053183e-05,7.35401819109e-05,0.269143085422,0.274589543788,0.269138804221
604,0.0485743756992,0.0180619680694,0.0464385388964,0.28212840465,0.0735463642466,0.0052967884855,0.0224394291189,0.149569644997,0.04406276185,0.16347897265,0.0779497603866,0.0684529909512,1,0.01,30,13,1,4,20,9.32426844468e-06,8.95685506413e-06,9.32426844468e-06,2.03554566639e-06,0.00074791376912,0.000628718867099,9.32426844468e-06,8.95685506413e-06,9.32426844468e-06,0.330626905757,0.337317568732,0.330621646545
605,0.177462764175,0.013811917026,0.135446350972,0.122017964095,0.0532763169181,0.0265215321199,0.0913615059558,0.107898784907,0.0383009112982,0.208416473674,0.0240586550019,0.00142682385785,1,0.01,30,13,1,4,20,5.79984188622e-05,5.57130497453e-05,5.79984188622e-05,6.60413232607e-05,5.23673466189e-05,0.000305623570482,5.79984188622e-05,5.57130497453e-05,5.79984188622e-05,0.33084756083,0.337542689046,0.330842298108
606,0.092297482818,0.0325346009821,0.196989637847,0.0286641302248,0.047440076636,0.071938263287,0.146014603352,0.0282772258632,0.0109776529043,0.0525131081781,0.094912150003,0.197441067904,1,0.01,30,13,1,4,20,2.83959294984e-05,2.72770165764e-05,2.83959294984e-05,6.281240263e-05,4.47729223967e-05,2.83323879249e-05,2.83959294984e-05,2.72770165764e-05,2.83959294984e-05,0.3310009922,0.337699225298,0.330995727038
607,0.00838736811891,0.163025593771,0.115351097655,0.318306092272,0.00819634625835,0.0185396017959,0.145277491767,0.115250885473,0.00710804976266,0.00186954471803,0.0681165215952,0.0305714068127,1,0.01,30,13,1,4,20,9.62672738206e-06,9.24739591256e-06,9.62672738206e-06,6.67212046453e-06,0.000448449905672,0.0183371366036,9.62672738206e-06,9.24739591256e-06,9.62672738206e-06,0.324860643982,0.331434619194,0.324855476493
608,0.0367276429766,0.0926411141192,0.125698856018,0.00909102182758,0.0666517777852,0.345788492872,0.00960161316821,0.0841655817228,0.0732454823692,0.0708687068049,0.057776294128,0.0277434162086,1,0.01,30,13,1,4,20,7.2221593157e-06,6.93757742224e-06,7.2221593157e-06,0.00165110550502,0.000735314063627,0.00922008463643,7.2221593157e-06,6.93757742224e-06,7.2221593157e-06,0.327244573435,0.333866790542,0.327239368025
609,0.0459221972171,0.0206745195311,0.135401334912,0.0338011271123,0.000178373262279,0.142196674783,0.109448876102,0.0779206200103,0.00701928494278,0.0188149710106,0.181181469996,0.227440551121,1,0.01,30,13,1,4,20,1.86632045674e-05,1.79277998412e-05,1.86632045674e-05,0.0268346861103,0.000527320392387,0.00183089622732,1.86632045674e-05,1.79277998412e-05,1.86632045674e-05,0.321399257235,0.327903186811,0.321394144806
610,0.00869427634755,0.0328084683464,0.0678876672108,0.119249773709,0.0574960901342,0.158600395124,0.0039308897702,0.0524602390931,0.10666140383,0.104451331074,0.209444479144,0.0783149862179,1,0.01,30,13,1,4,20,1.30236237308e-05,1.25104409915e-05,1.30236237308e-05,0.0425780060784,6.4864071492e-05,0.000488279212632,1.30236237308e-05,1.25104409915e-05,1.30236237308e-05,0.316795337053,0.32320610035,0.316790297857
611,0.0861163161848,0.123314936433,0.130974609423,0.0136345006969,0.0697127705333,0.121155836871,0.0204332993915,0.158360115638,0.14670526317,0.000787060370737,0.0442231117496,0.084582179539,1,0.01,30,13,1,4,20,0.000195608280259,0.00018790053354,0.000195608280259,0.0738930299676,0.000268099845749,0.0101560668151,0.000195608280259,0.00018790053354,0.000195608280259,0.30280060797,0.308928169828,0.302795791386
612,0.0406843928946,0.00503262397653,0.0244639364223,0.0744542653372,0.020784710869,0.0855837282926,0.377170040832,0.060454893694,0.0142535494356,0.0817891618312,0.050944138112,0.164384558303,1,0.01,30,13,1,4,20,2.8016638313e-05,2.69126709771e-05,2.8016638313e-05,3.20221428368e-05,0.000120702956094,5.08949906156e-06,2.8016638313e-05,2.69126709771e-05,2.8016638313e-05,0.330994485711,0.337692587143,0.330989220653
613,0.026744496501,0.0923603922158,0.00856954170768,0.00437999952415,0.141852801528,0.245881259603,0.0260244522851,0.271111285304,0.0574226191452,0.0458843939139,0.0714685137946,0.00830024447718,1,0.01,30,13,1,4,20,0.000276461304445,0.00026556762597,0.000276461304445,0.000295604919342,0.000549567124241,0.00083634636564,0.000276461304445,0.00026556762597,0.000276461304445,0.330002904965,0.336680940477,0.329997655679
614,0.154628880526,0.201140252557,0.0736127633716,0.0661128022922,0.0164769117788,0.0962896325205,0.0306281087649,0.0093254028266,0.0448614700718,0.119762849268,0.128407993706,0.0587529323168,1,0.01,30,13,1,4,20,8.96907704375e-07,8.61565962161e-07,8.96907704375e-07,0.0324427529788,0.00062181416879,0.000162197992252,8.96907704375e-07,8.61565962161e-07,8.96907704375e-07,0.320098469792,0.326576076251,0.320093378054
615,0.0788010877604,0.101939332294,0.1670977523,0.06243169918,0.0213563081374,0.105964068862,0.0536721840537,0.0390329818664,0.0236927231854,0.0933819535217,0.232141991886,0.0204879169543,1,0.01,30,13,1,4,20,1.21167143349e-05,1.16392674444e-05,1.21167143349e-05,6.81350460101e-06,9.87093859305e-06,4.34131535479e-05,1.21167143349e-05,1.16392674444e-05,1.21167143349e-05,0.331058012037,0.337757399006,0.331052745968
616,0.0222045657265,0.201494485856,0.00972528943181,0.243718309041,0.0891819746865,0.0760782878267,0.0565675058126,0.0756806732669,0.0718793679778,0.0665176530833,0.0105686202428,0.0763832670485,1,0.01,30,13,1,4,20,3.4437933374e-06,3.30809413917e-06,3.4437933374e-06,2.90094002173e-07,4.83298715694e-08,8.24324127925e-06,3.4437933374e-06,3.30809413917e-06,3.4437933374e-06,0.331092072453,0.337792148678,0.331086805842
617,0.107263002255,0.00499920710955,0.130614396477,0.0247139685864,0.0675568136775,0.229742356223,0.0897624770599,0.0605212844805,0.087254712866,0.0676261073255,0.1225456248,0.00740004913984,1,0.01,30,13,1,4,20,7.8527984531e-05,7.54336686138e-05,7.8527984531e-05,0.000163464961655,0.000386634410087,0.002976145378,7.8527984531e-05,7.54336686138e-05,7.8527984531e-05,0.329780164548,0.336453692621,0.329774918806
618,0.0208311870709,0.0290762273971,0.11057249128,0.0270726070065,0.00766664382083,0.179673034013,0.0218591328256,0.170202929537,0.0595715937627,0.0955413006979,0.265545989325,0.0123868632641,1,0.01,30,13,1,4,20,4.59203298506e-06,4.41108856324e-06,4.59203298506e-06,0.0351864083511,6.3684465248e-05,0.000944294546306,4.59203298506e-06,4.41108856324e-06,4.59203298506e-06,0.319108640777,0.325566216767,0.319103564784
619,0.00879342890898,0.0931901853981,0.0488792252559,0.136798166063,0.0119843339556,0.127158730204,0.160438741885,0.12540458848,0.152668203471,0.00789574724298,0.115082188271,0.0117064608642,1,0.01,30,13,1,4,20,0.000162976079539,0.000156554171731,0.000162976079539,0.000248245055691,0.0029790357543,0.00353516277267,0.000162976079539,0.000156554171731,0.000162976079539,0.328543091838,0.335191586144,0.328537865773
620,0.0731531260314,0.0447069095565,0.0111949486816,0.107836596485,0.0699584686206,0.0122779598338,0.119010549093,0.0695537953836,0.122799951537,0.129450037764,0.227890713917,0.0121669430966,1,0.01,30,13,1,4,20,8.66353741097e-06,8.32215946946e-06,8.66353741097e-06,2.22603690904e-06,7.37467422505e-07,3.11784631335e-05,8.66353741097e-06,8.32215946946e-06,8.66353741097e-06,0.331073376,0.337773073878,0.331068109686
621,0.00172642047137,0.0653519612492,0.0177768325508,0.100403716892,0.189144166867,0.260221585171,0.0332448908936,0.00110711535657,0.0272309155863,0.101493903194,0.0575937967604,0.144704695009,1,0.01,30,13,1,4,20,4.89234913224e-06,4.69957105596e-06,4.89234913224e-06,1.22107780858e-07,1.65149554506e-07,4.52478988478e-06,4.89234913224e-06,4.69957105596e-06,4.89234913224e-06,0.331090480662,0.337790524675,0.331085214076
622,0.226857083899,0.111881464449,0.115639668389,0.0320428346316,0.122945238957,0.0175850256,0.0949161046156,0.116064792605,0.0186721413818,0.113481458363,0.00757435695112,0.0223398301571,1,0.01,30,13,1,4,20,3.75886412101e-05,3.61074987678e-05,3.75886412101e-05,7.13443269043e-05,0.00348173080942,0.00572905698588,3.75886412101e-05,3.61074987678e-05,3.75886412101e-05,0.327954642913,0.334591229194,0.327949426208
623,0.0692042143312,0.047536550208,0.0365091161815,0.0152601018597,0.005550788846,0.00494627005942,0.164497254388,0.430053655688,0.0730160690534,0.0821789954122,0.0139505690268,0.0572964149465,1,0.01,30,13,1,4,20,0.000189619991534,0.000182148207284,0.000189619991534,0.000225678850001,0.000151035279665,0.000556010270489,0.000189619991534,0.000182148207284,0.000189619991534,0.330421085739,0.33710758368,0.330415829801
624,0.0330199625276,0.0187240789336,0.0491212850446,0.102720066825,0.0673901107068,0.0553914467938,0.332004412622,0.047326931071,0.00515839563513,0.112348976781,0.135429578859,0.0413647542,1,0.01,30,13,1,4,20,1.83088164818e-05,1.75873760602e-05,1.83088164818e-05,0.0316135386038,0.000357826805883,9.08596508245e-05,1.83088164818e-05,1.75873760602e-05,1.83088164818e-05,0.320449914617,0.326934633017,0.320444817288
625,0.00656868764254,0.0335987831707,0.0268726559533,0.0125726610601,0.014752123782,0.039457771171,0.193881747377,0.0500108956238,0.154735539225,0.115757498984,0.249980744345,0.101810891666,1,0.01,30,13,1,4,20,1.53208807191e-09,1.47171768885e-09,1.53208807191e-09,5.61768755939e-08,1.43425788389e-09,4.24544092452e-08,1.53208807191e-09,1.47171768885e-09,1.53208807191e-09,0.331101629335,0.337801898956,0.331096362572
626,0.0734462677208,0.0647922491688,0.135013924069,0.0097560364642,0.0321058609669,0.171607504788,0.0424146271732,0.0286318331739,0.0116362514089,0.047409518554,0.286835264722,0.0963506617902,1,0.01,30,13,1,4,20,7.7199415631e-06,7.41574506294e-06,7.7199415631e-06,0.0190103452679,0.000707178451486,1.24591435769e-05,7.7199415631e-06,7.41574506294e-06,7.7199415631e-06,0.324553900212,0.331121668067,0.324548737602
627,0.00690861505025,0.0275920814996,0.0133701440757,0.044348247261,0.0307586719173,0.103419566798,0.007419338304,0.23961991513,0.147661429624,0.0431900082205,0.247782526687,0.0879294554331,1,0.01,30,13,1,4,20,1.86858288761e-05,1.79495326619e-05,1.86858288761e-05,0.00675408637564,8.71743661299e-05,5.84890975641e-05,1.86858288761e-05,1.79495326619e-05,1.86858288761e-05,0.328780512931,0.33543381176,0.328775283089
628,0.0262241157495,0.131738413498,0.139465421235,0.0219910446121,0.0656839644989,0.0598495637295,0.0523576874725,0.00244336177964,0.115994946321,0.260132569011,0.108351704893,0.0157672071993,1,0.01,30,13,1,4,20,1.99456502175e-05,1.91597120158e-05,1.99456502175e-05,3.63445364277e-05,7.10357271239e-05,6.15664512172e-05,1.99456502175e-05,1.91597120158e-05,1.99456502175e-05,0.331006623155,0.337704970203,0.331001357903
629,0.0260801767511,0.0590250908195,0.030182274997,0.0102289435817,0.174862053532,0.0712940030288,0.213323631769,0.0031505652164,0.0636746214154,0.0488818538362,0.253044675912,0.0462521091408,1,0.01,30,13,1,4,20,6.5779975937e-06,6.3187982423e-06,6.5779975937e-06,0.0406725839141,0.000255596226957,0.000260755471979,6.5779975937e-06,6.3187982423e-06,6.5779975937e-06,0.317451044017,0.323875076392,0.317445994391
630,0.063699582686,0.0221416025772,0.00739043506113,0.342810572814,0.0588588898022,0.03246704296,0.186995059506,0.0540184431775,0.125114065492,0.0748011411966,0.0130171757305,0.0186859889972,1,0.01,30,13,1,4,20,0.000289372070604,0.000277969656428,0.000289372070604,0.141997145206,0.00152522994708,0.00359711941343,0.000289372070604,0.000277969656428,0.000289372070604,0.281822837066,0.287525886602,0.28181835417
631,0.0217526373617,0.0507971037077,0.0875185598886,0.0541851652008,0.36727261586,0.165111018882,0.0760521058059,0.0952165052262,0.0324220497956,0.00687280672662,0.033734988925,0.0090644426196,1,0.01,30,13,1,4,20,0.000668762162295,0.00064241026474,0.000668762162295,0.300034825827,0.00519289895611,0.0166828425603,0.000668762162295,0.00064241026474,0.000668762162295,0.22320542121,0.227722271538,0.223201870729
632,0.0344189276763,0.256453235774,0.0203999507852,0.0981398605024,0.017933768154,0.0117435479944,0.0162041167749,0.00992912020746,0.109892575816,0.0793171637467,0.24114990786,0.104417824709,1,0.01,30,13,1,4,20,1.46316247365e-05,1.40550803417e-05,1.46316247365e-05,6.87848860678e-05,0.000294847571877,8.71289743094e-05,1.46316247365e-05,1.40550803417e-05,1.46316247365e-05,0.330923732067,0.337620401707,0.330918468134
633,0.17415593139,0.02793148017,0.0113867354412,0.0178371682841,0.116501288072,0.000610968473118,0.0908241858016,0.12217736283,0.0608118914793,0.0402200530496,0.0725801003283,0.26496283468,1,0.01,30,13,1,4,20,2.2711286988e-06,2.18163716626e-06,2.2711286988e-06,2.54081031181e-07,1.04859166117e-06,7.62907189131e-07,2.2711286988e-06,2.18163716626e-06,2.2711286988e-06,0.331096528968,0.337796695377,0.331091262286
634,0.0534680708559,0.0617491598647,0.10050684189,0.179299126413,0.321006182131,0.0699439492011,0.00138242571528,0.0162937063231,0.0529526983836,0.0300380556605,0.078335225399,0.0350245581634,1,0.01,30,13,1,4,20,0.000642749331874,0.000617422443628,0.000642749331874,0.102732721216,0.000307845679324,0.00354658647795,0.000642749331874,0.000617422443628,0.000642749331874,0.294550360775,0.300510968212,0.294545675425
635,0.0671673020722,0.180795769147,0.0809821039336,0.100167979413,0.0266619110478,0.049492822376,0.00331398217276,0.0856501872533,0.0171254059418,0.0391736624907,0.213841167988,0.135627706164,1,0.01,30,13,1,4,20,1.27460453999e-09,1.22438003544e-09,1.27460453999e-09,4.83071585407e-08,2.37288843799e-09,2.70208930558e-08,1.27460453999e-09,1.22438003544e-09,1.27460453999e-09,0.331101637245,0.337801907026,0.331096370481
636,0.0522072089419,0.00504497481314,0.068124626932,0.0680116769405,0.0772536038009,0.0769502360782,0.0705822067414,0.153076292056,0.0113451623691,0.14945542793,0.0187836499374,0.249164933459,1,0.01,30,13,1,4,20,1.41979026566e-05,1.36384486423e-05,1.41979026566e-05,2.75135938189e-05,1.57082362135e-05,7.00676841794e-06,1.41979026566e-05,1.36384486423e-05,1.41979026566e-05,0.331057199475,0.33775657,0.331051933419
637,0.0938099923565,0.209381234187,0.0453579337081,0.106588825612,0.171800752095,0.0874211527834,0.0296990033095,0.00818174182248,0.114281490461,0.00479230119651,0.0699977227795,0.058687849689,1,0.01,30,13,1,4,20,0.000230072342086,0.000221006573819,0.000230072342086,0.150975995126,0.000991479239763,0.00054436348216,0.000230072342086,0.000221006573819,0.000230072342086,0.280153681323,0.285822953335,0.280149224978
638,0.21127777236,0.0480042392356,0.0277116918843,0.105826234983,0.347478231763,0.0295144697788,0.00340198286712,0.0583496011002,0.0237953720736,0.124625283863,0.00301780028538,0.0169973198063,1,0.01,30,13,1,4,20,0.000226789296525,0.000217852893353,0.000226789296525,0.000421180661798,0.000271798519774,0.000467359745293,0.000226789296525,0.000217852893353,0.000226789296525,0.330272851152,0.336956349375,0.330267597573
639,0.101906472313,0.0689700045672,0.00158669248398,0.0146895635931,0.182966642117,0.129769039409,0.131843918575,0.174130986773,0.00573906358509,0.0997604615144,0.0789457561477,0.00969139892197,1,0.01,30,13,1,4,20,7.54579834108e-05,7.2484637787e-05,7.54579834108e-05,1.50076891715e-05,0.000171491886717,0.00141287609147,7.54579834108e-05,7.2484637787e-05,7.54579834108e-05,0.330424172899,0.337110733313,0.330418916912
640,0.0221820554408,0.161247399407,0.0789343026744,0.181630992505,0.104023376836,0.148261298515,0.0621459186336,0.0226286602194,0.0295648642826,0.0062670110832,0.120135274622,0.0629788457819,1,0.01,30,13,1,4,20,1.14961639528e-06,1.10431692234e-06,1.14961639528e-06,2.14728424548e-05,0.000760785192421,0.00452318517935,1.14961639528e-06,1.10431692234e-06,1.14961639528e-06,0.329342770544,0.336007447383,0.329337531759
641,0.0763613647747,0.115631178775,0.22592074428,0.0389091754679,0.073311474941,0.0348290595096,0.0488566291445,0.0564350706744,0.0429961413013,0.257818166283,0.00314728343457,0.0257837114148,1,0.01,30,13,1,4,20,8.70184380558e-05,8.35895643928e-05,8.70184380558e-05,0.000562418508924,0.000537460684264,0.0004430831231,8.70184380558e-05,8.35895643928e-05,8.70184380558e-05,0.330420186991,0.337106666745,0.330414931067
642,0.15080351678,0.136974644873,0.0571744698601,0.0996633574353,0.166238917801,6.02425043409e-05,0.0366321183534,0.0887991798989,0.0813317324654,0.0138350769526,0.129809854129,0.0386768889474,1,0.01,30,13,1,4,20,0.000200321460488,0.000192427995662,0.000200321460488,0.0201178640054,0.00515898210393,0.00159728329226,0.000200321460488,0.000192427995662,0.000200321460488,0.321810862931,0.32832312188,0.321805743954
643,0.219247965078,0.027035791912,0.03994026228,0.00352709271647,0.0187635323561,0.104828949492,0.061031044931,0.034506394433,0.0615244347383,0.20540920675,0.205621463343,0.0185638619703,1,0.01,30,13,1,4,20,0.000115867037195,0.00011130141362,0.000115867037195,0.00270033652129,0.000472808298316,0.00110928663575,0.000115867037195,0.00011130141362,0.000115867037195,0.329456586041,0.336123566083,0.329451345445
644,0.00296439585292,0.0181395399805,0.363751339713,0.00742129441645,0.23631249401,0.0517257675959,0.00870776281135,0.00933028206018,0.0804855703269,0.00174026267995,0.200409411149,0.0190118794034,1,0.01,30,13,1,4,20,5.55485948402e-05,5.33597585646e-05,5.55485948402e-05,0.0944496970224,0.00108134852222,0.000242166955509,5.55485948402e-05,5.33597585646e-05,5.55485948402e-05,0.299282091365,0.305338451489,0.299277330749
645,0.0350306536841,0.239691843399,0.0279664338542,0.0324824310168,0.0167111077212,0.138502372721,0.00608599169548,0.0787615725438,0.10669599587,0.127401659857,0.135147191785,0.0555227458532,1,0.01,30,13,1,4,20,1.70659585325e-05,1.63934916731e-05,1.70659585325e-05,2.36276509259e-05,5.46094013774e-06,1.492150842e-05,1.70659585325e-05,1.63934916731e-05,1.70659585325e-05,0.331053635559,0.337752933964,0.33104836956
646,0.000540116126354,0.274377238576,0.0164491909722,0.105019313927,0.0994428328478,0.340345092316,0.0330145576773,0.048736902076,0.0320184708573,0.0143576898661,0.009790747996,0.0259078467624,1,0.01,30,13,1,4,20,6.3454825451e-05,6.09544521435e-05,6.3454825451e-05,0.0626333060027,0.0776541151145,0.00135404190952,6.3454825451e-05,6.09544521435e-05,6.3454825451e-05,0.284079536928,0.289828253704,0.284075018135
647,0.0066272216899,0.0105310214479,0.144260972428,0.233434153361,0.095089094185,0.0335002014352,0.235389663554,0.0782066009583,0.015683343997,0.0429909465106,0.000392680902739,0.10389409953,1,0.01,30,13,1,4,20,0.00016476494667,0.000158272550359,0.00016476494667,9.03622456239e-05,0.00117538305726,0.000282638248194,0.00016476494667,0.000158272550359,0.00016476494667,0.330265968695,0.336949327642,0.330260715224
648,0.0500810107503,0.00158116609242,0.0335801255809,0.0389387460093,0.0193458113456,0.362728631117,0.112314043363,0.0529571336808,0.0190346273455,0.110215157944,0.162516853216,0.0367066935543,1,0.01,30,13,1,4,20,2.47355195326e-05,2.37608413683e-05,2.47355195326e-05,2.78501284955e-05,4.97426098489e-05,4.62567818502e-05,2.47355195326e-05,2.37608413683e-05,2.47355195326e-05,0.331012164293,0.337710623473,0.331006898953
649,0.116707768775,0.136119724581,0.0884784528777,0.0263719492562,0.0376004403863,0.0555098446257,0.091349049904,0.218676230885,0.0766358839042,0.0476398814431,0.0305880230643,0.0743227502976,1,0.01,30,13,1,4,20,0.000143591636636,0.000137933553222,0.000143591636636,0.000140502416384,0.00181334874286,0.00107806237359,0.000143591636636,0.000137933553222,0.000143591636636,0.329816280072,0.336490538988,0.329811033754
650,0.0647879919326,0.130180700198,0.118251677846,0.154776679165,0.190388268423,0.0459439737058,0.00941827000232,0.0808653469408,0.0553519981431,0.0103082394031,0.12451062012,0.0152162341203,1,0.01,30,13,1,4,20,0.000326495946881,0.000313630703855,0.000326495946881,0.0106003024994,0.00706080776723,0.00135737266767,0.000326495946881,0.000313630703855,0.000326495946881,0.324164513392,0.330724401502,0.324159356976
651,0.156147506519,0.0859709936635,0.0769160539749,0.00981349892235,0.0205059316899,0.0107457079434,0.229502012942,0.00874489001632,0.142407176451,0.00907612542299,0.071865972021,0.178304130433,1,0.01,30,13,1,4,20,3.99721358132e-05,3.83970741734e-05,3.99721358132e-05,0.0305015846046,0.00249702824188,0.00249567722197,3.99721358132e-05,3.83970741734e-05,3.99721358132e-05,0.319271080881,0.325731944056,0.319266002304
652,0.056799649275,0.10408220991,0.142665044753,0.168878261112,0.0177640300692,0.00595767463889,0.0900204661861,0.0338959654557,0.0844159510288,0.0417147557905,0.16625339049,0.0875526012912,1,0.01,30,13,1,4,20,1.080017276e-05,1.03746028606e-05,1.080017276e-05,5.67882076504e-06,2.0541258783e-06,1.31651597024e-05,1.080017276e-05,1.03746028606e-05,1.080017276e-05,0.331073572155,0.337773274003,0.331068305839
653,0.118426200366,0.0338855075132,0.0450197594676,0.0234098289232,0.222536360275,0.129112614002,0.0281360834161,0.110511502869,0.0487477048324,0.00291463478237,0.069776010329,0.167523793223,1,0.01,30,13,1,4,20,5.46831996459e-06,5.25284633939e-06,5.46831996459e-06,0.000180169884932,3.01453370324e-06,0.00291369916905,5.46831996459e-06,5.25284633939e-06,5.46831996459e-06,0.330065561425,0.336744864872,0.330060311143
654,0.0462909694449,0.104523790839,0.0238975920364,0.0126622202549,0.0169064855195,0.0918094975205,0.117746964515,0.260576253241,0.0117101678964,0.0327959670266,0.218634563359,0.0624455283464,1,0.01,30,13,1,4,20,5.86999892448e-06,5.63869754556e-06,5.86999892448e-06,0.0410667623196,0.00114918943502,0.000485362530973,5.86999892448e-06,5.63869754556e-06,5.86999892448e-06,0.316951680963,0.323365608081,0.31694663928
655,0.072346705868,0.0468532218979,0.306675808945,0.104522643736,0.0246664744677,0.0399853008719,0.101298008613,0.131838663341,0.00780343171515,0.0742398283879,0.0732514697372,0.0165184424191,1,0.01,30,13,1,4,20,3.0226702958e-06,2.90356502569e-06,3.0226702958e-06,0.0916010163513,0.00250795600406,0.00143727221329,3.0226702958e-06,2.90356502569e-06,3.0226702958e-06,0.299460218769,0.305520183532,0.299455455319
656,0.00320754998122,0.0452840104672,0.0170655292776,0.0649773054879,0.195070384974,0.32404892285,0.251526309411,0.039253117438,0.0246506203899,0.00101647287675,0.0273530723254,0.00654670452102,1,0.01,30,13,1,4,20,0.00356154029657,0.00342120139833,0.00356154029657,0.00311807545953,0.000771193691878,0.0886002608111,0.00356154029657,0.00342120139833,0.00356154029657,0.293495769404,0.299435035821,0.29349110083
657,0.190138862037,0.0719223865665,0.0234690665808,0.14190495303,0.014494414013,0.0847544799516,0.00428301550276,0.0764047904613,0.0133099962363,0.115371000012,0.0259001628427,0.238046872766,1,0.01,30,13,1,4,20,1.58615998638e-05,1.52365895414e-05,1.58615998638e-05,1.8094198415e-05,5.4011266463e-05,2.51850596486e-05,1.58615998638e-05,1.52365895414e-05,1.58615998638e-05,0.331038355487,0.33773734468,0.33103308973
658,0.0257931099769,0.0458863951087,0.00753847079335,0.0273829475634,0.038543365342,0.0207344363566,0.16134952351,0.0187977139019,0.0289498990781,0.303183059058,0.153766260163,0.168074819148,1,0.01,30,13,1,4,20,1.70206094831e-05,1.63499295572e-05,1.70206094831e-05,0.00101890966704,0.000112011044472,0.000186772383964,1.70206094831e-05,1.63499295572e-05,1.70206094831e-05,0.330632005906,0.337322772089,0.330626746613
659,0.0437698428103,0.107737826066,0.0306359666673,0.0755414848086,0.395997129773,0.0747340249011,0.0409215884541,0.00157173230044,0.0125937311685,0.0614210548449,0.124675084922,0.0304005332837,1,0.01,30,13,1,4,20,0.000115306417853,0.000110762884917,0.000115306417853,0.0344325117233,0.000381530383123,6.96202559042e-05,0.000115306417853,0.000110762884917,0.000115306417853,0.319325566625,0.32578753239,0.319320487182
660,0.159771163693,0.0525970962747,0.0501939290729,0.01286969703,0.0923765263678,0.0244508398069,0.0806231179496,0.101113802616,0.137097492282,0.115834947352,0.0797639286064,0.0933074589487,1,0.01,30,13,1,4,20,1.60906285743e-05,1.54565936068e-05,1.60906285743e-05,0.035322193694,6.5629037866e-05,0.00151352267197,1.60906285743e-05,1.54565936068e-05,1.60906285743e-05,0.318852022606,0.325304405594,0.318846950695
661,0.0479796220607,0.0313794985331,0.174772239529,0.129721949578,0.0312694141268,0.169806107275,0.0215641540968,0.0822258534366,0.172788414304,0.0215952689229,0.059314548013,0.0575829301249,1,0.01,30,13,1,4,20,0.000239994446943,0.000230537708156,0.000239994446943,0.000354636050346,0.000974768849917,0.000361012902891,0.000239994446943,0.000230537708156,0.000239994446943,0.330071452238,0.336750874893,0.330066201862
662,0.0195287492091,0.132062047469,0.0549210565899,0.2464834352,0.268012630336,0.0084122329021,0.0781622072825,0.0545130206259,0.00126262482221,0.0466338652554,0.037361617364,0.052646512944,1,0.01,30,13,1,4,20,0.0007375873241,0.000708523440557,0.0007375873241,0.104073825655,0.00345246741596,0.000471919397842,0.0007375873241,0.000708523440557,0.0007375873241,0.293897225306,0.299844615702,0.293892550345
663,0.0323257610757,0.010898960926,0.230134167109,0.0411654328752,0.0279017810151,0.122923807964,0.111815567551,0.0695204624172,0.00890348918047,0.230621625785,0.00647633107259,0.107312613028,1,0.01,30,13,1,4,20,5.65345677586e-05,5.4306880216e-05,5.65345677586e-05,0.00137368278021,0.000888172312509,9.25068577137e-05,5.65345677586e-05,5.4306880216e-05,5.65345677586e-05,0.330211295352,0.336893547914,0.330206042752
664,0.360850050709,0.0895163225452,0.00980671447516,0.177735399215,0.0993050755498,0.0057475368897,0.0207582817571,0.114704406884,0.0372393158468,0.00172603472055,0.0431489305198,0.0394619308884,1,0.01,30,13,1,4,20,0.00225721633278,0.00216827300298,0.00225721633278,0.0863048026587,0.00107528906048,0.00693076633064,0.00225721633278,0.00216827300298,0.00225721633278,0.295449873345,0.301428683582,0.295445173687
665,0.16530125513,0.00482506990758,0.0340543555744,0.145878473432,0.00930602366818,0.0476787356363,0.137013778129,0.0875198439272,0.0984888858531,0.118616966867,0.0252385719721,0.126078039903,1,0.01,30,13,1,4,20,3.88326676691e-05,3.73025056206e-05,3.88326676691e-05,1.97895138704e-05,1.23882168191e-05,0.000747679259315,3.88326676691e-05,3.73025056206e-05,3.88326676691e-05,0.330767321435,0.337460825903,0.33076205999
666,0.0957415337748,0.0636494142485,0.0164861651723,0.0406797339708,0.241653125758,0.0714946998025,0.0624466762698,0.0113262112978,0.018812317547,0.00762874965648,0.0830237395448,0.287057632957,1,0.01,30,13,1,4,20,1.0723324489e-06,1.03007827181e-06,1.0723324489e-06,0.0384669815207,0.000247493151873,0.000455924133969,1.0723324489e-06,1.03007827181e-06,1.0723324489e-06,0.318130178863,0.32456795441,0.318125118434
667,0.0726592763289,0.00932813851401,0.0331991567506,0.321829680924,0.230287195805,0.0429328975567,0.0527332771081,0.0305674304685,0.0849192215735,0.0247926873219,0.0226763234487,0.0740747141997,1,0.01,30,13,1,4,20,9.61498466655e-05,9.2361159069e-05,9.61498466655e-05,0.00058112450189,0.0113938295721,4.60289693147e-05,9.61498466655e-05,9.2361159069e-05,9.61498466655e-05,0.3269329946,0.333548906506,0.326927794146
668,0.00962614090365,0.0759422510337,0.142121033675,0.302972389423,0.0865499137237,0.123484851962,0.0318944243419,0.00293553679062,0.0170164580522,0.0654317804222,0.0463122115581,0.0957130081133,1,0.01,30,13,1,4,20,0.000121443484187,0.000116658126351,0.000121443484187,0.000558464361014,0.000105654727642,0.00217801727314,0.000121443484187,0.000116658126351,0.000121443484187,0.329922537428,0.3365989466,0.329917289421
669,0.0564250820044,0.111058535093,0.0959730955946,0.067592230515,0.110371755943,0.124261266875,0.0165801698382,0.0613658143704,0.0541033518977,0.165740470303,0.064317557173,0.0722106703923,1,0.01,30,13,1,4,20,9.027210103e-06,8.67150200638e-06,9.027210103e-06,4.7453578994e-06,2.17320337832e-05,0.000475884747535,9.027210103e-06,8.67150200638e-06,9.027210103e-06,0.330917634535,0.337614180783,0.330912370698
670,0.191457803064,0.121546069239,0.105420877997,0.0162509679114,0.136536513281,0.0538218180527,0.040074384978,0.0692538761692,0.0849978856225,0.0676658670662,0.0497506954594,0.0632232411588,1,0.01,30,13,1,4,20,8.26248576181e-05,7.93691085547e-05,8.26248576181e-05,9.64368735171e-05,8.75207292802e-06,0.00174616118697,8.26248576181e-05,7.93691085547e-05,8.26248576181e-05,0.330326692958,0.337011280739,0.330321438522
671,0.0283857521699,0.0633736572526,0.174740780392,0.106194883389,0.0683667754059,0.0449098624039,0.0832701309055,0.0030599292003,0.196029347395,0.0120273822678,0.0802471143172,0.139394384901,1,0.01,30,13,1,4,20,3.9163811743e-05,3.76206012967e-05,3.9163811743e-05,3.84732775269e-05,6.8586254155e-05,2.55600799774e-05,3.9163811743e-05,3.76206012967e-05,3.9163811743e-05,0.330980973595,0.337678801592,0.330975708752
672,0.0710331272727,0.24781182303,0.0557506261609,0.0169474260844,0.0440461370655,0.167590929363,0.023894914777,0.206926644532,0.0104374448678,0.0529127771729,0.0720238058727,0.0306243437999,1,0.01,30,13,1,4,20,0.000135153787183,0.000129828188705,0.000135153787183,0.00135831668886,0.00524777719005,0.000118083614816,0.000135153787183,0.000129828188705,0.000135153787183,0.328610307868,0.335260162378,0.328605080734
673,0.0458983743487,0.0964045260542,0.0109652009934,0.100367643781,0.000764297589745,0.0376711148141,0.0835786625562,0.131446883873,0.113445414672,0.21019307527,0.0453134313449,0.123951374702,1,0.01,30,13,1,4,20,1.48009554573e-05,1.42177387565e-05,1.48009554573e-05,5.33121478382e-06,1.24030012294e-05,0.000222677720182,1.48009554573e-05,1.42177387565e-05,1.48009554573e-05,0.33099304716,0.33769111948,0.330987782124
674,0.0252983232211,0.0453794306603,0.0331229231565,0.172223558959,0.00411733348483,0.13757626405,0.0502742125573,0.163987631346,0.0515385763427,0.119710217745,0.0114658553267,0.18530567315,1,0.01,30,13,1,4,20,1.00810438285e-05,9.68381047828e-06,1.00810438285e-05,0.0321197876892,2.91681474448e-05,1.01987555254e-05,1.00810438285e-05,9.68381047828e-06,1.00810438285e-05,0.320433951772,0.326918347143,0.320428854697
675,0.0162766671217,0.0674237237224,0.119987072914,0.0166950549331,0.0202188233978,0.0833710769715,0.116313141617,0.315263616662,0.00454611690887,0.0903206331412,0.059020930983,0.0905631416279,1,0.01,30,13,1,4,20,1.17467999171e-05,1.12839291307e-05,1.17467999171e-05,0.0182793020423,7.76266086881e-06,0.00681378241332,1.17467999171e-05,1.12839291307e-05,1.17467999171e-05,0.32276770339,0.329299325243,0.322762569193
676,0.0594328746295,0.0173833967773,0.125268093367,0.0667459777546,0.0792166931998,0.0136482986777,0.168221262946,0.0167929703561,0.0117206617159,0.182844520441,0.0998366959298,0.158888554205,1,0.01,30,13,1,4,20,1.73914899718e-05,1.67061958749e-05,1.73914899718e-05,4.04293153832e-05,6.33310692922e-05,0.000123150941296,1.73914899718e-05,1.67061958749e-05,1.73914899718e-05,0.330992438449,0.337690498451,0.330987173423
677,0.235198336444,0.039844178679,0.0266575871092,0.0622459661238,0.141938208253,0.11714557116,0.0332083156615,0.00407762576661,0.0858636372169,0.00339887777045,0.0610955154183,0.189326180397,1,0.01,30,13,1,4,20,1.89537165661e-06,1.82068645081e-06,1.89537165661e-06,0.0268951318971,0.00384724135727,9.6705373659e-06,1.89537165661e-06,1.82068645081e-06,1.89537165661e-06,0.320915896647,0.327410044796,0.320910791906
678,0.0447079502785,0.115905163567,0.0349535554887,0.0114323312082,0.109862801703,0.20245091244,0.130636704538,0.155582120897,0.0268773603089,0.0736873148095,0.00467261602975,0.0892311687315,1,0.01,30,13,1,4,20,0.000785501967791,0.000754550056107,0.000785501967791,0.0229663146466,0.00336441316759,0.0011128606063,0.000785501967791,0.000754550056107,0.000785501967791,0.320475058038,0.326960285248,0.32046996031
679,0.183790971718,0.15589620446,0.0423259846832,0.037942079042,0.0492910677189,0.04323104361,0.030876864527,0.0227378455114,0.119822629407,0.0741565611467,0.0848856329281,0.155043115247,1,0.01,30,13,1,4,20,1.55195389425e-05,1.49080071852e-05,1.55195389425e-05,2.57984793736e-05,0.00144742608125,2.82071363117e-06,1.55195389425e-05,1.49080071852e-05,1.55195389425e-05,0.330582518109,0.337272282843,0.330577259603
680,0.0353902972721,0.0886734886311,0.129517185749,0.0269208579211,0.00273283815135,0.236726112034,0.189364027619,0.106283995532,0.0959012355537,0.0386267565255,0.0391634618396,0.010699743172,1,0.01,30,13,1,4,20,0.000893287802134,0.000858088698512,0.000893287802134,0.00161703241211,0.00182810272488,0.00159727217928,0.000893287802134,0.000858088698512,0.000893287802134,0.3276808105,0.334311855428,0.327675598151
681,0.136131320539,0.0199666963141,0.0427299053572,0.0267720039664,0.0891019971676,0.157583357471,0.0212722452845,0.207029932324,0.0420186284405,0.0262433496477,0.108505902045,0.122644661443,1,0.01,30,13,1,4,20,3.99914572034e-05,3.84156342237e-05,3.99914572034e-05,2.93863675031e-05,3.26176554607e-05,0.000247192595559,3.99914572034e-05,3.84156342237e-05,3.99914572034e-05,0.330920886042,0.337617498089,0.330915622154
682,0.0365229855015,0.00703595455292,0.326515270224,0.000698865589547,0.148581279367,0.00474090025,0.138356031936,0.0652425306866,0.14825179256,0.111399142607,0.010386296905,0.00226894982141,1,0.01,30,13,1,4,20,5.69712402601e-05,5.47263460786e-05,5.69712402601e-05,5.38013035217e-06,0.0107295693075,4.2306875287e-06,5.69712402601e-05,5.47263460786e-05,5.69712402601e-05,0.327434211986,0.334060266675,0.32742900356
683,0.0185561608132,0.0810813717872,0.0340733565325,0.433016448914,0.0465665450775,0.0235987762777,0.0768253060227,0.00117610521747,0.148914656123,0.0261818343149,0.0294804568857,0.080528982034,1,0.01,30,13,1,4,20,0.000309395568803,0.000297204148904,0.000309395568803,0.129690158551,0.0101038183982,0.00222110882647,0.000309395568803,0.000297204148904,0.000309395568803,0.283473658918,0.28921011497,0.283469149763
684,0.0246843459177,0.119717785632,0.0773803316804,0.175203814419,0.0575616992614,0.0420898712096,0.0392472580823,0.23525908024,0.0468237668495,0.0647147741969,0.108030871111,0.00928640139958,1,0.01,30,13,1,4,20,6.11141950439e-05,5.87060519136e-05,6.11141950439e-05,8.69521564289e-07,0.0002779654993,4.35684525826e-06,6.11141950439e-05,5.87060519136e-05,6.11141950439e-05,0.330888084782,0.337584033053,0.330882821416
685,0.0553661093216,0.174553632963,0.0698765113398,0.0247050612844,0.00284016101076,0.0760116530469,0.0690897508593,0.325080775135,0.0427966887199,0.0350423738788,0.121372335777,0.00326494666365,1,0.01,30,13,1,4,20,0.000640771043599,0.000615522107805,0.000640771043599,0.00825098799277,0.00236863936813,0.00155591668039,0.000640771043599,0.000615522107805,0.000640771043599,0.325814080331,0.332407349561,0.325808897676
686,0.115988777573,0.0375907709839,0.00909534490332,0.1016504218,0.0586873302151,0.0066437943662,0.0756906592274,0.0775077658551,0.210049157445,0.187434590271,0.0924485866164,0.0272128007419,1,0.01,30,13,1,4,20,2.06632428241e-05,1.98490286105e-05,2.06632428241e-05,2.74689189936e-05,0.000170065911006,4.96242429575e-05,2.06632428241e-05,1.98490286105e-05,2.06632428241e-05,0.33097932006,0.337677114595,0.330974055243
687,0.089595369081,0.0908740127585,0.00816527680153,0.0962142975473,0.0464736203179,0.344038021258,0.177859420774,0.00374768361176,0.0312934899004,0.0981167558145,0.00715566032209,0.00646639181323,1,0.01,30,13,1,4,20,0.00109993932971,0.00105659733136,0.00109993932971,0.0121924657654,0.00186100089141,0.00663276691194,0.00109993932971,0.00105659733136,0.00109993932971,0.322095969835,0.328613998291,0.322090846323
688,0.0817629177175,0.0381496989748,0.0426395709983,0.0560280662653,0.100770934188,0.109945352773,0.161858854336,0.0886161723427,0.0564402675653,0.00526982347805,0.210775233151,0.0477431082097,1,0.01,30,13,1,4,20,0.000279916166257,0.000268886352441,0.000279916166257,0.0252473266163,0.0010586245539,0.000833742350662,0.000279916166257,0.000268886352441,0.000279916166257,0.321566887472,0.328074209262,0.321561772376
689,0.0321531788149,0.192979524569,0.082862784733,0.154448203829,0.0552639923568,0.170658613788,0.11584251053,0.0461023628056,0.0570137984769,0.0155416513937,0.0368625891817,0.0402707895224,1,0.01,30,13,1,4,20,0.00108410412356,0.00104138609552,0.00108410412356,0.183723498042,0.00673653973778,0.00379795237149,0.00108410412356,0.00104138609552,0.00108410412356,0.264657117336,0.270012796336,0.264652907491
690,0.12841068274,0.0495139374323,0.126979328942,0.14930936244,0.00477588202582,0.0457754739195,0.161461052697,0.0616314947695,0.0575431613636,0.0121044987978,0.131193440347,0.0713016845261,1,0.01,30,13,1,4,20,2.80850850397e-06,2.69784206296e-06,2.80850850397e-06,0.0791369080441,0.0028280906742,0.000200053642313,2.80850850397e-06,2.69784206296e-06,2.80850850397e-06,0.303891173663,0.310040804527,0.303886339731
691,0.0423895258444,0.139761174326,0.0517917963253,0.232006779376,0.178176412862,0.0344886839953,0.0482693860217,0.0468213712406,0.0121637454462,0.0896941616803,0.0394036147604,0.0850333481228,1,0.01,30,13,1,4,20,3.55760026275e-05,3.41741661758e-05,3.55760026275e-05,0.0105647511542,0.0116939267357,6.29011495663e-05,3.55760026275e-05,3.41741661758e-05,3.55760026275e-05,0.323641206133,0.330190504443,0.323636058041
692,0.00120955003812,0.174650161741,0.0887996899716,0.148091603998,0.0957243361049,0.23081653252,0.0866515512927,0.0726078437105,0.0178464502959,0.020415816268,0.0415598356766,0.021626628383,1,0.01,30,13,1,4,20,0.000292072652755,0.000280563824866,0.000292072652755,0.105561061416,0.00987073813087,0.0139352042215,0.000292072652755,0.000280563824866,0.000292072652755,0.287695421799,0.293517310682,0.28769084549
693,0.00914043681532,0.105331600415,0.0393688449009,0.00430716956523,0.197919654508,0.0246761281231,0.12809390327,0.0229407668018,0.0222201177981,0.16961858521,0.0413696473987,0.235013145195,1,0.01,30,13,1,4,20,3.21534664942e-06,3.08864916219e-06,3.21534664942e-06,2.51626463447e-06,3.68887684124e-06,1.3928717678e-06,3.21534664942e-06,3.08864916219e-06,3.21534664942e-06,0.331092846015,0.337792937895,0.331087579392
694,0.0634984550764,0.0597827612422,0.0637722940254,0.0984237538498,0.0827417995819,0.0144058502848,0.00758256802787,0.0178893208546,0.111914314134,0.21407903737,0.0956641376831,0.170245707871,1,0.01,30,13,1,4,20,9.37767934372e-06,9.00816136064e-06,9.37767934372e-06,5.97063619616e-05,0.000687054119414,4.26830017831e-05,9.37767934372e-06,9.00816136064e-06,9.37767934372e-06,0.330821894323,0.337516503144,0.33081663201
695,0.28406642806,0.102832422732,0.0363227346766,0.0400775182765,0.013204237884,0.114582875953,0.014982133366,0.0185108334049,0.280362304796,0.068538075324,0.00342623183167,0.0230942036956,1,0.01,30,13,1,4,20,0.000375820889238,0.000361012046677,0.000375820889238,0.000237483374833,0.00601343984791,0.00938883090246,0.000375820889238,0.000361012046677,0.000375820889238,0.325186513763,0.331767083371,0.32518134109
696,0.00868505329932,0.0289086162053,0.00681876664694,0.0574050852856,0.261160800297,0.0921282076177,0.0470216000289,0.0840786399312,0.168916025481,0.0385241490607,0.178923114464,0.0274299416827,1,0.01,30,13,1,4,20,2.1683027146e-06,2.08286293611e-06,2.1683027146e-06,4.07953190244e-06,4.17404712485e-05,3.95005434008e-06,2.1683027146e-06,2.08286293611e-06,2.1683027146e-06,0.331080935528,0.337780786383,0.331075669094
697,0.0182857417482,0.255642653257,0.0471767091123,0.0202203851062,0.0658251163735,0.0980747841495,0.0879441621141,0.0890637135097,0.128218829872,0.013354435645,0.165927909111,0.0102655600007,1,0.01,30,13,1,4,20,0.000175676114224,0.000168753774376,0.000175676114224,0.0519571794636,0.00591018479991,0.00135361966776,0.000175676114224,0.000168753774376,0.000175676114224,0.311149083132,0.31744558718,0.31114413375
698,0.0424787450901,0.0604098095701,0.188920498447,0.13031626528,0.142718624855,0.0323231068516,0.0558112402014,0.00249322354001,0.127856647673,0.165241701331,0.032210036548,0.0192201006134,1,0.01,30,13,1,4,20,1.20888454481e-05,1.16124967029e-05,1.20888454481e-05,9.77983776538e-05,0.000152625252587,0.00366526339593,1.20888454481e-05,1.16124967029e-05,1.20888454481e-05,0.329781474593,0.336455029176,0.32977622883
699,0.201890137933,0.0567154230337,0.0690518081799,0.00516034127131,0.0833491439452,0.0909497578576,0.157754317888,0.021920198586,0.0754063469424,0.113307557877,0.0735458607245,0.0509491057614,1,0.01,30,13,1,4,20,4.43997609928e-05,4.26502332546e-05,4.43997609928e-05,3.88922912373e-06,7.87979606874e-07,0.00153778303541,4.43997609928e-05,4.26502332546e-05,4.43997609928e-05,0.330503907849,0.337192081803,0.330498650594
700,0.0243810793533,0.000231140429991,0.130963540577,0.0660202266124,0.25426001728,0.142185984296,0.0364254725004,0.026624657245,0.0518971840673,0.20336721267,0.0465300117383,0.0171134732309,1,0.01,30,13,1,4,20,7.98786885846e-05,7.67311495384e-05,7.98786885846e-05,0.00115434708211,0.00201676079278,0.000525237645771,7.98786885846e-05,7.67311495384e-05,7.98786885846e-05,0.329721195822,0.336393530586,0.329715951017
701,0.0394270962664,0.17471529459,0.0828536948356,0.0399471720333,0.29403047804,0.0856032168293,0.0594352834368,0.0269255047701,0.0954058945618,0.0624862832231,0.0375047301654,0.00166535124869,1,0.01,30,13,1,4,20,1.40003437094e-05,1.34486743059e-05,1.40003437094e-05,4.61970212476e-05,0.0184047966561,1.46715788719e-06,1.40003437094e-05,1.34486743059e-05,1.40003437094e-05,0.32496457705,0.331540655483,0.324959407908
702,0.144419649128,0.0100341729029,0.0477108542712,0.199323194895,0.0503462367201,0.0301181453922,0.177505380952,0.00734069681401,0.0708395076394,0.0929545223887,0.0136375833281,0.155770055568,1,0.01,30,13,1,4,20,3.3821351488e-05,3.24886552922e-05,3.3821351488e-05,6.00452870763e-05,0.00101519247031,7.39003231163e-05,3.3821351488e-05,3.24886552922e-05,3.3821351488e-05,0.330654876619,0.337346105621,0.330649616963
703,0.0105535587574,0.0582866760349,0.221396666376,0.00160171534816,0.13675096256,0.0715084500988,0.00487417696368,0.0316533139516,0.291614683436,0.135721612974,0.00536545904448,0.0306727244536,1,0.01,30,13,1,4,20,2.53458322252e-05,2.43471053057e-05,2.53458322252e-05,0.000707805026227,0.00109901915343,0.00669340291558,2.53458322252e-05,2.43471053057e-05,2.53458322252e-05,0.328237535199,0.334879846172,0.328232313995
704,0.0226973577072,0.130591108396,0.0269813714827,0.0599112037564,0.0632210965569,0.0264087400424,0.0607706578319,0.034610619393,0.0949062847815,0.219323878834,0.246701384505,0.0138762967124,1,0.01,30,13,1,4,20,1.48988776107e-08,1.43118023864e-08,1.48988776107e-08,0.000113235314576,2.93632302494e-09,0.00127785437113,1.48988776107e-08,1.43118023864e-08,1.48988776107e-08,0.330641043177,0.337331992242,0.33063578374
705,0.0564755495935,0.0334613317162,0.0454253371858,0.128300496532,0.00170044780202,0.0594486671017,0.104539700832,0.143853915638,0.136515610762,0.0409715978095,0.190691072713,0.0586162723145,1,0.01,30,13,1,4,20,3.75371084399e-06,3.60579965943e-06,3.75371084399e-06,9.93571183144e-06,0.00164413420527,1.29921064297e-05,3.75371084399e-06,3.60579965943e-06,3.75371084399e-06,0.330542339246,0.337231290909,0.330537081379
706,0.135974905653,0.0921283813881,0.135976906795,0.0126098870947,0.000983059200499,0.175151221419,0.0890287618839,0.0391133642046,0.11560435414,0.0592323238703,0.0656720514436,0.0785247829076,1,0.01,30,13,1,4,20,3.89224336561e-05,3.73887344695e-05,3.89224336561e-05,1.10334495023e-06,8.31977349994e-05,4.55444663251e-05,3.89224336561e-05,3.73887344695e-05,3.89224336561e-05,0.330982365319,0.337680221478,0.330977100453
707,0.0280141941184,0.0178563812887,0.0123990843965,0.163069174,0.0966669391327,0.177204087858,0.124742213286,0.00203627540218,0.124041673399,0.186803567212,0.0148382149889,0.0523281949186,1,0.01,30,13,1,4,20,0.000139068119639,0.000133588280843,0.000139068119639,0.000727423032946,5.23148605e-05,0.00075905029942,0.000139068119639,0.000133588280843,0.000139068119639,0.330319524788,0.337003967513,0.330314270466
708,0.0227493323501,0.0146583467737,0.0118404255612,0.241786143788,0.110443217873,0.11534048785,0.010543991756,0.0272273413576,0.0899219353586,0.149994589678,0.0378691088575,0.167625078796,1,0.01,30,13,1,4,20,3.12277924241e-05,2.99972928037e-05,3.12277924241e-05,0.0402639577835,0.000505963689142,0.000611693192836,3.12277924241e-05,2.99972928037e-05,3.12277924241e-05,0.317338921331,0.323760684759,0.317333873489
709,0.0106001027077,0.0740166961814,0.154575836361,0.0241616089801,0.0563233303106,0.134083990883,0.0143417033219,0.0279819325289,0.0169875436055,0.0927574800698,0.261754013627,0.132415761423,1,0.01,30,13,1,4,20,1.72137648804e-06,1.65354738612e-06,1.72137648804e-06,1.06644681486e-06,1.48304624817e-05,0.000433178435044,1.72137648804e-06,1.65354738612e-06,1.72137648804e-06,0.330949601089,0.337646794222,0.330944336744
710,0.120406813218,0.120185122833,0.0239956067381,0.0252189201068,0.023099450098,0.0452339614491,0.0764509833528,0.00912183068939,0.140094052071,0.167775841529,0.239542524018,0.00887489389561,1,0.01,30,13,1,4,20,1.6246878335e-05,1.56066865035e-05,1.6246878335e-05,4.05635102104e-05,3.5150523599e-05,7.93804761385e-05,1.6246878335e-05,1.56066865035e-05,1.6246878335e-05,0.331018461146,0.337717047751,0.331013195706
711,0.0407941491155,0.0121349037173,0.119255298889,0.0514539520217,0.297102318062,0.00196364917245,0.126923250453,0.0859645550625,0.182688987255,0.0495712943523,0.000962002421576,0.0311856394777,1,0.01,30,13,1,4,20,0.000635081644401,0.000610056893635,0.000635081644401,0.00140525647267,0.00899884773834,0.00603870587657,0.000635081644401,0.000610056893635,0.000635081644401,0.324412335598,0.33097723871,0.32440717524
712,0.204425427892,0.0535404963795,0.0877076367592,0.124030263659,0.0909769476367,0.0919502028374,0.0640953827451,0.142768328429,0.112267415882,0.00598611637178,0.00939221973788,0.0128595616702,1,0.01,30,13,1,4,20,0.00536720521896,0.00515571591818,0.00536720521896,0.0112759247216,0.0322730545309,0.110944042239,0.00536720521896,0.00515571591818,0.00536720521896,0.269426274149,0.274878463205,0.269421988443
713,0.0819194250723,0.099853453085,0.17412918791,0.0792100630547,0.0295031025253,0.0971270655082,0.0384785454198,0.0172853918862,0.119907582205,0.173404506527,0.0761997377719,0.0129819390341,1,0.01,30,13,1,4,20,5.02491592523e-05,4.82691418836e-05,5.02491592523e-05,0.000337025177764,0.00022737317427,0.00212003028418,5.02491592523e-05,4.82691418836e-05,5.02491592523e-05,0.33011433237,0.336794622761,0.330109081312
714,0.0274920207308,0.0259770316386,0.00297416133221,0.131975352366,0.0077911110416,0.148356483501,0.0579948711993,0.00729736573852,0.344462202368,0.020759850356,0.174328514469,0.0505910352591,1,0.01,30,13,1,4,20,4.43357161865e-05,4.25887120692e-05,4.43357161865e-05,0.0712019489364,0.00017124500244,2.34414690202e-05,4.43357161865e-05,4.25887120692e-05,4.43357161865e-05,0.307375199673,0.313595334309,0.307370310321
715,0.0617237429629,0.114740274252,0.183386904037,0.0457630508965,0.12082798792,0.0920015745824,0.111535753976,0.00649434178321,0.0399637169441,0.160812200234,0.038280825416,0.0244696269966,1,0.01,30,13,1,4,20,3.11073597385e-05,2.98816056465e-05,3.11073597385e-05,7.59069008107e-06,1.79592664273e-05,9.09042341801e-05,3.11073597385e-05,2.98816056465e-05,3.11073597385e-05,0.331002120801,0.337700376738,0.330996855621
716,0.13004389695,0.0519710731365,0.00682115841062,0.036641384157,0.00394236656979,0.0163447282261,0.0570828498224,0.0207523164687,0.123616896018,0.468827282835,0.0542701112874,0.029685936119,1,0.01,30,13,1,4,20,1.46204603338e-06,1.4044355861e-06,1.46204603338e-06,7.47799711498e-05,0.000835047898853,7.56252159612e-07,1.46204603338e-06,1.4044355861e-06,1.46204603338e-06,0.330797303186,0.337491414374,0.330792041263
717,0.0341191709899,0.148739939612,0.0251768297572,0.0627426535454,0.10251096595,0.214831937487,0.049285604456,0.00887021049256,0.00967404236683,0.12235440666,0.0799286465627,0.14176559212,1,0.01,30,13,1,4,20,1.2138498923e-05,1.16601936328e-05,1.2138498923e-05,0.000148549857067,0.000238928281388,0.00135594696959,1.2138498923e-05,1.16601936328e-05,1.2138498923e-05,0.330500616786,0.337188724141,0.330495359583
718,0.000884584796646,0.019437385076,0.0102740931729,0.0291962518358,0.0232632910909,0.188969672754,0.0860326152266,0.0662491858633,0.244784544249,0.0663485788678,0.0535001191805,0.211059677887,1,0.01,30,13,1,4,20,2.67213771599e-05,2.56684482815e-05,2.67213771599e-05,4.16749914053e-05,0.00017243601632,8.13146103848e-05,2.67213771599e-05,2.56684482815e-05,2.67213771599e-05,0.330951461854,0.337648692642,0.33094619748
719,0.00747498443639,0.00278255991304,0.166012248628,0.00583922026556,0.182607717097,0.0843584152996,0.106881853363,0.0887707010615,0.0133933487013,0.0414086361463,0.00342180897807,0.29704850611,1,0.01,30,13,1,4,20,3.03659820626e-06,2.91694412091e-06,3.03659820626e-06,0.0215211802821,2.24988335276e-05,0.00146525162936,3.03659820626e-06,2.91694412091e-06,3.03659820626e-06,0.323477416879,0.330023400702,0.323472271393
720,0.130882923037,0.0241776601087,0.0218036735451,0.114269542633,0.0129104962961,0.030811669104,0.00717519286415,0.0494674757978,0.0553943531202,0.108583915259,0.265912002817,0.178611095418,1,0.01,30,13,1,4,20,1.29706492785e-05,1.2459553944e-05,1.29706492785e-05,4.20387503145e-05,1.93901816443e-05,4.89652946141e-05,1.29706492785e-05,1.2459553944e-05,1.29706492785e-05,0.331039684586,0.337738700675,0.331034418808
721,0.00585592630897,0.117319353545,0.0390411249567,0.0345103659151,0.126712567294,0.041734466694,0.116970412862,0.101644958207,0.118201894259,0.12956009215,0.0461095968048,0.122339241004,1,0.01,30,13,1,4,20,5.57812517303e-06,5.35832478449e-06,5.57812517303e-06,0.0346965346679,1.51232144281e-05,0.000984174180421,5.57812517303e-06,5.35832478449e-06,5.57812517303e-06,0.319271780017,0.32573265734,0.319266701429
722,0.0838466940424,0.0775830519899,0.149713877613,0.062080229141,0.0176376815592,0.177582459565,0.146153247295,0.0640204659729,0.0579250421699,0.0576754481121,0.0295337034709,0.0762480990686,1,0.01,30,13,1,4,20,5.47523006607e-06,5.2594841553e-06,5.47523006607e-06,0.0323852970351,2.46138142405e-05,0.00388583690746,5.47523006607e-06,5.2594841553e-06,5.47523006607e-06,0.31907334866,0.325530210467,0.319068273228
723,0.0421118159988,0.00616146895896,0.0690790190395,0.103385833125,0.134611181975,0.0475189366661,0.00670228683095,0.185421465935,0.0370267788167,0.0860739378224,0.23720529162,0.0447019832122,1,0.01,30,13,1,4,20,8.824992045e-06,8.47725214671e-06,8.824992045e-06,3.48535507527e-05,0.000268057933071,0.000730317021533,8.824992045e-06,8.47725214671e-06,8.824992045e-06,0.330742260249,0.337435257572,0.330736999202
724,0.0054492144835,0.032554164913,0.126819351983,0.0220477416142,0.128103522133,0.0331263936165,0.0314805394669,0.206868242717,0.0332567373455,0.0782017882517,0.0514552963052,0.250637007171,1,0.01,30,13,1,4,20,1.88802721401e-05,1.81363140855e-05,1.88802721401e-05,0.00538239160897,2.25045296332e-05,6.22368928129e-05,1.88802721401e-05,1.81363140855e-05,1.88802721401e-05,0.329254473533,0.335917363567,0.329249236152
725,0.110582020068,0.0728093899042,0.0839524516229,0.00396750611821,0.0221074166285,0.0892221492805,0.0378810591653,0.0391278202906,0.0308910646888,0.0923354679313,0.0421624388911,0.37496121541,1,0.01,30,13,1,4,20,2.75470053468e-08,2.64615434236e-08,2.75470053468e-08,0.0135710643135,0.0025967302041,1.50834387699e-06,2.75470053468e-08,2.64615434236e-08,2.75470053468e-08,0.325747928357,0.332339858916,0.325742746754
726,0.101265590779,0.254991603412,0.134017008159,0.04343268109,0.100776402836,0.0158610703995,0.0884614196359,0.0191775141,0.00729573479543,0.092035968698,0.00510750107012,0.137577505024,1,0.01,30,13,1,4,20,4.81543710882e-05,4.62568967314e-05,4.81543710882e-05,2.95371238124e-05,8.00757765111e-05,0.000947464442701,4.81543710882e-05,4.62568967314e-05,4.81543710882e-05,0.330657257961,0.337348535152,0.330651998266
727,0.0700424975615,0.150905223415,0.0151407975562,0.0739841404737,0.0554999437436,0.0235913772488,0.12251656355,0.0145624834626,0.0364145625634,0.062833613388,0.0236057859964,0.350903011041,1,0.01,30,13,1,4,20,2.58979924717e-05,2.48775082354e-05,2.58979924717e-05,9.86785934442e-05,8.3148256579e-05,7.50460592902e-05,2.58979924717e-05,2.48775082354e-05,2.58979924717e-05,0.33096584098,0.337663362748,0.330960576377
728,0.106247497429,0.0446276757582,0.0509601520992,0.112856627318,0.0708472796431,0.143011572389,0.0858986109635,0.114028216902,0.00367164997188,0.151533181505,0.0448278471218,0.0714896888993,1,0.01,30,13,1,4,20,7.96569591977e-05,7.6518157174e-05,7.96569591977e-05,0.050253145935,1.35223873295e-05,0.000367758601762,7.96569591977e-05,7.6518157174e-05,7.96569591977e-05,0.3141803536,0.320538199325,0.314175356
729,0.146031453106,0.04433504607,0.128873647944,0.0920730018252,0.0250109847229,0.0361436308931,0.17118479127,0.0185929113152,0.069417131117,0.144978681098,0.0935104043599,0.0298483162783,1,0.01,30,13,1,4,20,2.75971331509e-05,2.65096959922e-05,2.75971331509e-05,1.05766683676e-05,1.40152569222e-05,0.000135015272634,2.75971331509e-05,2.65096959922e-05,2.75971331509e-05,0.330994714625,0.337692820689,0.330989449563
730,0.144485888553,0.0237967143166,0.0977837837558,0.110405420094,0.130689867697,0.338952509199,0.0379274624819,0.000183702621172,0.0596457497349,0.0179606310639,0.00516371402729,0.0330045564555,1,0.01,30,13,1,4,20,0.0015472365389,0.00148626924579,0.0015472365389,0.00505053376252,0.0191998176504,0.00900896361516,0.0015472365389,0.00148626924579,0.0015472365389,0.317056068047,0.323472107573,0.317051024704
731,0.0304809385208,0.00487422724576,0.0215201843515,0.138056360681,0.13064190802,0.128859441013,0.310328818573,0.0315562815511,0.0763944923323,0.0305640193235,0.0448089393036,0.051914389085,1,0.01,30,13,1,4,20,0.000472056544715,0.000453455633348,0.000472056544715,0.0122317525831,0.00202831956369,0.0108545687466,0.000472056544715,0.000453455633348,0.000472056544715,0.32186069138,0.328373958671,0.32185557161
732,0.0316548216818,0.00516910115204,0.108312113531,0.0659378573099,0.126644268224,0.00850446422985,0.0489359877939,0.155195077091,0.00460529197725,0.0296634001709,0.308210713285,0.107166903554,1,0.01,30,13,1,4,20,2.0707257756e-05,1.98913091784e-05,2.0707257756e-05,0.000682499727217,0.000162727506944,0.00172009404409,2.0707257756e-05,1.98913091784e-05,2.0707257756e-05,0.330211686401,0.336893946876,0.330206433795
733,0.0139205104323,0.00913841487819,0.079127744054,0.0239458766524,0.224131184246,0.0754498168836,0.030538185094,0.187188388292,0.0400294228156,0.0759219008665,0.000959919229352,0.239648636556,1,0.01,30,13,1,4,20,2.64031370291e-05,2.53627480816e-05,2.64031370291e-05,2.49349430859e-05,3.14978937462e-05,0.000258394685505,2.64031370291e-05,2.53627480816e-05,2.64031370291e-05,0.330945661767,0.337642775182,0.330940397485
734,0.0941465898339,0.00999947395513,0.134928328958,0.0654709412613,0.0660712092157,0.0797586335664,0.0434409376746,0.0056926272274,0.0879656233791,0.161635238533,0.215263666559,0.0356267298363,1,0.01,30,13,1,4,20,5.83921247209e-05,5.60912420224e-05,5.83921247209e-05,0.00214861829616,0.000180189890905,0.000449664790301,5.83921247209e-05,5.60912420224e-05,5.83921247209e-05,0.330067229714,0.336746566921,0.330061979405
735,0.110105420487,0.014117256244,0.0364505071985,0.153891964068,0.000784070996923,0.16853884796,0.226013922465,0.0394276752609,0.0507337985065,0.0372543755513,0.0345207006167,0.128161460646,1,0.01,30,13,1,4,20,0.000102003343777,9.79840050391e-05,0.000102003343777,0.000177150100152,0.000261586462379,0.000181234386241,0.000102003343777,9.79840050391e-05,0.000102003343777,0.330696412814,0.337388482355,0.330691152497
736,0.0402717785949,0.00440793594021,0.0260462826668,0.049057110333,0.108579015638,0.271142153407,0.113722639531,0.0265684356792,0.319149956532,0.00138640552789,0.00419171096039,0.0354765751895,1,0.01,30,13,1,4,20,0.000425917016725,0.000409134186857,0.000425917016725,0.346264552168,0.00354489450136,0.00523704772645,0.000425917016725,0.000409134186857,0.000425917016725,0.212710162501,0.217014627697,0.212706778966
737,0.174600139566,0.00386838690676,0.0860176040148,0.0607449176766,0.104481811211,0.167732740454,0.0981359234714,0.0316997158248,0.0964406263824,0.0838380459795,0.0285694556515,0.0638706328623,1,0.01,30,13,1,4,20,2.1643365418e-05,2.07905304635e-05,2.1643365418e-05,0.00812191253687,0.0140662570802,2.5932995168e-05,2.1643365418e-05,2.07905304635e-05,2.1643365418e-05,0.323704106923,0.330254678112,0.32369895783
738,0.00303247899171,0.108708791424,0.0510312980307,0.0537243661967,0.111787212079,0.07701955555,0.0506011292937,0.024329818338,0.218577784861,0.124873577179,0.0899063617159,0.0864076263407,1,0.01,30,13,1,4,20,3.16205008887e-05,3.03745269879e-05,3.16205008887e-05,4.79877284926e-05,2.16348674396e-05,9.96810254446e-05,3.16205008887e-05,3.03745269879e-05,3.16205008887e-05,0.330983616244,0.337681497718,0.330978351359
739,0.0420174833152,0.0527132153874,0.0164208251536,0.158727534475,0.0406804998512,0.0273959373123,0.141556562623,0.129746914072,0.292463134056,0.0302659876516,0.0227825983267,0.0452293077768,1,0.01,30,13,1,4,20,0.00091196726452,0.000876032115549,0.00091196726452,0.00347458275801,0.00123760339232,0.00434940362373,0.00091196726452,0.000876032115549,0.00091196726452,0.326313431099,0.332916805337,0.326308240501
740,0.0879974505475,0.050559591489,0.0713734272488,0.149716249097,0.0643047532248,0.0296427842767,0.101253015302,0.022512548271,0.19569939462,0.056054054386,0.0387978548619,0.132088876676,1,0.01,30,13,1,4,20,7.57872807025e-05,7.28009594515e-05,7.57872807025e-05,0.000133975710773,0.000242360070257,0.000308741323153,7.57872807025e-05,7.28009594515e-05,7.57872807025e-05,0.330726253083,0.33741892648,0.330720992291
741,0.154103639689,0.0443850205087,0.1152928722,0.00138497716931,0.0885446291095,0.035677976364,0.0498041906471,0.13682659123,0.00184160271614,0.107545073084,0.164308274591,0.100285152691,1,0.01,30,13,1,4,20,7.26056896113e-06,6.97447357439e-06,7.26056896113e-06,4.30400899582e-06,2.78241388116e-06,1.3019806716e-05,7.26056896113e-06,6.97447357439e-06,7.26056896113e-06,0.331080773799,0.337780621381,0.331075507368
742,0.00710676542282,0.114640820965,0.0425653963108,0.0718127897406,0.159104118308,0.00406856649136,0.0102284671772,0.0153858319237,0.140439036037,0.302509177699,0.112008359086,0.0201306708384,1,0.01,30,13,1,4,20,4.86704423165e-07,4.67526326942e-07,4.86704423165e-07,7.85047835043e-05,0.00089470315882,7.79274326465e-07,4.86704423165e-07,4.67526326942e-07,4.86704423165e-07,0.330778222489,0.337471947554,0.33077296087
743,0.00347691969971,0.105129468575,0.184576259608,0.050720519146,0.169253473172,0.043449709038,0.0846522403038,0.0118170925753,0.00495845642849,0.0592191436016,0.193967204081,0.0887795137705,1,0.01,30,13,1,4,20,6.57550525929e-06,6.31640411581e-06,6.57550525929e-06,6.35097344017e-07,1.43150710072e-05,1.6986921971e-06,6.57550525929e-06,6.31640411581e-06,6.57550525929e-06,0.331083261618,0.337783159545,0.331077995147
744,0.137934352427,0.413882294663,0.016322597415,0.00143452965591,0.0465184400093,0.112860811336,0.11374811041,0.0557476796905,0.0100576088033,0.0259460674659,0.0564944103172,0.0090530978066,1,0.01,30,13,1,4,20,0.000629085820015,0.000604297328654,0.000629085820015,0.000160963623206,0.00106328638113,0.00513773822913,0.000629085820015,0.000604297328654,0.000629085820015,0.327761867416,0.334394552636,0.327756653778
745,0.099715095708,0.0193513664328,0.0520721840231,0.171125291161,0.217204557232,0.0190784079422,0.101673382261,0.00178267135141,0.117117375127,0.0952364680614,0.0247451499898,0.0808980507092,1,0.01,30,13,1,4,20,3.18104311878e-05,3.05569732754e-05,3.18104311878e-05,5.40854370943e-06,1.65362496076e-05,4.90670906908e-05,3.18104311878e-05,3.05569732754e-05,3.18104311878e-05,0.331015788441,0.33771432096,0.331010523043
746,0.0532673422551,0.0444931349571,0.0476204124694,0.069975153904,0.0247617709274,0.0730537495911,0.0287500766851,0.245270105583,0.0546927152398,0.0824441772884,0.266956210776,0.0087151503233,1,0.01,30,13,1,4,20,2.76843311408e-06,2.65934580333e-06,2.76843311408e-06,3.54285761586e-06,0.00126472704381,1.06637680219e-05,2.76843311408e-06,2.65934580333e-06,2.76843311408e-06,0.330672780844,0.337364372161,0.330667520902
747,0.0227046879724,0.29533826099,0.12021842245,0.125331107711,0.0932097859613,0.00675334303704,0.0193624087592,0.0584658219247,0.00283046211461,0.119555223953,0.0362919605855,0.0999385145412,1,0.01,30,13,1,4,20,3.44807499557e-05,3.31220708293e-05,3.44807499557e-05,0.000199191132153,6.66220881498e-07,0.0031906106693,3.44807499557e-05,3.31220708293e-05,3.44807499557e-05,0.329911475781,0.336587661106,0.329906227949
748,0.235629186256,0.0378618927238,0.00542258758822,0.0531264653238,0.121207985193,0.159244575715,0.00599944857978,0.132287868129,0.137251737801,0.0222677078479,0.0361985820344,0.0535019628091,1,0.01,30,13,1,4,20,0.000490466488976,0.000471140152349,0.000490466488976,0.104781179327,0.00258782098276,0.00182217283245,0.000490466488976,0.000471140152349,0.000490466488976,0.293986718525,0.299935919932,0.293982042141
749,0.18392304184,0.108378795546,0.0411602993389,0.18563694962,0.00264458724714,0.0429735311952,0.0204552142255,0.0478984437594,0.200482955596,0.0453722361908,0.009598258793,0.111475686646,1,0.01,30,13,1,4,20,0.000123317546029,0.000118458342679,0.000123317546029,0.000403202427856,0.000837953206296,0.00339024168642,0.000123317546029,0.000118458342679,0.000123317546029,0.329326436016,0.335990782304,0.32932119749
750,0.21218227456,0.0101936751242,0.103295360036,0.0973727584831,0.152480514449,0.0556534231906,0.0788721263163,0.0453050699558,0.0278658915562,0.00517840293909,0.0667764606192,0.144824042771,1,0.01,30,13,1,4,20,1.67094668537e-06,1.60510471889e-06,1.67094668537e-06,0.000491422696519,0.0054282749992,1.64975786232e-06,1.67094668537e-06,1.60510471889e-06,1.67094668537e-06,0.329137821548,0.335798350979,0.329132586023
751,0.103672663024,0.0157427909458,0.11115579085,0.219591014577,0.0586545629952,0.09595085948,0.122434096924,0.0117272214191,0.122823814781,0.0362799445141,0.0493483485036,0.0526188919855,1,0.01,30,13,1,4,20,0.000150251683088,0.00014433116727,0.000150251683088,2.85484803268e-05,0.000277257729283,0.000713854498677,0.000150251683088,0.00014433116727,0.000150251683088,0.330469483202,0.337156960529,0.330464226494
752,0.109689804569,0.241578528611,0.0888989971611,0.00427441053805,0.100453221338,0.0035740396039,0.0784115998974,0.12190571938,0.0330093987128,0.109971826697,0.00933737456055,0.0988950789321,1,0.01,30,13,1,4,20,3.09969260672e-06,2.97755235024e-06,3.09969260672e-06,2.2716208229e-05,0.00391703123191,4.02054127715e-06,3.09969260672e-06,2.97755235024e-06,3.09969260672e-06,0.329789800325,0.33646352339,0.329784554429
753,0.139665772842,0.0619635519799,0.029358225136,0.00389143630569,0.105658308344,0.015454839946,0.0135539160004,0.110277608544,0.11224676177,0.0898171121412,0.150570739449,0.167541727543,1,0.01,30,13,1,4,20,9.39142744169e-06,9.0213677287e-06,9.39142744169e-06,0.01530937452,4.14480230135e-05,0.00395340173073,9.39142744169e-06,9.0213677287e-06,9.39142744169e-06,0.324691592614,0.331262146853,0.324686427814
754,0.0861937613916,0.00268419468521,0.0753386901391,0.0288181401359,0.232174214898,0.113025131888,0.0169844664815,0.107474890352,0.00371085147265,0.0108637436464,0.139952629256,0.182779285653,1,0.01,30,13,1,4,20,1.40040322074e-05,1.34522174623e-05,1.40040322074e-05,3.13746322644e-05,0.000863087289487,1.42004108137e-05,1.40040322074e-05,1.34522174623e-05,1.40040322074e-05,0.330773350722,0.337466977201,0.330768089181
755,0.0128177271234,0.0770861883402,0.128063625636,0.0682058176405,0.0893213741489,0.173670894581,0.00098451194964,0.0517353320558,0.00792533520731,0.150626349914,0.183699568484,0.0558632749185,1,0.01,30,13,1,4,20,2.01728846684e-06,1.93779925227e-06,2.01728846684e-06,1.65008988916e-06,0.000729910135213,0.00030386482027,2.01728846684e-06,1.93779925227e-06,2.01728846684e-06,0.330754879586,0.337448132278,0.330749618339
756,0.0708131035491,0.105694050535,0.0797615724333,0.0561833063678,0.0654961288639,0.0036686135692,0.0398448222094,0.0105025264312,0.0382689387729,0.172406368433,0.335679800067,0.0216807687678,1,0.01,30,13,1,4,20,9.18684824609e-06,8.82484976967e-06,9.18684824609e-06,2.48234791483e-05,4.27571066269e-05,3.34538872904e-05,9.18684824609e-06,8.82484976967e-06,9.18684824609e-06,0.33105020182,0.337749430739,0.331044935875
757,0.191717669136,0.13828460199,0.0888614169654,0.0156596662747,0.245434022341,0.113420215174,0.0274956170724,0.0137151933059,0.0684195581268,0.00366842216351,0.0109764324665,0.0823471849845,1,0.01,30,13,1,4,20,0.000499405234017,0.000479726675169,0.000499405234017,0.000521230066631,0.000418379826037,0.00644324659487,0.000499405234017,0.000479726675169,0.000499405234017,0.32767809717,0.334309087191,0.327672884865
758,0.027764041292,0.0832520506071,0.0508960027732,0.00159504830246,0.0363032143632,0.140593646087,0.11446296925,0.0344052638097,0.102785766231,0.374912173936,0.0114278843307,0.0216019390176,1,0.01,30,13,1,4,20,1.11838544855e-06,1.07431659952e-06,1.11838544855e-06,1.81640292449e-05,1.51229333085e-06,0.000724492006693,1.11838544855e-06,1.07431659952e-06,1.11838544855e-06,0.330853077484,0.337548317337,0.330847814675
759,0.0108371760353,0.044056152642,0.0455631203222,0.0666939986236,0.0211178900459,0.00773062514393,0.205499986036,0.0298561920642,0.055140362872,0.293843390906,0.13751454667,0.0821465586386,1,0.01,30,13,1,4,20,3.74863202942e-06,3.60092097041e-06,3.74863202942e-06,0.00901279576576,5.81593678571e-06,2.42056198049e-05,3.74863202942e-06,3.60092097041e-06,3.74863202942e-06,0.328100224339,0.334739756649,0.328095005319
760,0.103870882452,0.0560161078952,0.00714284096494,0.0214087781598,0.242549430035,0.0572827720789,0.0931834188244,0.107363855683,0.0388907116148,0.0145788602049,0.0130534338813,0.244658908205,1,0.01,30,13,1,4,20,4.460072028e-05,4.28432739441e-05,4.460072028e-05,8.46971964201e-05,8.66998755294e-05,0.000392701345877,4.460072028e-05,4.28432739441e-05,4.460072028e-05,0.330827451095,0.337522172365,0.330822188693
761,0.109894464125,0.00675123369824,0.0830097195721,0.0201597322622,0.0252073001393,0.361033179534,0.0428097651637,0.0593337143386,0.10784582638,0.0526707285085,0.0811163026335,0.0501680336444,1,0.01,30,13,1,4,20,0.000128668272392,0.000123598229073,0.000128668272392,0.000227375851676,0.00125233554782,0.000159384149754,0.000128668272392,0.000123598229073,0.000128668272392,0.330306701928,0.336990885165,0.33030144781
762,0.155421797507,0.0181989727495,0.117193096062,0.0222000175862,0.0601839540169,0.172186714495,0.0510936010194,0.147214288843,0.0407151300718,0.174222915099,0.0280800988496,0.0132894137005,1,0.01,30,13,1,4,20,6.50543587839e-06,6.2490957481e-06,6.50543587839e-06,4.64285844989e-05,0.00277083019158,1.63850925499e-05,6.50543587839e-06,6.2490957481e-06,6.50543587839e-06,0.330150687252,0.33683171333,0.330145435615
763,0.0585545358003,0.0862590155072,0.122295284117,0.173416232948,0.00701859610434,0.143959231719,0.00930285633564,0.00963996527672,0.0775431580183,0.142618938883,0.0318867396672,0.137505445623,1,0.01,30,13,1,4,20,1.10210161661e-05,1.05867441553e-05,1.10210161661e-05,0.0405142324771,1.71330392855e-05,0.000155717656621,1.10210161661e-05,1.05867441553e-05,1.10210161661e-05,0.317608497584,0.324035716236,0.317603445454
764,0.10877395693,0.0998739805146,0.00247303614916,0.113306061728,0.0248935949028,0.177054098599,0.0608442713177,0.00275177662654,0.0634670892045,0.0194051090599,0.126647410241,0.200509614727,1,0.01,30,13,1,4,20,0.000151013359726,0.00014506283081,0.000151013359726,0.00595566252294,1.18600537481e-05,0.000560015712535,0.000151013359726,0.00014506283081,0.000151013359726,0.328644322482,0.335294865321,0.328639094807
765,0.0966374933845,0.0773135275838,0.0441145606999,0.248617354654,0.0103112474929,0.114895424251,0.0572529827253,0.174938734954,0.00887561825767,0.0487641935282,0.0327416280683,0.0855372343999,1,0.01,30,13,1,4,20,7.64926821354e-05,7.34785652535e-05,7.64926821354e-05,9.62604953446e-05,0.00380347787067,6.44811524798e-05,7.64926821354e-05,7.34785652535e-05,7.64926821354e-05,0.329639140617,0.336309814888,0.329633897118
766,0.377636758568,0.106883605057,0.0301909965826,0.00503818660563,0.143426484057,0.0290435193141,0.0302841337646,0.068731352955,0.191800732752,0.000738325684311,0.00633635601337,0.0098895486462,1,0.01,30,13,1,4,20,0.0218152430307,0.0209556354125,0.0218152430307,0.22032089752,0.0560865805427,0.0345823018667,0.0218152430307,0.0209556354125,0.0218152430307,0.185363286619,0.189114352419,0.185360338085
767,0.00418876933119,0.0950160397258,0.221321503969,0.0738355580375,0.00148087813629,0.0804733818366,0.1446129579,0.0277921437357,0.0547200671057,0.00522308280156,0.231755942234,0.0595796751862,1,0.01,30,13,1,4,20,2.0396959243e-06,1.9593237665e-06,2.0396959243e-06,0.000296265053491,1.41256140321e-05,0.00341504056948,2.0396959243e-06,1.9593237665e-06,2.0396959243e-06,0.329864170126,0.336539398159,0.329858923047
768,0.00219330150283,0.0500227682867,0.0381186100894,0.164170598857,0.184614661874,0.00110520001336,0.0559411255055,0.189079092454,0.0819425573339,0.117194991259,0.00543675078893,0.110180342035,1,0.01,30,13,1,4,20,7.97302377288e-05,7.65885482387e-05,7.97302377288e-05,0.000189493840291,3.96916897912e-05,0.000290469909615,7.97302377288e-05,7.65885482387e-05,7.97302377288e-05,0.330773294239,0.337466919575,0.330768032699
769,0.0360589582462,0.0237466393678,0.0568917357194,0.0927708666813,0.153190796113,0.0810948269739,0.00499207133587,0.0369040917324,0.129556654983,0.0268938925274,0.143591164177,0.214308302143,1,0.01,30,13,1,4,20,2.43688224276e-05,2.34085935924e-05,2.43688224276e-05,0.0211433883758,0.0015729555321,0.00125590649843,2.43688224276e-05,2.34085935924e-05,2.43688224276e-05,0.323116637956,0.329655320951,0.323111498209
770,0.146429654422,0.0967339293744,0.0140568757866,0.198654656327,0.0176805320789,0.075656304516,0.110349044999,0.0493261183282,0.0452133274349,0.112210026894,0.0617513337823,0.0719381960561,1,0.01,30,13,1,4,20,5.36819943065e-06,5.15667095397e-06,5.36819943065e-06,0.000213499309854,0.00262656567131,0.000264106248257,5.36819943065e-06,5.15667095397e-06,5.36819943065e-06,0.330063344763,0.336742603353,0.330058094515
771,0.071144882015,0.0519665339523,0.0171141977417,0.0242276162407,0.139967898097,0.121008088615,0.0858465576598,0.00850534848751,0.0827001005233,0.076262330027,0.242876002787,0.0783804438541,1,0.01,30,13,1,4,20,6.69843723238e-06,6.43449207866e-06,6.69843723238e-06,0.036939868718,0.000359460063641,5.50685135546e-05,6.69843723238e-06,6.43449207866e-06,6.69843723238e-06,0.318720429916,0.325170149957,0.318715360098
772,0.00980720454414,0.0328000668577,0.0824590280179,0.13725189407,0.139314414757,0.0664171892932,0.065510617554,0.0876600755135,0.175141480911,0.0445796327114,0.119258821865,0.0397995739052,1,0.01,30,13,1,4,20,9.54941327585e-06,9.17312829063e-06,9.54941327585e-06,1.83396172517e-05,0.000767193476011,0.00353109139391,9.54941327585e-06,9.17312829063e-06,9.54941327585e-06,0.329653702131,0.336324671073,0.3296484584
773,0.107913585646,0.0820882188468,0.0224301794987,0.106417905294,0.0191301679434,0.117387994777,0.0203276932662,0.265582247626,0.044520750598,0.0670533291771,0.00639549224112,0.140752435086,1,0.01,30,13,1,4,20,2.66459021236e-05,2.55959472627e-05,2.66459021236e-05,3.18504987243e-05,0.00183203148381,5.41916604231e-05,2.66459021236e-05,2.55959472627e-05,2.66459021236e-05,0.330414348361,0.337100709963,0.33040909253
774,0.00947935452894,0.0343076772618,0.0519379895426,0.0049376153381,0.256137312244,0.00883713505293,0.137185210745,0.0685185838434,0.0559726847687,0.012648231355,0.0427018145605,0.317336390759,1,0.01,30,13,1,4,20,5.68850360356e-05,5.46435386445e-05,5.68850360356e-05,0.000777767186807,0.0011475485551,5.06869186528e-05,5.68850360356e-05,5.46435386445e-05,5.68850360356e-05,0.330335883645,0.337020657411,0.330330629062
775,0.0352058870702,0.10522295697,0.0625247488833,0.0683619325687,0.00949313636217,0.115309971184,0.0677180317393,0.205104930232,0.10734020761,0.109044426406,0.00398943717711,0.110684333797,1,0.01,30,13,1,4,20,2.58939071181e-05,2.48735838609e-05,2.58939071181e-05,0.00644809249711,0.00649256891825,0.000564308732719,2.58939071181e-05,2.48735838609e-05,2.58939071181e-05,0.326579381929,0.333188138026,0.3265741871
776,0.0471469100945,0.0141882003776,0.131890001347,0.14368916609,0.0344678460323,0.0108390666458,0.046369599264,0.12657038707,0.0141429149183,0.240089491088,0.0671994769187,0.123406940154,1,0.01,30,13,1,4,20,0.00010074598761,9.67761937213e-05,0.00010074598761,0.0113497037337,0.000187210087832,0.00275432276283,0.00010074598761,9.67761937213e-05,0.00010074598761,0.326172299061,0.33277281731,0.326167110707
777,0.0889663338502,0.0582003495193,0.11218882128,0.0242078476651,0.017387735247,0.0238491984535,0.140399534603,0.0195570877482,0.289673906616,0.0714599983623,0.0317593777791,0.122349808877,1,0.01,30,13,1,4,20,9.84418078145e-05,9.45628078038e-05,9.84418078145e-05,0.000620016313082,0.00259168631598,0.000104366574219,9.84418078145e-05,9.45628078038e-05,9.84418078145e-05,0.329810712642,0.336484858895,0.329805466413
778,0.213870348321,0.0326098191156,0.0133344315875,0.199781925752,0.00925073335368,0.40092526101,0.00594404547151,0.0314001498304,0.0425741305202,0.0365380666853,0.00764009208022,0.00613099627289,1,0.01,30,13,1,4,20,0.00313254245445,0.0030091077829,0.00313254245445,0.00851849179529,0.00937764344044,0.00632686823435,0.00313254245445,0.0030091077829,0.00313254245445,0.316939987386,0.32335367787,0.31693494589
779,0.00668160006493,0.000587854328643,0.0270479780116,0.0717805431994,0.0426491220624,0.126951343569,0.234475128646,0.331638262571,0.0283649778261,0.0233743822874,0.0446873004888,0.061761506944,1,0.01,30,13,1,4,20,0.000250610522051,0.000240735467546,0.000250610522051,0.0223396508531,0.000386291391627,0.0146735307522,0.000250610522051,0.000240735467546,0.000250610522051,0.3182273116,0.324667052754,0.318222249626
780,0.0378887469205,0.00414216081447,0.0246588009151,0.305385415475,0.0423189545766,0.0579103286623,0.0672682085296,0.237746140329,0.137485771726,0.0741825042195,0.00726215589855,0.00375081193297,1,0.01,30,13,1,4,20,0.000956693948757,0.000918996389967,0.000956693948757,0.0443696209676,0.0238931047015,0.00974376723494,0.000956693948757,0.000918996389967,0.000956693948757,0.303397971443,0.309537621722,0.303393145356
781,0.4719853375,0.054848420832,0.0251407381793,0.0486788845023,0.0744657369616,0.0431435666186,0.0431756692563,0.0137152865665,0.00230841705172,0.0377253782138,0.102023610708,0.0827889536095,1,0.01,30,13,1,4,20,0.000206611268442,0.000198469960087,0.000206611268442,0.0105535449675,0.00885408921051,0.000192749558155,0.000206611268442,0.000198469960087,0.000206611268442,0.324206880963,0.330767626435,0.324201723873
782,0.0369332136703,0.191702719176,0.0526746137898,0.013302005252,0.031976112986,0.130076684721,0.0675562894749,0.173106051837,0.120346357361,0.122731982033,0.0134916485542,0.0461023211454,1,0.01,30,13,1,4,20,5.437878384e-05,5.22360427854e-05,5.437878384e-05,2.48424594927e-05,5.78118002217e-05,0.000739903168156,5.437878384e-05,5.22360427854e-05,5.437878384e-05,0.330722704831,0.337415306425,0.330717444095
783,0.16023164639,0.0959417897232,0.0685773979511,0.0624895541545,0.0418607671341,0.118621266162,0.01025120812,0.230011532158,0.0587581702628,0.0251325334,0.00764977474844,0.120474359796,1,0.01,30,13,1,4,20,0.000116682139763,0.000112084397895,0.000116682139763,5.63987698251e-05,7.69626612945e-05,0.000229176802064,0.000116682139763,0.000112084397895,0.000116682139763,0.330752871193,0.337446083242,0.330747609977
784,0.11557162738,0.188614919707,0.00142863309042,0.00188420597956,0.155885275906,0.014486499417,0.044791166338,0.114326393997,0.0883900082266,0.150359453939,0.023119806848,0.101142009171,1,0.01,30,13,1,4,20,6.11549873073e-06,5.8745236799e-06,6.11549873073e-06,1.85811504137e-05,0.0024126833722,1.33273513417e-05,6.11549873073e-06,5.8745236799e-06,6.11549873073e-06,0.330280267493,0.336963915795,0.330275013795
785,0.00309666494476,0.0121767741865,0.318367900543,0.152648330875,0.0507267270804,0.00824307205656,0.108088197458,0.0549176688264,0.114465647279,0.0452893005903,0.0216246374192,0.110355078741,1,0.01,30,13,1,4,20,8.138716183e-08,7.81801829191e-08,8.138716183e-08,1.13135495823e-07,1.47776786478e-08,1.63245279943e-08,8.138716183e-08,7.81801829191e-08,8.138716183e-08,0.331101458152,0.337801724309,0.331096191392
786,0.12334123313,0.00565795255724,0.0912790934995,0.100004025326,0.00279717077191,0.16937732735,0.0357986021503,0.141265796421,0.0590367574841,0.135875735223,0.0205368498886,0.115029456197,1,0.01,30,13,1,4,20,5.28334481765e-05,5.07515995129e-05,5.28334481765e-05,0.000123510099153,0.000102694092003,1.96222949915e-05,5.28334481765e-05,5.07515995129e-05,5.28334481765e-05,0.330916691062,0.337613218218,0.330911427241
787,0.00311520013409,0.0232593987887,0.00389677415922,0.0496159599541,0.183656717588,0.0559407519702,0.276727162529,0.194486894782,0.0293562764216,0.125383993459,0.011341402942,0.0432194672719,1,0.01,30,13,1,4,20,3.23868855722e-05,3.11107130569e-05,3.23868855722e-05,0.109490940457,0.000188857962208,3.48620421113e-05,3.23868855722e-05,3.11107130569e-05,3.23868855722e-05,0.29471146364,0.300675331202,0.294706775728
788,0.0362644296854,0.101585520048,0.0497363340511,0.0843550909691,0.0296834232409,0.0844802134754,0.124995068904,0.0607421508162,0.0463689860169,0.0178250712929,0.126482373726,0.237481337774,1,0.01,30,13,1,4,20,7.71927990594e-05,7.41510947772e-05,7.71927990594e-05,0.0035844608037,0.000326427734458,0.00242230120698,7.71927990594e-05,7.41510947772e-05,7.71927990594e-05,0.328853398039,0.335508171792,0.328848167038
789,0.104243765364,0.0263067212159,0.0104956776364,0.00737832549288,0.0661262569353,0.00314933174297,0.250421234176,0.00817698900785,0.0239651919858,0.047595242369,0.345961610444,0.10617965363,1,0.01,30,13,1,4,20,1.37843029325e-05,1.32411463976e-05,1.37843029325e-05,7.17079776033e-05,0.000106660328181,0.000294098713565,1.37843029325e-05,1.32411463976e-05,1.37843029325e-05,0.3309182065,0.337614764322,0.330912942654
790,0.0798161021961,0.0152465315388,0.0429310604502,0.163160028789,0.0146220119816,0.0920314054172,0.0194393618044,0.0161525851524,0.0126920825059,0.0629200674994,0.401307441241,0.0796813214239,1,0.01,30,13,1,4,20,3.35852989637e-05,3.22619041792e-05,3.35852989637e-05,0.000306295017204,0.000157494499723,0.000245466304836,3.35852989637e-05,3.22619041792e-05,3.35852989637e-05,0.330800985153,0.33749517085,0.330795723172
791,0.0121277919954,0.0312909554133,0.238930162462,0.153143351592,0.178057697658,0.0902417432743,0.00789960216948,0.0725003357409,0.153409599615,0.0150647006313,0.03002115735,0.0173129020989,1,0.01,30,13,1,4,20,0.00228622582261,0.00219613940316,0.00228622582261,0.00307658855626,0.00409902460849,0.00240883459464,0.00228622582261,0.00219613940316,0.00228622582261,0.323446055317,0.329991404498,0.323440910329
792,0.0130585616448,0.0546116922967,0.178295560331,0.0355574146369,0.0373733955168,0.056056461044,0.00445441527616,0.00888140099797,0.00153574318298,0.208757596411,0.34513156446,0.0562861942007,1,0.01,30,13,1,4,20,3.03536525071e-07,2.91575974872e-07,3.03536525071e-07,4.88370521946e-08,1.76519590748e-06,0.000184620472341,3.03536525071e-07,2.91575974872e-07,3.03536525071e-07,0.331039341607,0.337738350755,0.331034075835
793,0.00272668564867,0.0479909439475,0.135352271373,0.0894539934361,0.022217536571,0.00964454388669,0.105228191541,0.186935738351,0.142151187293,0.0948125263201,0.133261906574,0.0302244750578,1,0.01,30,13,1,4,20,3.25631141809e-07,3.12799975553e-07,3.25631141809e-07,0.0778368311302,2.3486990889e-05,0.000113296181269,3.25631141809e-07,3.12799975553e-07,3.25631141809e-07,0.305283833507,0.311461646644,0.305278977422
794,0.223682869699,0.158835588563,0.110033114902,0.00445467742497,0.0187593143617,0.121167062395,0.0795552191219,0.0481680425144,0.163371736817,0.00421646607617,0.0381726401988,0.0295832679252,1,0.01,30,13,1,4,20,1.46155344797e-05,1.40396241052e-05,1.46155344797e-05,0.276623247477,3.31868521429e-05,0.00793452584682,1.46155344797e-05,1.40396241052e-05,1.46155344797e-05,0.236844470581,0.24163732471,0.236840703147
795,0.0546579143213,0.0792966176103,0.083754499985,0.00791989499312,0.132313660798,0.00618901327467,0.262313826275,0.00632150384707,0.16508766239,0.0224267878864,0.135482678147,0.0442359404727,1,0.01,30,13,1,4,20,2.06739125749e-05,1.98592779306e-05,2.06739125749e-05,0.000106458086026,0.000115412166751,0.00415473040805,2.06739125749e-05,1.98592779306e-05,2.06739125749e-05,0.329612034155,0.336282159891,0.329606791087
796,0.0283953331251,0.0793985912031,0.0689026980225,0.0691056326858,0.182780136242,0.122452436074,0.153644031888,0.0996701055666,0.0594990350223,0.040708934455,0.0627086750794,0.0327343906351,1,0.01,30,13,1,4,20,0.000394534849476,0.000378988602213,0.000394534849476,0.00126882083333,0.000707599197978,0.000892164041764,0.000394534849476,0.000378988602213,0.000394534849476,0.329378380409,0.336043777859,0.329373141057
797,0.0134892851054,0.123733696204,0.0657235902279,0.106628764176,0.004174727546,0.0569515443938,0.00192931968037,0.245382960808,0.0053895757372,0.0586313547147,0.241535676946,0.0764295044605,1,0.01,30,13,1,4,20,0.000231858137808,0.000222722002064,0.000231858137808,0.00713272080311,0.000888837609957,0.000673415393169,0.000231858137808,0.000222722002064,0.000231858137808,0.327768183448,0.334400996481,0.327762969709
798,0.0104926026283,0.20335399865,0.0822728752708,0.0274325938823,0.07446812655,0.0405012645126,0.0816212033931,0.00179921679059,0.0571599709384,0.175837617959,0.237827234226,0.00723329519887,1,0.01,30,13,1,4,20,1.35356144815e-06,1.30022572638e-06,1.35356144815e-06,1.34108011136e-06,1.04440756327e-06,0.00037119068776,1.35356144815e-06,1.30022572638e-06,1.35356144815e-06,0.330975320097,0.337673033687,0.330970055343
799,0.0131324752508,0.00129681627693,0.0189428655402,0.0686916849129,0.402705094115,0.0123633919767,0.135257893984,0.0493005280575,0.0025638471122,0.193577346724,0.0411229690784,0.0610450869716,1,0.01,30,13,1,4,20,8.75197582396e-06,8.40711305611e-06,8.75197582396e-06,2.94412134017e-08,0.00147818322579,6.07166665029e-06,8.75197582396e-06,8.40711305611e-06,8.75197582396e-06,0.330593058062,0.337283036086,0.330587799389
800,0.0533220937391,0.112710832238,0.135224804824,0.0640849248016,0.000688431467156,0.123924247428,0.300852345265,0.042497429852,0.0252605503386,0.0529940763013,0.0669360109934,0.0215042527512,1,0.01,30,13,1,4,20,0.000215374736874,0.000206888112896,0.000215374736874,0.0001882911073,0.0023529300375,0.000231656445533,0.000215374736874,0.000206888112896,0.000215374736874,0.329761315348,0.336434461983,0.329756069905
801,0.227776502776,0.070892941208,0.00483148861459,0.096456008504,0.0566897274455,0.124179292807,0.142951107879,0.0838335187275,0.036598754565,0.0346097212832,0.0585591412694,0.0626217949197,1,0.01,30,13,1,4,20,7.66975077827e-05,7.3675319953e-05,7.66975077827e-05,1.43982047967e-05,8.80941324795e-05,5.1381368708e-05,7.66975077827e-05,7.3675319953e-05,7.66975077827e-05,0.330900350898,0.337596547389,0.330895087336
802,0.281328668693,0.025052683155,0.00796613156135,0.018902636617,0.139292225286,0.0297367156474,0.17521987089,0.0721241170791,0.114357738247,0.0128705613099,0.00773285349359,0.11541579802,1,0.01,30,13,1,4,20,0.00107585256991,0.00103345968601,0.00107585256991,0.0172892285671,0.00591083612491,0.00256542127353,0.00107585256991,0.00103345968601,0.00107585256991,0.320461443398,0.326946395098,0.320456345886
803,0.0778569684503,0.069344226786,0.116088735081,0.00140729379559,0.10023424785,0.0496765457133,0.085611957921,0.156941512002,0.188880870603,0.085849253311,0.0229670814026,0.0451413070846,1,0.01,30,13,1,4,20,4.40442015404e-05,4.23086842633e-05,4.40442015404e-05,0.00949902182456,6.04856713457e-05,0.00620804756115,4.40442015404e-05,4.23086842633e-05,4.40442015404e-05,0.325794652345,0.332387528424,0.325789469999
804,0.0952859161923,0.0158923420192,0.0931275354852,0.00449446023566,0.0959050247398,0.101014465803,0.062547016362,0.0207868113399,0.00946440010036,0.0803825707702,0.153779445438,0.267320011514,1,0.01,30,13,1,4,20,7.50566440195e-06,7.20991127692e-06,7.50566440195e-06,0.0148368534832,9.31623086013e-06,0.00107711009924,7.50566440195e-06,7.20991127692e-06,7.50566440195e-06,0.325814726025,0.332408008321,0.32580954336
805,0.155645789862,0.105955958012,0.00851925217191,0.0559214332299,0.0956534133299,0.0655311534291,0.0748434975484,0.0912916869651,0.236283855748,0.0710091117682,0.00692643008478,0.0324184178506,1,0.01,30,13,1,4,20,0.000178989074555,0.000171936190851,0.000178989074555,0.028758044273,0.0284111529453,0.00086439834863,0.000178989074555,0.000171936190851,0.000178989074555,0.311535734284,0.317840062718,0.311530778751
806,0.0998910315035,0.13549970085,0.0256312629091,0.0535203257475,0.00376431286611,0.0871950739915,0.0745850826359,0.0634500576932,0.179885590129,0.129706459329,0.135295575599,0.0115755267471,1,0.01,30,13,1,4,20,9.3848907215e-05,9.01508858136e-05,9.3848907215e-05,0.00039642326284,0.000155970766907,0.00042768444317,9.3848907215e-05,9.01508858136e-05,9.3848907215e-05,0.330593167521,0.33728314776,0.330587908846
807,0.0447204641877,0.0861808621814,0.0464528750656,0.163294685223,0.0376798633195,0.0433932002344,0.0623890445121,0.000729280190753,0.0116038588432,0.0210001641846,0.358337068185,0.124218633873,1,0.01,30,13,1,4,20,2.18083143705e-05,2.09489797691e-05,2.18083143705e-05,0.000100051087819,0.000396670328215,3.18101521969e-05,2.18083143705e-05,2.09489797691e-05,2.18083143705e-05,0.330883912227,0.337579776061,0.330878648927
808,0.00126519019493,0.0627401415306,0.18866978338,0.030024478821,0.119013522435,0.084924375335,0.0847173187838,0.00291278845235,0.0430507499545,0.0119195530971,0.217628725089,0.153133372927,1,0.01,30,13,1,4,20,1.53959733246e-06,1.47893105457e-06,1.53959733246e-06,6.53516962436e-07,1.46192935757e-06,0.000709765045425,1.53959733246e-06,1.47893105457e-06,1.53959733246e-06,0.330862942248,0.337558381727,0.330857679282
809,0.0307580832587,0.0406210432845,0.198785014024,0.0709907215088,0.00451009191075,0.0363761287583,0.0628071714992,0.266144767471,0.0311422140622,0.163753917961,0.0577196114334,0.0363912348279,1,0.01,30,13,1,4,20,0.000136810596086,0.000131419712726,0.000136810596086,0.00427674717343,3.43074272805e-05,0.00204204954489,0.000136810596086,0.000131419712726,0.000136810596086,0.328729922671,0.33538219774,0.328724693634
810,0.00504314248717,0.0108327983096,0.132463198188,0.0261515105753,0.0800380413396,0.0698358050452,0.0817294433709,0.102055506028,0.248185532244,0.0935184071062,0.0759622432044,0.0741843721024,1,0.01,30,13,1,4,20,0.000109085687288,0.000104787275957,0.000109085687288,0.0388250114131,0.00378677742445,0.00210271906648,0.000109085687288,0.000104787275957,0.000109085687288,0.316082753139,0.322479096379,0.316077725278
811,0.156683222627,0.0184405674008,0.0101662952485,0.00212154386099,0.2237518872,0.10780662741,0.0358095945282,0.0142560012812,0.118971863683,0.0952084663742,0.0503254649457,0.166458465441,1,0.01,30,13,1,4,20,1.40108915806e-05,1.34588065489e-05,1.40108915806e-05,1.06347947105e-05,2.13861555015e-05,9.47325951885e-06,1.40108915806e-05,1.34588065489e-05,1.40108915806e-05,0.331060458084,0.337759894551,0.331055191976
812,0.0518721534395,0.107470771223,0.195605091424,0.0980573401405,0.05915002838,0.0356523259823,0.0847845955771,0.0323660218624,0.154275936525,0.100355808748,0.0757780656151,0.00463186108206,1,0.01,30,13,1,4,20,6.17005117716e-06,5.92692654227e-06,6.17005117716e-06,0.0580368490334,0.00305894047013,1.8322385492e-05,6.17005117716e-06,5.92692654227e-06,6.17005117716e-06,0.310854584753,0.317145129245,0.310849640055
813,0.090822827555,0.110955029278,0.0573226718783,0.0942208554706,0.0194203625271,0.105675000725,0.0376845719179,0.050078083835,0.0170031286281,0.283681546387,0.111471499952,0.0216644218455,1,0.01,30,13,1,4,20,7.53383605574e-08,7.23697285513e-08,7.53383605574e-08,6.96101555715e-06,0.000773395197746,4.13905155349e-05,7.53383605574e-08,7.23697285513e-08,7.53383605574e-08,0.330829436058,0.337524197496,0.330824173624
814,0.231712702525,0.10172216972,0.00732770165321,0.0460217458328,0.147532166951,0.139532872679,0.0280088964747,0.171949974418,0.0147620351953,0.0897490595719,0.0199836071947,0.00169706778395,1,0.01,30,13,1,4,20,0.000616852421044,0.000592545974413,0.000616852421044,0.032584401514,0.0235361018442,0.000867751877578,0.000616852421044,0.000592545974413,0.000616852421044,0.311023409876,0.317317370763,0.311018462493
815,0.136005440629,0.0710509731042,0.198785084026,0.0342238485937,0.115266450408,0.00606255529725,0.009368994063,0.0311348125783,0.0735350993337,0.100716292815,0.144172107293,0.0796783418585,1,0.01,30,13,1,4,20,8.84958515865e-07,8.50087619356e-07,8.84958515865e-07,0.0302982829185,1.87586702648e-05,0.00101095207086,8.84958515865e-07,8.50087619356e-07,8.84958515865e-07,0.320727179618,0.327217508834,0.320722077879
816,0.0987079260506,0.0203164542371,0.171627185605,0.194827679221,0.0295386906517,0.138736879804,0.12023343793,0.0476195269779,0.0209767426924,0.0367632122648,0.0853327678982,0.0353194966677,1,0.01,30,13,1,4,20,0.000277686462667,0.000266744508069,0.000277686462667,0.000878581840995,0.000253999473544,0.000595987780963,0.000277686462667,0.000266744508069,0.000277686462667,0.329984924461,0.336662596115,0.329979675461
817,0.0365136825598,0.193752674091,0.101073809135,0.0368423422783,0.118207689984,0.205077191701,0.0196237097995,0.0113699597258,0.0905990563409,0.0509658056994,0.108298731157,0.0276753475291,1,0.01,30,13,1,4,20,0.000196721078668,0.000188969483252,0.000196721078668,0.000685278641564,0.000727629722276,0.000204908904635,0.000196721078668,0.000188969483252,0.000196721078668,0.33018032855,0.336861954458,0.330175076442
818,0.108609838376,0.0579680603319,0.00880803492188,0.017782471346,0.206372076857,0.105549678054,0.277332809421,0.00564724438551,0.0172380970532,0.0409363428766,0.00761824546354,0.146137100913,1,0.01,30,13,1,4,20,7.630403678e-05,7.32973532777e-05,7.630403678e-05,9.99649574312e-05,0.000122261225245,2.53161680044e-05,7.630403678e-05,7.32973532777e-05,7.630403678e-05,0.33087010846,0.337565692956,0.330864845379
819,0.0656579892454,0.0857156987768,0.083401378946,0.0369474413073,0.0238459190307,0.256276788691,0.028277136131,0.191689562424,0.119548601395,0.0762284095783,0.0214604049888,0.010950669485,1,0.01,30,13,1,4,20,8.9121606244e-05,8.56098593627e-05,8.9121606244e-05,0.106895739325,0.000235423409506,0.000103489919397,8.9121606244e-05,8.56098593627e-05,8.9121606244e-05,0.295421368998,0.301399602412,0.295416669793
820,0.0172774682152,0.195567546808,0.0559730000486,0.0376578460969,0.0468217063745,0.206384535292,0.0669344943291,0.0281637815065,0.021364477295,0.0603481602193,0.189328438888,0.0741785449265,1,0.01,30,13,1,4,20,4.95699646602e-06,4.76167102684e-06,4.95699646602e-06,0.00492564709417,0.0056749724646,3.52344784054e-05,4.95699646602e-06,4.76167102684e-06,4.95699646602e-06,0.327570398211,0.334199208804,0.327565187619
821,0.0747238036976,0.00124341626966,0.106177514306,0.118664220858,0.155699529954,0.0934610103364,0.0509290333832,0.0992716777069,0.0314774089,0.0880764000436,0.160381963868,0.0198940206757,1,0.01,30,13,1,4,20,3.81013183342e-05,3.65999743676e-05,3.81013183342e-05,0.00151048315404,4.74686707785e-05,0.00404826366026,3.81013183342e-05,3.65999743676e-05,3.81013183342e-05,0.329170739922,0.335831935498,0.329165503873
822,0.0131506610896,0.096267126878,0.0923583910853,0.0737529132055,0.0341700001253,0.00343657481722,0.0233393644503,0.0816614958269,0.170889783698,0.305694780141,0.0278808788714,0.0773980298114,1,0.01,30,13,1,4,20,5.58227265448e-05,5.36230883863e-05,5.58227265448e-05,0.000671047019027,0.000516422622539,0.000231826898566,5.58227265448e-05,5.36230883863e-05,5.58227265448e-05,0.330522292644,0.337210838637,0.330517035096
823,0.21593137313,0.018324061434,0.00612403090031,0.00792811428111,0.075639389401,0.243649730294,0.101618335749,0.0306262441416,0.0749895396276,0.132872914221,0.0138542084846,0.0784420583365,1,0.01,30,13,1,4,20,8.30777600257e-05,7.98041648004e-05,8.30777600257e-05,0.000152143137088,8.51602901494e-05,0.000385098226385,8.30777600257e-05,7.98041648004e-05,8.30777600257e-05,0.330732711924,0.337425516024,0.330727451029
824,0.0318442802425,0.0167026936843,0.00153986414022,0.0136336984708,0.083720410443,0.1362519626,0.0847071425592,0.404836886863,0.0169888644794,0.094930966646,0.0447963351442,0.0700468947275,1,0.01,30,13,1,4,20,7.59277591838e-05,7.29359025202e-05,7.59277591838e-05,0.000130305166176,1.57276944386e-05,0.00251347269355,7.59277591838e-05,7.29359025202e-05,7.59277591838e-05,0.330072241124,0.336751679744,0.330066990736
825,0.0349668604674,0.120970565903,0.0165653766107,0.0547808326317,0.0152695024045,0.0409254163045,0.213480356657,0.238810951421,0.0338714305851,0.0985107247408,0.096023871634,0.0358241106403,1,0.01,30,13,1,4,20,0.000105588742529,0.000101428124775,0.000105588742529,0.0371057926182,0.000338242322417,0.00818877774816,0.000105588742529,0.000101428124775,0.000105588742529,0.315785556713,0.322175885799,0.315780533579
826,0.0529661656498,0.0234553207225,0.0157692850436,0.12418107576,0.405957298133,0.0333364325461,0.083590952838,0.0674814478397,0.0377779188714,0.0774312810644,0.00238873236946,0.0756640891621,1,0.01,30,13,1,4,20,5.8146515568e-05,5.58553108501e-05,5.8146515568e-05,0.148813069351,0.000573816782647,0.00071596858477,5.8146515568e-05,5.58553108501e-05,5.8146515568e-05,0.281288363076,0.28698059684,0.281283888682
827,0.038738731235,0.171074753269,0.0286708485599,0.110760066756,0.046491293528,0.204766165346,0.172031419356,0.0896458996187,0.0322726636408,0.0584110480187,0.00482544513672,0.0423116655346,1,0.01,30,13,1,4,20,0.000159699200065,0.000153406414383,0.000159699200065,0.105679127172,0.00183004574311,0.0182752266713,0.000159699200065,0.000153406414383,0.000159699200065,0.289141148354,0.294992293383,0.289136549047
828,0.115784262679,0.0148706927181,0.0167203567605,0.140327075114,0.0420637398231,0.164010891858,0.0278698152421,0.15873338637,0.0334161401178,0.167346653568,0.102896788379,0.0159601973705,1,0.01,30,13,1,4,20,3.64322716099e-05,3.49966947437e-05,3.64322716099e-05,4.99895798961e-05,0.00014064196477,6.68705556851e-05,3.64322716099e-05,3.49966947437e-05,3.64322716099e-05,0.330944980025,0.337642079645,0.330939715754
829,0.0113212656399,0.0134460202913,0.0236282031869,0.219073157498,0.223123065652,0.00839408953006,0.0306355175522,0.0591102288904,0.16517825028,0.10084922206,0.00515044467441,0.140090534745,1,0.01,30,13,1,4,20,0.000123411308808,0.00011854841083,0.000123411308808,0.000714065854702,0.000147706074657,0.000112914804527,0.000123411308808,0.00011854841083,0.000123411308808,0.330536995157,0.337225838676,0.330531737376
830,0.0220144742296,0.103131066409,0.241707178552,0.0561944502339,0.0932552112257,0.10987325749,0.111535523227,0.0668607015915,0.0296654285553,0.126862544548,0.0355305172234,0.00336964671564,1,0.01,30,13,1,4,20,0.000307004562521,0.000294907357809,0.000307004562521,0.0123522815264,0.00233092162255,2.06012568366e-06,0.000307004562521,0.000294907357809,0.000307004562521,0.32563746282,0.332227157966,0.325632282974
831,0.021028689841,0.0910288302125,0.111838323051,0.129696529399,0.0475514086613,0.176147931037,0.087730146718,0.0121284215998,0.0256775277106,0.0609710146499,0.0897824555834,0.146418721536,1,0.01,30,13,1,4,20,3.99878522885e-05,3.84121713568e-05,3.99878522885e-05,0.000730004822319,0.000950658805789,0.00137089430593,3.99878522885e-05,3.84121713568e-05,3.99878522885e-05,0.33001289271,0.336691130338,0.330007643266
832,0.0425403934897,0.0303668022665,0.149662759442,0.0449255671272,0.135468896517,0.152691921146,0.00995270607832,0.112360444214,0.120300167292,0.0338022392353,0.0796510456278,0.0882770575636,1,0.01,30,13,1,4,20,0.000236863454974,0.000227530089762,0.000236863454974,0.00115923043525,0.000941814574978,0.000466100420031,0.000236863454974,0.000227530089762,0.000236863454974,0.329787304622,0.336460977183,0.329782058766
833,0.035709345854,0.192579887786,0.0991121001043,0.0498404460543,0.104760588716,0.19699221969,0.068698321279,0.0252683944325,0.0206155667669,0.0182625002424,0.0921700692678,0.0959905598069,1,0.01,30,13,1,4,20,2.3538983555e-06,2.26114536824e-06,2.3538983555e-06,0.0783596448276,0.00233096010221,0.000587155698577,2.3538983555e-06,2.26114536824e-06,2.3538983555e-06,0.304185848704,0.310341442699,0.304181010085
834,0.0960052755126,0.00171866264934,0.151645502497,0.0737029369838,0.0219292385199,0.0641343781833,0.173012402871,0.152767054542,0.0316018850503,0.0265563638913,0.046176848618,0.160749450681,1,0.01,30,13,1,4,20,0.000250651352038,0.000240774688669,0.000250651352038,0.00191146811539,0.000877398397241,6.25571782639e-05,0.000250651352038,0.000240774688669,0.000250651352038,0.329666148216,0.336337369021,0.329660904287
835,0.120370136886,0.0519275477209,0.0442372877475,0.0845602469655,0.0712193631928,0.017606407292,0.0660970810781,0.0498065844136,0.0298774904499,0.166748161751,0.0829037170966,0.214645975406,1,0.01,30,13,1,4,20,4.89233206792e-06,4.69955466404e-06,4.89233206792e-06,0.00979258716543,0.000110463290466,0.000368816544831,4.89233206792e-06,4.69955466404e-06,4.89233206792e-06,0.327691041701,0.334322293671,0.32768582919
836,0.179771646783,0.0244000651833,0.0383917890866,0.00612790883589,0.142230102154,0.0228839727329,0.123295622386,0.0307492695436,0.242854116944,0.0757486868135,0.0712897923546,0.0422570271835,1,0.01,30,13,1,4,20,6.47996095757e-05,6.2246246408e-05,6.47996095757e-05,0.000604215289501,0.00027269453787,0.00433586527506,6.47996095757e-05,6.2246246408e-05,6.47996095757e-05,0.329248666246,0.335911438763,0.329243428958
837,0.00420657788002,0.054255804807,0.000184672388674,0.0579505439441,0.0435774497219,0.0402915567903,0.120904038611,0.262468814689,0.0119305828846,0.0565267390211,0.0183923996414,0.329310819621,1,0.01,30,13,1,4,20,4.44310628112e-05,4.26803016565e-05,4.44310628112e-05,0.018453267266,0.00345767081616,0.000121253794116,4.44310628112e-05,4.26803016565e-05,4.44310628112e-05,0.323719662213,0.330270548183,0.323714512873
838,0.0170896163681,0.150121360499,0.114748540962,0.059220426824,0.0285309277338,0.180920267118,0.0777094109106,0.0765270989141,0.107275205017,0.0253344086906,0.130547487399,0.0319752495643,1,0.01,30,13,1,4,20,3.10258168018e-05,2.98032758268e-05,3.10258168018e-05,0.115609164121,0.000237132852719,4.549422758e-05,3.10258168018e-05,2.98032758268e-05,3.10258168018e-05,0.292668873762,0.298591406877,0.292664218341
839,0.0473721713095,0.0163048104483,0.00752691919892,0.186363972688,0.159877923503,0.277490008606,0.0305132660125,0.0496240505239,0.0240243824689,0.00585582768333,0.157389745063,0.0376569224944,1,0.01,30,13,1,4,20,0.000280590536959,0.000269534150247,0.000280590536959,0.00230799538917,0.000513432462703,0.00190235770658,0.000280590536959,0.000269534150247,0.000280590536959,0.328987509816,0.335644997495,0.328982276682
840,0.115354208988,0.057542927477,0.0168513855854,0.341122955321,0.0224115667258,0.101317935548,0.079344357365,0.0474499085016,0.0254296432316,0.0293181082064,0.108521596069,0.0553354069809,1,0.01,30,13,1,4,20,0.000370104312519,0.00035552072589,0.000370104312519,0.00385835122553,0.00232074619339,0.000810801662603,0.000370104312519,0.00035552072589,0.000370104312519,0.328061702617,0.33470045539,0.32805648421
841,0.0701362069365,0.00913857787536,0.0905402132997,0.0281861597893,0.0142995504856,0.00646272086371,0.03832986095,0.0020246067265,0.0899737714941,0.0343110969669,0.205650121234,0.410947113378,1,0.01,30,13,1,4,20,6.49755404049e-06,6.24152448606e-06,6.49755404049e-06,0.00013329870642,1.03946977645e-05,8.38306006731e-05,6.49755404049e-06,6.24152448606e-06,6.49755404049e-06,0.331013593331,0.33771208143,0.331008327969
842,0.158169964382,0.440433146607,0.00598541408192,0.00962085748307,0.0769237184157,0.0498975402225,0.0127960643292,0.0962203866022,0.0287602051436,0.0280895243047,0.0834219520471,0.00968122638134,1,0.01,30,13,1,4,20,0.000168371702357,0.000161737185481,0.000168371702357,4.51812511681e-07,2.90696769366e-06,1.2621448537e-05,0.000168371702357,0.000161737185481,0.000168371702357,0.330766278883,0.337459762254,0.330761017454
843,0.0651051498974,0.0043514135114,0.0166628657768,0.054783037271,0.082876627181,0.0219419349709,0.246881419139,0.151360540393,0.175513792706,0.08088533104,0.0867561754866,0.0128817126262,1,0.01,30,13,1,4,20,0.000132951710429,0.000127712882561,0.000132951710429,0.0189606310206,0.00118537580748,3.41321560211e-05,0.000132951710429,0.000127712882561,0.000132951710429,0.324159333816,0.33071911711,0.324154177483
844,0.226331242726,0.0715166933554,0.0528388994459,0.0702239269555,0.102702889579,0.179880682834,0.0305900214864,0.0130646012409,0.00342379146798,0.0415566682744,0.183678383929,0.024192198705,1,0.01,30,13,1,4,20,5.42589320997e-06,5.21209136819e-06,5.42589320997e-06,1.19957165088e-05,0.00236931002391,1.84230461861e-05,5.42589320997e-06,5.21209136819e-06,5.42589320997e-06,0.330296473719,0.336980449975,0.330291219764
845,0.0238917851783,0.0498465548956,0.00185017508109,0.0748060161496,0.267297110085,0.0479213040986,0.072303475071,0.257874595191,0.0345070524992,0.0804822462253,0.0819702896023,0.00724939592314,1,0.01,30,13,1,4,20,0.000105060255059,0.000100920461819,0.000105060255059,0.000119542075538,0.000143494235057,8.44665956588e-05,0.000105060255059,0.000100920461819,0.000105060255059,0.330780634312,0.337474408183,0.330775372655
846,0.0335509309927,0.0131516258912,0.118134667578,0.121674418355,0.0939204553287,0.161931093068,0.0463238485506,0.00298939528871,0.0167094090591,0.0568830710231,0.0403308232585,0.294400261607,1,0.01,30,13,1,4,20,9.09053300772e-05,8.73232973599e-05,9.09053300772e-05,0.00632636457076,0.000487707527243,0.00121330727364,9.09053300772e-05,8.73232973599e-05,9.09053300772e-05,0.328265565388,0.334908443588,0.328260343738
847,0.0101843366998,0.108175435614,0.0967015361702,0.00873769256398,0.0523692853683,0.238038740936,0.137630315072,0.060818944742,0.191542111516,0.00350760064632,0.0024421476969,0.0898518529747,1,0.01,30,13,1,4,20,0.000679886233575,0.000653096003226,0.000679886233575,0.0656581236468,0.0291742588765,0.000971617696654,0.000679886233575,0.000653096003226,0.000679886233575,0.298047873233,0.304079257357,0.298043132249
848,0.0590975586268,0.0361648870791,0.0691999946842,0.0306060304198,0.0243845304527,0.00374585020111,0.0515188232856,0.0150276756274,0.0911041700188,0.0878382825321,0.111265300505,0.420046896567,1,0.01,30,13,1,4,20,3.23748731185e-06,3.10991739419e-06,3.23748731185e-06,0.00207638089061,0.000602649125596,7.21497085754e-06,3.23748731185e-06,3.10991739419e-06,3.23748731185e-06,0.330205898134,0.336888041476,0.330200645619
849,0.0408862066253,0.0154389470255,0.0337016092005,0.110513824132,0.255053537199,0.0698629446347,0.0694568946,0.0017167991682,0.0772861293286,0.208916296908,0.0856998401108,0.0314669710674,1,0.01,30,13,1,4,20,9.76162027819e-06,9.37697349036e-06,9.76162027819e-06,0.0116607201715,0.000773561011115,0.00480080054026,9.76162027819e-06,9.37697349036e-06,9.76162027819e-06,0.325375963389,0.331960366756,0.325370787703
850,0.0121069184012,0.132051805796,0.0170126001234,0.0857409748386,0.0192526990476,0.00557988902089,0.401089200949,0.123024110899,0.0222054385816,0.0575843199275,0.0905116816391,0.0338403607749,1,0.01,30,13,1,4,20,1.14333130141e-05,1.09827948624e-05,1.14333130141e-05,0.0889103041255,0.00267512514431,4.30794119954e-05,1.14333130141e-05,1.09827948624e-05,1.14333130141e-05,0.300740898442,0.306826779414,0.300736114621
851,0.180083518219,0.175200057645,0.0176571887272,0.130750692128,0.00750727747106,0.170736599503,0.0467904304307,0.0696138299947,0.0414089520858,0.0818794387819,0.0756501068392,0.00272190817413,1,0.01,30,13,1,4,20,8.02859945192e-05,7.7122405994e-05,8.02859945192e-05,2.7345562171e-05,4.02987090561e-06,0.00461498458739,8.02859945192e-05,7.7122405994e-05,8.02859945192e-05,0.329405845909,0.33607179916,0.329400606121
852,0.215840436113,0.0487929608019,0.0552507855671,0.00596615168572,0.0442822518611,0.132114814611,0.182126822621,0.0224251592321,0.0990503910163,0.0626146178232,0.0289140879589,0.102621520708,1,0.01,30,13,1,4,20,3.33870456363e-05,3.20714628239e-05,3.33870456363e-05,5.24160076206e-05,0.000103770186824,0.0027716899684,3.33870456363e-05,3.20714628239e-05,3.33870456363e-05,0.330066784941,0.336746113148,0.330061534639
853,0.0633597872176,0.0634469316871,0.0205897317987,0.108142117628,0.0461829411682,0.272615983174,0.111631718559,0.134240016268,0.00212899842085,0.141084236046,0.00148025316763,0.0350972848647,1,0.01,30,13,1,4,20,3.54081094277e-05,3.40128886379e-05,3.54081094277e-05,1.35040794088e-05,0.000761682621195,3.7648167487e-05,3.54081094277e-05,3.40128886379e-05,3.54081094277e-05,0.330763116308,0.33745653568,0.330757854929
854,0.125351574251,0.0106623362323,0.0323875349943,0.094054835045,0.174846505071,0.0598252718389,0.178298807629,0.00613204596432,0.118401038995,0.19334760709,0.000392234602607,0.00630020828667,1,0.01,30,13,1,4,20,0.000167782406571,0.0001611711103,0.000167782406571,0.00352411385785,0.00261117808831,0.00306525819657,0.000167782406571,0.0001611711103,0.000167782406571,0.327726407812,0.334358375461,0.327721194738
855,0.0673512013236,0.0372657625182,0.15120325729,0.0349810762075,0.0656673640515,0.0304974963906,0.197722954888,0.145694572192,0.0527099296721,0.11422522967,0.0362446982752,0.0664364575211,1,0.01,30,13,1,4,20,4.740565798e-05,4.55376859071e-05,4.740565798e-05,0.000139340505919,0.000107543896115,0.00212623143137,4.740565798e-05,4.55376859071e-05,4.740565798e-05,0.330222983289,0.336905472371,0.330217730503
856,0.0374052426916,0.0168875092207,0.196180081344,0.0578828886666,0.11427328877,0.0357749536017,0.0490912305003,0.00490365008848,0.0245015027818,0.0185754509753,0.350201610125,0.0943225912352,1,0.01,30,13,1,4,20,7.78368079198e-06,7.47697271189e-06,7.78368079198e-06,7.51137097107e-06,2.46101023183e-05,1.21716181143e-05,7.78368079198e-06,7.47697271189e-06,7.78368079198e-06,0.331071739919,0.337771404689,0.331066473632
857,0.165635034488,0.0379110306359,0.0709675346166,0.0598333633749,0.0591411253643,0.0729352947995,0.0516472263866,0.052204311359,0.0317530577354,0.151983031503,0.127938528607,0.11805046113,1,0.01,30,13,1,4,20,4.89396607676e-06,4.70112428641e-06,4.89396607676e-06,1.09864835873e-05,0.00056534946005,3.65089719667e-06,4.89396607676e-06,4.70112428641e-06,4.89396607676e-06,0.33090003616,0.337596226283,0.330894772604
858,0.0758678515229,0.079837380819,0.0319174507454,0.188493786332,0.0409634289716,0.00624804110175,0.171411696086,0.0533227636948,0.0807698756126,0.107467064355,0.114690376414,0.0490102843461,1,0.01,30,13,1,4,20,4.25450677412e-05,4.08686223174e-05,4.25450677412e-05,0.000107405294016,0.000214629866658,0.000733203803652,4.25450677412e-05,4.08686223174e-05,4.25450677412e-05,0.330668863783,0.337360375833,0.330663603904
859,0.0624485424531,0.0347718713311,0.117877560898,0.115405976742,0.0491290388342,0.0107281959322,0.102214210365,0.00836105858307,0.14993826808,0.139341769362,0.14197372105,0.0678097863698,1,0.01,30,13,1,4,20,7.77883123021e-06,7.47231424221e-06,7.77883123021e-06,3.02596622356e-05,0.000795544313289,2.30907187682e-05,7.77883123021e-06,7.47231424221e-06,7.77883123021e-06,0.330805344496,0.33749961841,0.330800082446
860,0.00884627607616,0.254531512188,0.173087868051,0.0141417615356,0.0532504065447,0.0050172161509,0.0522521902446,0.180107455513,0.0236300031574,0.116330861757,0.0374886940041,0.081315754778,1,0.01,30,13,1,4,20,2.81985541571e-05,2.7087418611e-05,2.81985541571e-05,0.0010708259217,0.00249468213269,3.50862828018e-05,2.81985541571e-05,2.7087418611e-05,2.81985541571e-05,0.329854218957,0.336529245616,0.329848972036
861,0.164671886931,0.0886723507004,0.0415679680534,0.133051848351,0.102981748131,0.0685065997071,0.0698803695471,0.0540630579208,0.193361353068,0.00184687749572,0.0503267335595,0.0310692065351,1,0.01,30,13,1,4,20,0.00017821875332,0.000171196223347,0.00017821875332,4.00934298797e-05,0.0227211383937,0.000281344804597,0.00017821875332,0.000171196223347,0.00017821875332,0.323122829159,0.329661637441,0.323117689313
862,0.0914347325955,0.0374329911671,0.131661100415,0.085647350316,0.049456210624,0.125679537722,0.208060814919,0.0528267205336,0.117025372496,0.0364514133717,0.0200260885825,0.0442976672574,1,0.01,30,13,1,4,20,0.00160104255699,0.00153795509208,0.00160104255699,0.0331130058351,0.00572601355179,0.000727123589667,0.00160104255699,0.00153795509208,0.00160104255699,0.314862379221,0.321234026617,0.314857370773
863,0.155922770707,0.100505875729,0.167945529344,0.0128468089599,0.165558232038,0.0242886310696,0.0507502067075,0.0141618657854,0.0153766876599,0.019713444472,0.266230018471,0.00669992905629,1,0.01,30,13,1,4,20,4.99333167465e-05,4.79657448328e-05,4.99333167465e-05,0.04045198128,0.000261639901956,0.000340978195366,4.99333167465e-05,4.79657448328e-05,4.99333167465e-05,0.317410524148,0.323833736552,0.317405475166
864,0.0526038892932,0.0588079032919,0.0406448617606,0.0866011776422,0.0760679810326,0.0263386042393,0.217210391089,0.0101444589916,0.0540892367037,0.327645081906,0.0157246762782,0.0341217377714,1,0.01,30,13,1,4,20,8.14142849459e-05,7.8206237276e-05,8.14142849459e-05,0.0289507470543,0.00267697567461,0.000183871821308,8.14142849459e-05,7.8206237276e-05,8.14142849459e-05,0.320409179481,0.326893073553,0.320404082801
865,0.0922228768423,0.00477376507642,0.174340660558,0.0592514420852,0.0244832346933,0.000952076289725,0.00726213699828,0.206240640235,0.139097661361,0.0808372640957,0.0342089227488,0.176329319016,1,0.01,30,13,1,4,20,3.4173198476e-05,3.2826638105e-05,3.4173198476e-05,0.00673094357284,0.000627494272444,0.00274684481641,3.4173198476e-05,3.2826638105e-05,3.4173198476e-05,0.32768879243,0.334319998883,0.327683579955
866,0.100387848716,0.0513933482168,0.102075198566,0.232976465073,0.23775649308,0.0268451365955,0.072718269156,0.0459180711006,0.0138557536261,0.05002933368,0.00664065254056,0.0594034296487,1,0.01,30,13,1,4,20,0.000521952805097,0.000501385781985,0.000521952805097,0.0025341082527,0.00458248090765,0.000824526017514,0.000521952805097,0.000501385781985,0.000521952805097,0.327449051902,0.334075406896,0.32744384324
867,0.00522053865965,0.141916746379,0.0846774960223,0.0662255694529,0.0263735533046,0.120349786402,0.199473940992,0.0249373063486,0.12597983196,0.00818736377061,0.122665582893,0.0739922838163,1,0.01,30,13,1,4,20,5.12019687005e-05,4.91844068378e-05,5.12019687005e-05,0.0180147277228,0.000134857338586,0.0121799821498,5.12019687005e-05,4.91844068378e-05,5.12019687005e-05,0.320959112947,0.327454135634,0.320954007519
868,0.256725464255,0.0209533457784,0.0172263045794,0.0127048281843,0.117644301932,0.106724326415,0.00178029479427,0.188479161932,0.0631710790185,0.0438197532349,0.106317965188,0.0644531746885,1,0.01,30,13,1,4,20,0.000455312972462,0.000437371824648,0.000455312972462,0.00927675585198,0.00260951447421,0.00144801079319,0.000455312972462,0.000437371824648,0.000455312972462,0.325794014171,0.332386877336,0.325788831835
869,0.131440931947,0.0741206550562,0.0563571407243,0.0213483365341,0.0391268719972,0.0490019673405,0.0442049451947,0.0935345007018,0.0966421366839,0.225759471463,0.0162457063093,0.152217336047,1,0.01,30,13,1,4,20,5.32601267618e-06,5.11614652595e-06,5.32601267618e-06,1.34875975822e-06,1.39943301536e-05,8.42069761966e-07,5.32601267618e-06,5.11614652595e-06,5.32601267618e-06,0.331085864801,0.337785815407,0.331080598289
870,0.0230518088869,0.0247197712994,0.0697369326819,0.0404633908748,0.34291909302,0.0547871459783,0.0192908279932,0.065004822848,0.0727635760435,0.107234656435,0.00311105298817,0.176916920951,1,0.01,30,13,1,4,20,0.000116244638421,0.000111664135851,0.000116244638421,0.0513382874402,0.00048768581566,0.00461260380006,0.000116244638421,0.000111664135851,0.000116244638421,0.312186859074,0.31850436386,0.312181893184
871,0.0226259095096,0.0189645020835,0.013776359389,0.151734322566,0.178424033069,0.0720617402874,0.0570136491011,0.0138819490581,0.108006294724,0.152708752948,0.166024235556,0.044778251708,1,0.01,30,13,1,4,20,1.25767476934e-05,1.2081173653e-05,1.25767476934e-05,7.25218414901e-06,4.27057527666e-05,6.46642862508e-05,1.25767476934e-05,1.2081173653e-05,1.25767476934e-05,0.33103905694,0.337738060327,0.331033791172
872,0.299655503568,0.0735583668771,0.024163987888,0.0380683430056,0.207657927912,0.154709614592,0.0161583658786,0.0142193248615,0.00993350473905,0.132538434098,0.00417040179607,0.0251662247833,1,0.01,30,13,1,4,20,8.39235832156e-05,8.06166591818e-05,8.39235832156e-05,0.00149895409953,0.000302024240507,0.00739148009926,8.39235832156e-05,8.06166591818e-05,8.39235832156e-05,0.327893493598,0.334528842444,0.327888277867
873,0.0488770495812,0.0271304722619,0.0481284911274,0.121276310983,0.0137591844976,0.0649904424161,0.0483825054877,0.159597056023,0.00163967754144,0.213830360959,0.104607003798,0.147781445324,1,0.01,30,13,1,4,20,6.49589690762e-07,6.23993265083e-07,6.49589690762e-07,3.52806574869e-07,0.000625793065798,3.38970828522e-07,6.49589690762e-07,6.23993265083e-07,6.49589690762e-07,0.330892961764,0.337589008727,0.33088769832
874,0.0940741077548,0.0419654455971,0.0152119585424,0.0704991672184,0.0433375283457,0.285435300736,0.0549511714326,0.0649055647493,0.12864552972,0.0516340562033,0.0178132551401,0.13152691456,1,0.01,30,13,1,4,20,3.92187996857e-05,3.76734224951e-05,3.92187996857e-05,3.08967512459e-07,1.35466655602e-05,0.000190241975856,3.92187996857e-05,3.76734224951e-05,3.92187996857e-05,0.330957199307,0.337654546199,0.330951934841
875,0.0214927820981,0.251678484193,0.0505559463434,0.0286975690127,0.313455829624,0.0370683895189,0.00696458418484,0.0250289022638,0.017414541276,0.125815457805,0.0965121460301,0.0253153676501,1,0.01,30,13,1,4,20,0.000388467738772,0.000373160559878,0.000388467738772,0.0184129018338,0.000204500426168,0.00134961551785,0.000388467738772,0.000373160559878,0.000388467738772,0.323728955203,0.330280029229,0.323723805715
876,0.314985650468,0.0585075084779,0.0436458733295,0.0776046323399,0.00853019663481,0.0300408286205,0.12220127887,0.00122007603842,0.184689860316,0.0277444513682,0.103569491779,0.0272601517578,1,0.01,30,13,1,4,20,0.000182183865599,0.00017500509438,0.000182183865599,0.00020909806619,1.51422417807e-05,0.00122248555535,0.000182183865599,0.00017500509438,0.000182183865599,0.330265477646,0.336948826656,0.330260224183
877,0.0257966364699,0.0525049662277,0.0443233805974,0.361688198319,0.0431305622629,0.0394538379926,0.0402367452621,0.282767361273,0.00536120129058,0.0173341681515,0.0827057006693,0.00469724148342,1,0.01,30,13,1,4,20,0.00050721859706,0.000487232160534,0.00050721859706,0.00762466369886,0.00778065448003,0.00778852978678,0.00050721859706,0.000487232160534,0.00050721859706,0.322427733332,0.328952475451,0.322422604542
878,0.128352092008,0.270940915808,0.00108378608257,0.0547897380617,0.178612693096,0.0360878175733,0.0342171437962,0.0201249222412,0.0863004161448,0.0490712713617,0.00818820322101,0.132231000605,1,0.01,30,13,1,4,20,1.93851900815e-05,1.86213362454e-05,1.93851900815e-05,7.11187602415e-06,2.23426193683e-05,0.00289323012014,1.93851900815e-05,1.86213362454e-05,1.93851900815e-05,0.330095954741,0.336775873236,0.330090703975
879,0.20392017136,0.0070534517473,0.20901685172,0.0584021384234,0.0274139762716,0.0989990714718,0.0487737277556,0.0206874302344,0.00642265139086,0.102292330075,0.183315073894,0.0337031256556,1,0.01,30,13,1,4,20,4.43930706934e-06,4.26438065797e-06,4.43930706934e-06,5.34111939913e-05,2.0357039665e-05,0.00109951003918,4.43930706934e-06,4.26438065797e-06,4.43930706934e-06,0.330704487745,0.337396720693,0.3306992273
880,0.0965546875923,0.118978792161,0.158051263523,0.104278182971,0.108400706375,0.0112458272568,0.0639884682919,0.0412656895612,0.0866293200451,0.00963918967665,0.00215689704732,0.198810975498,1,0.01,30,13,1,4,20,8.67082033816e-05,8.32915542027e-05,8.67082033816e-05,0.0131037062519,0.005557267577,0.0014886645558,8.67082033816e-05,8.32915542027e-05,8.67082033816e-05,0.324260093776,0.330821916078,0.32425493584
881,0.0298014484019,0.00775221446862,0.0561429702176,0.156428962305,0.033675240539,0.0701116369226,0.0814529243161,0.240173425015,0.133576990795,0.0910050538792,0.0813015588761,0.0185775742643,1,0.01,30,13,1,4,20,0.000139471150709,0.000133975430881,0.000139471150709,0.000343757138476,8.93515960911e-05,0.00119475494184,0.000139471150709,0.000133975430881,0.000139471150709,0.330289241598,0.336973071503,0.330283987758
882,0.0935260283572,0.0109086687556,0.0852277938127,0.115415484368,0.0100085605777,0.025713197891,0.0903391820334,0.285847562136,0.169176796772,0.0553224610229,0.0353327586425,0.0231815056304,1,0.01,30,13,1,4,20,6.58517470644e-05,6.32569254816e-05,6.58517470644e-05,0.00112963405493,5.5463252059e-05,0.0158312756552,6.58517470644e-05,6.32569254816e-05,6.58517470644e-05,0.325338412603,0.331922056081,0.325333237514
883,0.00669549057329,0.00593406769186,0.120230636002,0.043685856667,0.147208870085,0.149469479816,0.0820345711687,0.147832612633,0.0962593678285,0.136032217768,0.0596334998598,0.00498332990748,1,0.01,30,13,1,4,20,1.44346761304e-05,1.38658922965e-05,1.44346761304e-05,0.000460063937444,1.9317257803e-06,0.00448427202368,1.44346761304e-05,1.38658922965e-05,1.44346761304e-05,0.32943564858,0.336102204926,0.329430408318
884,0.175172435593,0.0431144180136,0.0703574431558,0.131835989538,0.0164312402155,0.0066486584946,0.251396717038,0.0411686104606,0.0561712988469,0.163582282471,0.0187734778236,0.0253474283508,1,0.01,30,13,1,4,20,8.32858083257e-05,8.00040151673e-05,8.32858083257e-05,9.66205250583e-05,0.000884466649739,0.000244615462856,8.32858083257e-05,8.00040151673e-05,8.32858083257e-05,0.330532550081,0.337221303647,0.33052729237
885,0.112126439351,0.140350522459,0.0596160616803,0.167082362744,0.0922011219164,0.0730235937671,0.0700099907246,0.0466866644679,0.0031207306432,0.0784672968861,0.113516775408,0.0437984399525,1,0.01,30,13,1,4,20,9.47731498989e-07,9.1038709648e-07,9.47731498989e-07,4.57368878735e-06,0.00308356742667,4.70603616811e-06,9.47731498989e-07,9.1038709648e-07,9.47731498989e-07,0.330075760584,0.336755270425,0.330070510139
886,0.0462888771611,0.00440732190034,0.0266728851342,0.0237094616628,0.284461238014,0.175856539749,0.199260098582,0.0701558643133,0.0255260401687,0.121797629843,0.0138987041613,0.00796533930943,1,0.01,30,13,1,4,20,2.61463184041e-05,2.51160491352e-05,2.61463184041e-05,0.000214123957505,3.08000916842e-06,0.00907635989235,2.61463184041e-05,2.51160491352e-05,2.61463184041e-05,0.327973290709,0.334610254353,0.327968073708
887,0.110738168048,0.122243751071,0.00357865481508,0.0175916464445,0.0360463328692,0.170625938585,0.113848126319,0.0062497809474,0.187890530632,0.117552807754,0.102967865763,0.0106663967528,1,0.01,30,13,1,4,20,5.67163283322e-06,5.44814786977e-06,5.67163283322e-06,8.46297365406e-05,0.0038013460102,7.51556445562e-06,5.67163283322e-06,5.44814786977e-06,5.67163283322e-06,0.329801404683,0.336475362577,0.329796158602
888,0.0565674837821,0.093701391378,0.0721851128915,0.113998236916,0.00581208136291,0.0117988561435,0.089029310676,0.155727495544,0.103699307294,0.223009240731,0.065937159064,0.00853432421757,1,0.01,30,13,1,4,20,0.000118874942858,0.000114190795799,0.000118874942858,0.0448462740973,7.46247130715e-05,0.000547077083553,0.000118874942858,0.000114190795799,0.000118874942858,0.315814086635,0.322204993061,0.315809063047
889,0.0175322591376,0.0663227207845,0.0618715769201,0.0259319641609,0.160540064776,0.0551404291217,0.198137335643,0.0472916322801,0.083894730321,0.0637374303628,0.0884211891705,0.131178667322,1,0.01,30,13,1,4,20,3.81370568663e-05,3.66343046589e-05,3.81370568663e-05,6.47208701938e-05,2.97239002234e-05,0.000165721710355,3.81370568663e-05,3.66343046589e-05,3.81370568663e-05,0.330940755585,0.337637769717,0.330935491381
890,0.0164451653989,0.00700159302418,0.180336464717,0.0215092415616,0.173911814005,0.0835532712909,0.127874889458,0.032232288514,0.163990838591,0.0600266325259,0.0355977379793,0.0975200629354,1,0.01,30,13,1,4,20,2.66741318269e-05,2.56230646031e-05,2.66741318269e-05,0.0126740280053,2.95442605954e-05,0.0130510764114,2.66741318269e-05,2.56230646031e-05,2.66741318269e-05,0.322521963323,0.329048612308,0.322516833035
891,0.0135374007137,0.0131096531058,0.0789041862715,0.00776458909695,0.0436184046846,0.188590099326,0.0099248709063,0.333457654807,0.0989120126998,0.0221865902827,0.183001460294,0.00699307781113,1,0.01,30,13,1,4,20,5.22233023325e-05,5.01654958497e-05,5.22233023325e-05,1.4301151736e-05,3.67549735851e-05,0.000266743060415,5.22233023325e-05,5.01654958497e-05,5.22233023325e-05,0.330894056983,0.337590126109,0.330888793522
892,0.11582979353,0.10717180928,0.065289496232,0.0200229336612,0.0392138511325,0.00587800445087,0.00432596323192,0.172023274166,0.0043751825575,0.331509065303,0.058377053099,0.075983573356,1,0.01,30,13,1,4,20,6.05450561504e-06,5.81593393633e-06,6.05450561504e-06,0.0149381557749,0.000204429915992,4.46685793989e-05,6.05450561504e-06,5.81593393633e-06,6.05450561504e-06,0.326061270329,0.332659541768,0.326056083742
893,0.0298979869922,0.00158873119704,0.0137087250416,0.0407402594577,0.0865019442602,0.15592673323,0.0437565070159,0.157757124503,0.035623115803,0.0563363314741,0.235840344196,0.14232219683,1,0.01,30,13,1,4,20,2.72936043617e-05,2.62181274484e-05,2.72936043617e-05,0.000190743812246,0.000331728736569,0.000360296960427,2.72936043617e-05,2.62181274484e-05,2.72936043617e-05,0.330755869453,0.337449142176,0.33075060819
894,0.0507814485139,0.161065549787,0.035400958797,0.038750553361,0.0337857436766,0.137070231906,0.0687157751612,0.151950852868,0.236484324361,0.0178709678573,0.0554115829564,0.012712010754,1,0.01,30,13,1,4,20,8.57376503337e-06,8.23592448173e-06,8.57376503337e-06,0.00186276344525,1.23643902768e-05,0.0333857097384,8.57376503337e-06,8.23592448173e-06,8.57376503337e-06,0.319409934416,0.325873607471,0.31940485363
895,0.0149732432593,0.0491187120299,0.0942274416045,0.00517246689085,0.122114853722,0.0753550181467,0.314280787891,0.0105864921338,0.227997111887,0.0425722788031,0.0223701884909,0.0212314051418,1,0.01,30,13,1,4,20,0.000333243499681,0.000320112376152,0.000333243499681,0.0499463648177,0.00085045699425,0.010187176893,0.000333243499681,0.000320112376152,0.000333243499681,0.310256432539,0.316534872648,0.310251497356
896,0.0112261833776,0.241017219227,0.0865153431118,0.198450242619,0.0758427643169,0.095753153907,0.0495183271135,0.0509440501313,0.019672930049,0.0343083968907,0.0648188670316,0.0719325222249,1,0.01,30,13,1,4,20,0.000668067012534,0.000641742506652,0.000668067012534,0.054973374636,0.00989529641947,0.000525557145761,0.000668067012534,0.000641742506652,0.000668067012534,0.308139771173,0.314375377902,0.30813486966
897,0.0897294006504,0.021986726103,0.0410475424987,0.00411135535953,0.0950419399789,0.171933968179,0.134309291565,0.0221838068202,0.00963018008744,0.0129372335925,0.122400849964,0.274687705201,1,0.01,30,13,1,4,20,3.21646823814e-06,3.08972655585e-06,3.21646823814e-06,2.5258445547e-07,1.71365579008e-06,5.22186433069e-06,3.21646823814e-06,3.08972655585e-06,3.21646823814e-06,0.331092979538,0.337793074119,0.331087712912
898,0.0108223878867,0.145355761359,0.109932491332,0.00850527227615,0.105661167468,0.0857634622798,0.0584991746483,0.0271425893313,0.0658717525541,0.121784436207,0.166260490086,0.0944010145723,1,0.01,30,13,1,4,20,4.09728172259e-06,3.93583247457e-06,4.09728172259e-06,9.01608644257e-06,0.000706116045881,6.69454665633e-06,4.09728172259e-06,3.93583247457e-06,4.09728172259e-06,0.330854634666,0.337549906031,0.330849371832
899,0.00247933149482,0.0125325656101,0.307017995351,0.130234182901,0.157796258659,0.00972071274284,0.0329575156924,0.0156278179213,0.0185779029817,0.185794126415,0.107430817009,0.0198307732218,1,0.01,30,13,1,4,20,4.43944916823e-05,4.2645171576e-05,4.43944916823e-05,0.00406595690011,4.30291828107e-05,0.00461636634147,4.43944916823e-05,4.2645171576e-05,4.43944916823e-05,0.328125650616,0.334765697459,0.328120431191
900,0.0149597704565,0.0751597875161,0.00245232479246,0.0585778734371,0.047888093003,0.247754939072,0.0165989795109,0.0168645644728,0.390321410243,0.0296895494846,0.0400489275145,0.0596837804967,1,0.01,30,13,1,4,20,4.46694542698e-06,4.29092995405e-06,4.46694542698e-06,0.167800706909,0.00461840479768,0.00318118835491,4.46694542698e-06,4.29092995405e-06,4.46694542698e-06,0.272951356143,0.278474879791,0.272947014364
901,0.0805321007692,0.0735657686328,0.0103826058209,0.146636281139,0.0514629842236,0.00836590612986,0.0734178064282,0.0719077812811,0.28990224357,0.0139680382516,0.0577014246103,0.122157059143,1,0.01,30,13,1,4,20,7.07913665676e-05,6.80019042673e-05,7.07913665676e-05,2.30206330033e-05,0.00038804347999,6.91058101466e-05,7.07913665676e-05,6.80019042673e-05,7.07913665676e-05,0.330803892764,0.337498137301,0.330798630737
902,0.0969961358359,0.00677646943883,0.159129426981,0.106370118658,0.0583386419373,0.000772666470965,0.170294519822,0.0323935034829,0.184755146019,0.0404477860054,0.0188241881034,0.124901397245,1,0.01,30,13,1,4,20,0.000142622506239,0.000137002610429,0.000142622506239,0.00036151834,0.000424652251505,0.0011359300887,0.000142622506239,0.000137002610429,0.000142622506239,0.330185640952,0.336867374363,0.330180388759
903,0.0301681628324,0.180924125125,0.00482541719746,0.0914735417239,0.0197981299629,0.176329800334,0.284317694163,0.0538907113271,0.0313383366501,0.107886519214,0.0127114331345,0.00633612833577,1,0.01,30,13,1,4,20,0.000406227338804,0.000390220360808,0.000406227338804,0.0011368029333,0.00160805004648,0.00117598764729,0.000406227338804,0.000390220360808,0.000406227338804,0.329007053192,0.335664936357,0.329001819747
904,0.0150226255734,0.248486693716,0.119199248414,0.0248879543342,0.0385929529127,0.0292288202032,0.00371797631248,0.0797781086354,0.026177357553,0.189547287116,0.134440445148,0.0909205300818,1,0.01,30,13,1,4,20,8.16541194615e-06,7.84366213547e-06,8.16541194615e-06,1.64441538621e-06,3.01171842962e-06,9.36341076842e-05,8.16541194615e-06,7.84366213547e-06,8.16541194615e-06,0.331053112983,0.337752400813,0.331047846991
905,0.15420686648,0.0194954467003,0.061653787308,0.17039327074,0.0606653873694,0.0918747851778,0.0834857222921,0.0197159140178,0.0943760930643,0.0521193991187,0.12165499967,0.0703583280615,1,0.01,30,13,1,4,20,3.50884502202e-05,3.37058252786e-05,3.50884502202e-05,1.53190210122e-05,7.11351974518e-05,0.000797217235405,3.50884502202e-05,3.37058252786e-05,3.50884502202e-05,0.330740288893,0.337433246323,0.330735027878
906,0.013602219242,0.0227120927934,0.0288059704105,0.0697960273082,0.0255823322923,0.0213632453811,0.180124721021,0.00811540200321,0.0929538471306,0.295157853187,0.171347670276,0.0704386189544,1,0.01,30,13,1,4,20,8.74477869599e-07,8.4001995237e-07,8.74477869599e-07,3.92821066591e-08,8.90019126774e-07,1.85089896357e-07,8.74477869599e-07,8.4001995237e-07,8.74477869599e-07,0.331099582065,0.337799810257,0.331094315335
907,0.0184891563364,0.234602995608,0.108843551395,0.0582710953294,0.0592075834889,0.0117776580529,0.126551235198,0.0087316980725,0.144831298313,0.0664922872459,0.00728968563681,0.154911755324,1,0.01,30,13,1,4,20,1.72212815251e-05,1.65426943201e-05,1.72212815251e-05,0.000200907160344,6.78337773463e-05,0.00323016722727,1.72212815251e-05,1.65426943201e-05,1.72212815251e-05,0.329909408542,0.336585552034,0.329904160744
908,0.050161886607,0.254386503479,0.0645453572341,0.144599566827,0.100693398829,0.000442461303556,0.146334435083,0.00116823059012,0.0418841226773,0.00232567897983,0.189838336169,0.0036200222214,1,0.01,30,13,1,4,20,1.01864921597e-05,9.78510372448e-06,1.01864921597e-05,0.0818703588472,3.3879980739e-05,0.000826137594008,1.01864921597e-05,9.78510372448e-06,1.01864921597e-05,0.303689529266,0.309835079595,0.303684698541
909,0.0292322412965,0.100560335012,0.218091697525,0.0449632702345,0.194366202837,0.00365421165122,0.0113940496349,0.031564851914,0.16488820919,0.0758609903658,0.0614505781332,0.063973362206,1,0.01,30,13,1,4,20,1.54574570484e-05,1.48483715654e-05,1.54574570484e-05,2.29955870108e-05,0.00410173667294,1.42705454636e-05,1.54574570484e-05,1.48483715654e-05,1.54574570484e-05,0.329700930148,0.33637285481,0.329695685666
910,0.199194038583,0.125222221464,0.171784650579,0.0503438256138,0.122152592631,0.00254973752493,0.00391894926269,0.148649325931,0.0365952613419,0.0320534589638,0.0940483274944,0.0134876106109,1,0.01,30,13,1,4,20,1.33792203262e-05,1.28520256623e-05,1.33792203262e-05,4.77668442393e-06,0.00738421358703,0.00283896934137,1.33792203262e-05,1.28520256623e-05,1.33792203262e-05,0.327688940826,0.334320150282,0.327683728347
911,0.00744266613303,0.0745446147951,0.124012500261,0.0606421362502,0.0262150395582,0.0117991991387,0.174568792806,0.00997514025076,0.0525504665849,0.0370367231339,0.259815159955,0.161397561134,1,0.01,30,13,1,4,20,3.69137795015e-05,3.54592293032e-05,3.69137795015e-05,0.00140137030614,2.55365170776e-05,0.000909297940483,3.69137795015e-05,3.54592293032e-05,3.69137795015e-05,0.330255774107,0.336938926754,0.330250520799
912,0.0868880339189,0.0955573327279,0.212895209825,0.126166681162,0.0528065242252,0.00457103450625,0.0591873382854,0.00734295857879,0.11652995101,0.174331618048,0.0535466728021,0.0101766449104,1,0.01,30,13,1,4,20,9.03361740962e-05,8.67765683955e-05,9.03361740962e-05,0.0458077483417,0.00338016019094,0.00087428592188,9.03361740962e-05,8.67765683955e-05,9.03361740962e-05,0.314348883946,0.320710140101,0.314343883665
913,0.0522766105247,0.108348363518,0.0265304260516,0.112860242078,0.00500994673722,0.119856737735,0.00416430691116,0.0797392227558,0.248335797486,0.0615349684347,0.132326015296,0.0490173624712,1,0.01,30,13,1,4,20,6.38160376621e-05,6.13014311522e-05,6.38160376621e-05,0.000109583137482,2.31125129255e-05,0.000722881644452,6.38160376621e-05,6.13014311522e-05,6.38160376621e-05,0.330693270006,0.337385275948,0.330688009738
914,0.256181985379,0.145133672999,0.126300682539,0.211388879848,0.0380484872544,0.00562069370331,0.000939338544296,0.0295056454197,0.0534622013155,0.026459693691,0.0938899458824,0.0130687734252,1,0.01,30,13,1,4,20,4.8958251517e-05,4.70291010638e-05,4.8958251517e-05,0.000162371259714,5.19520452585e-05,0.0102632360708,4.8958251517e-05,4.70291010638e-05,4.8958251517e-05,0.327536544649,0.334164670172,0.327531334595
915,0.0218038897535,0.0667309370992,0.179654857659,0.0696245095045,0.0501546245866,0.0363108164032,0.0871879167916,0.000887250300235,0.0903662190945,0.142203160399,0.0321191326343,0.222956685775,1,0.01,30,13,1,4,20,0.000113269940879,0.000108806653262,0.000113269940879,0.014215968708,0.000725802501116,0.00163158629252,0.000113269940879,0.000108806653262,0.000113269940879,0.325392131607,0.331976862158,0.325386955663
916,0.154635283799,0.0518307349642,0.0227594021197,0.167786584055,0.0515012133498,0.0307496441017,0.0573870657008,0.165202266311,0.00372531582017,0.0349138310841,0.0022854552428,0.257223203452,1,0.01,30,13,1,4,20,5.38541027801e-05,5.17320362527e-05,5.38541027801e-05,0.000179322992739,0.000674755529324,0.000106026694483,5.38541027801e-05,5.17320362527e-05,5.38541027801e-05,0.330678191175,0.337369891977,0.330672931147
917,0.0677618306631,0.00669302861148,0.205203027095,0.0571470198466,0.0922826393783,0.0391201462476,0.080229665186,0.0184591885849,0.173541684513,0.168493641166,0.0542500816915,0.0368180470168,1,0.01,30,13,1,4,20,4.03228347172e-05,3.87339541413e-05,4.03228347172e-05,3.29061612869e-05,1.82075361064e-06,0.00106838174976,4.03228347172e-05,3.87339541413e-05,4.03228347172e-05,0.33065737077,0.337348650245,0.330652111074
918,0.11821477574,0.0744764679625,0.198434238705,0.131896550285,0.00445684566757,0.0563191399922,0.0243536895028,0.00373590148013,0.0616201253818,0.062256457824,0.0195728091497,0.244662998309,1,0.01,30,13,1,4,20,3.06555662068e-05,2.94476145826e-05,3.06555662068e-05,4.1111669628e-05,0.000240160487442,4.11951449785e-05,3.06555662068e-05,2.94476145826e-05,3.06555662068e-05,0.330934795265,0.337631688783,0.330929531156
919,0.00080165266209,0.0629313442166,0.015107182314,0.0304734989961,0.0881272357348,0.0604547796106,0.0621936460509,0.00894196365481,0.0031304753149,0.532940176796,0.0120060158789,0.122892028771,1,0.01,30,13,1,4,20,1.43089481941e-06,1.37451185426e-06,1.43089481941e-06,0.000298594928549,3.29851449341e-06,0.000359445973273,1.43089481941e-06,1.37451185426e-06,1.43089481941e-06,0.330879889595,0.337575672026,0.330874626359
920,0.102096916225,0.142544922812,0.0292242088129,0.146319153784,0.0746345999058,0.0640573044374,0.152424817971,0.115773212918,0.0680269823127,0.044115753399,0.014915109022,0.0458670184006,1,0.01,30,13,1,4,20,0.000443851408765,0.000426361892293,0.000443851408765,0.000513280732595,0.000576002098997,0.000229137088738,0.000443851408765,0.000426361892293,0.000443851408765,0.329794956411,0.336468783816,0.329789710433
921,0.148772560312,0.00866048527783,0.0796138668831,0.0338203218018,0.0507696896845,0.0903827131813,0.146512881483,0.0162884555467,0.0268201065861,0.292796287343,0.0734639793919,0.0320986525091,1,0.01,30,13,1,4,20,7.76487271062e-06,7.45890574398e-06,7.76487271062e-06,3.08441332205e-06,1.69892449753e-06,0.000498008166043,7.76487271062e-06,7.45890574398e-06,7.76487271062e-06,0.330919967205,0.337616560658,0.330914703331
922,0.0694081245799,0.099387812773,0.153854543431,0.0227664219297,0.0944751998714,0.107164484499,0.124110101518,0.00641546265107,0.00259754334477,0.216206324984,0.042120536732,0.0614934436864,1,0.01,30,13,1,4,20,4.75956643847e-05,4.57202053012e-05,4.75956643847e-05,0.000145725168463,0.0001417979186,0.000387748742993,4.75956643847e-05,4.57202053012e-05,4.75956643847e-05,0.330784769756,0.337478627313,0.330779508033
923,0.0190454643124,0.0230894623728,0.197399251028,0.138831153554,0.342985699093,0.0916457290877,0.0203118500946,0.0549365432482,0.0168357600786,0.0248452917181,0.0179736994346,0.0521000959786,1,0.01,30,13,1,4,20,0.000104636974684,0.00010051386038,0.000104636974684,0.0220729640223,0.000592943325785,0.0269769597646,0.000104636974684,0.00010051386038,0.000104636974684,0.314459686971,0.320823185369,0.314454684928
924,0.0814875463071,0.0138471951467,0.113176624311,0.141166771697,0.0440329593354,0.0685003751913,0.101348434148,0.0063895170751,0.26975687043,0.0395693539419,0.112977237062,0.00774711535468,1,0.01,30,13,1,4,20,0.000206642495751,0.000198499956915,0.000206642495751,0.000443578053638,0.000314281613205,0.000470213091097,0.000206642495751,0.000198499956915,0.000206642495751,0.330289922504,0.336973766188,0.330284668653
925,0.055175932286,0.458858759427,0.0172120515842,0.0294499537597,0.0313980445483,0.0402801942379,0.0334447302418,0.0503133589551,0.0111069416615,0.0122601932754,0.0888034003816,0.171696439642,1,0.01,30,13,1,4,20,8.60169042282e-05,8.26274949942e-05,8.60169042282e-05,0.000441480268119,0.000224517629494,8.90466807861e-05,8.60169042282e-05,8.26274949942e-05,8.60169042282e-05,0.33068303139,0.33737483014,0.330677771285
926,0.16673782295,0.0609416768048,0.0685654704217,0.0262961024147,0.120124656173,0.0918157125707,0.243011931339,0.0643604473796,0.0308559903813,0.0399234023883,0.0295859800356,0.0577808071418,1,0.01,30,13,1,4,20,0.000449783134785,0.00043205988464,0.000449783134785,0.0158931877688,0.00793440291516,0.0108075208218,0.000449783134785,0.00043205988464,0.000449783134785,0.318752115092,0.325202476323,0.31874704477
927,0.103904604469,0.00996648016141,0.0146323250582,0.0964197760244,0.0909101027285,0.0575772864205,0.133682684236,0.076751352101,0.226357622,0.106965695395,0.0362419266527,0.0465901447529,1,0.01,30,13,1,4,20,0.000297184072715,0.000285473834486,0.000297184072715,0.0227563930379,0.000357132933542,0.00149974782066,0.000297184072715,0.000285473834486,0.000297184072715,0.322369535235,0.328893099641,0.322364407372
928,0.141750886957,0.0497192947686,0.0416388625596,0.0155674688535,0.246116091642,0.0943062346904,0.00567152220929,0.0173020778537,0.206690354949,0.0684320348852,0.0035326606236,0.109272510008,1,0.01,30,13,1,4,20,2.65500130804e-06,2.55038366305e-06,2.65500130804e-06,0.0691100820821,0.00232081000319,3.67234200318e-05,2.65500130804e-06,2.55038366305e-06,2.65500130804e-06,0.307433413775,0.313654726449,0.307428523498
929,0.13696530815,0.0310488678414,0.0641291689223,0.125477117498,0.285873393836,0.0345937818226,0.0803066928968,0.0272476523721,0.0853360939465,0.030703313452,0.0780717601545,0.0202468491073,1,0.01,30,13,1,4,20,0.000111617081796,0.000107218923421,0.000111617081796,0.0550965250787,0.000366627766015,0.0147096022743,0.000111617081796,0.000107218923421,0.000111617081796,0.307648522245,0.313874187917,0.307643628545
930,0.19643778368,0.191951167531,0.0152599853323,0.0880078763477,0.129218590872,0.0828721266423,0.0103606101857,0.0541994735652,0.0027808098255,0.0219584768942,0.0747513141291,0.132201784996,1,0.01,30,13,1,4,20,2.20743253547e-05,2.12045088591e-05,2.20743253547e-05,0.0469254158447,0.000983115886136,0.00196137095022,2.20743253547e-05,2.12045088591e-05,2.20743253547e-05,0.314546380556,0.32091163331,0.314541377134
931,0.157144688338,0.157699782638,0.0812595064642,0.0171002258076,0.0354513621224,0.0759264443309,0.0350757519911,0.15160968381,0.0174548100912,0.106833649446,0.0226466538202,0.14179744114,1,0.01,30,13,1,4,20,8.85683747815e-05,8.50784274273e-05,8.85683747815e-05,0.000476070024174,0.000146907980529,0.000569149165315,8.85683747815e-05,8.50784274273e-05,8.85683747815e-05,0.330533310415,0.337222079368,0.330528052692
932,0.0102518336654,0.352932645182,0.110762261175,0.123344839902,0.0104861723212,0.0464564532158,0.0512921306716,0.0284732727625,0.010478626751,0.16067387659,0.0239071354221,0.070940752341,1,0.01,30,13,1,4,20,5.2001960666e-05,4.99528759279e-05,5.2001960666e-05,9.73163618053e-05,0.000117080671438,3.85837636357e-05,5.2001960666e-05,4.99528759279e-05,5.2001960666e-05,0.330915952403,0.337612464612,0.330910688594
933,0.0871937131717,0.116466221499,0.0116189637028,0.00341023093216,0.0813896698422,0.00410109829304,0.098188163313,0.0744439836476,0.173228278282,0.230185241372,0.109701135762,0.0100733001822,1,0.01,30,13,1,4,20,1.1582355739e-05,1.11259647093e-05,1.1582355739e-05,1.75202189851e-05,7.43500484396e-06,0.00089373822672,1.1582355739e-05,1.11259647093e-05,1.1582355739e-05,0.330774777139,0.337468432483,0.330769515575
934,0.00575216658338,0.0540696047045,0.343675839451,0.018059607212,0.127893400611,0.0182762052876,0.131309019489,0.02340877623,0.192498180735,0.0221096393487,0.0594053421572,0.00354221819092,1,0.01,30,13,1,4,20,0.000926767551825,0.000890249212481,0.000926767551825,0.193145784599,0.00582537916576,0.00543631342728,0.000926767551825,0.000890249212481,0.000926767551825,0.261605066224,0.266898983024,0.261600904928
935,0.160101695958,0.0261784369015,0.00493305646608,0.0643298183207,0.0853823003079,0.099998151227,0.0312187017943,0.186213424544,0.0590962049872,0.147605411421,0.0695626224524,0.0653801756203,1,0.01,30,13,1,4,20,1.37721918099e-05,1.32295125015e-05,1.37721918099e-05,2.52227388762e-07,1.82734697332e-05,0.000361958068979,1.37721918099e-05,1.32295125015e-05,1.37721918099e-05,0.330948686052,0.337645860668,0.330943421722
936,0.113728621642,0.0295274984451,0.186468956684,0.0866947674049,0.0348499377997,0.22123192365,0.0602964972559,0.0279286512286,0.0131802555851,0.0339513172167,0.0209223709347,0.171219202153,1,0.01,30,13,1,4,20,3.64850357367e-05,3.50473797534e-05,3.64850357367e-05,0.0101937107958,0.00462089305493,9.76979601846e-05,3.64850357367e-05,3.50473797534e-05,3.64850357367e-05,0.326092647989,0.332691554395,0.326087460903
937,0.00959671793233,0.172218019074,0.0825193037355,0.0186490484238,0.0357178751057,0.053131617026,0.0931260905842,0.0692488658788,0.162734894384,0.112115086776,0.0952851855055,0.0956572955741,1,0.01,30,13,1,4,20,1.1616312867e-06,1.11585837909e-06,1.1616312867e-06,0.00609808729747,0.00605010133316,1.07203182854e-06,1.1616312867e-06,1.11585837909e-06,1.1616312867e-06,0.327076747634,0.333695568569,0.327071544893
938,0.0955785989033,0.222904382946,0.021956941072,0.115406812182,0.0250293195159,0.00997220535617,0.0109444713477,0.18174463051,0.0349672274281,0.180416037025,0.0278806491664,0.0731987245471,1,0.01,30,13,1,4,20,2.87692003269e-06,2.76355790449e-06,2.87692003269e-06,0.0478057173866,2.55003209042e-05,2.99839958251e-05,2.87692003269e-06,2.76355790449e-06,2.87692003269e-06,0.315249101626,0.32162857485,0.315244087025
939,0.0876196027157,0.00148615384532,0.116902702001,0.104212930698,0.0134187863973,0.159814538797,0.0345238011086,0.15646306615,0.0765902503859,0.0479303101212,0.0198074028408,0.181230454939,1,0.01,30,13,1,4,20,5.77782651495e-07,5.55015709673e-07,5.77782651495e-07,0.000236298233852,0.00378130568756,7.30943426202e-07,5.77782651495e-07,5.55015709673e-07,5.77782651495e-07,0.329770055352,0.336443378851,0.32976480977
940,0.0361625292103,0.0274679270574,0.213370565963,0.000739977227122,0.0620948773605,0.0152122143261,0.329055223245,0.0702053791116,0.101964627398,0.0556262920726,0.0371666125055,0.0509337745225,1,0.01,30,13,1,4,20,6.48611687216e-05,6.23053798779e-05,6.48611687216e-05,7.82653900005e-05,0.000188622067892,0.00583517676056,6.48611687216e-05,6.23053798779e-05,6.48611687216e-05,0.328954100451,0.335610912048,0.328948867848
941,0.135487391884,0.00190384427949,0.311380834123,0.0261875513294,0.00153275003616,0.107578477664,0.0120652576523,0.251835346399,0.0148695082097,0.000456669337007,0.0146317509111,0.122070618175,1,0.01,30,13,1,4,20,0.000196789747821,0.000189035446566,0.000196789747821,0.00184894550635,0.00883503176616,0.00116102851626,0.000196789747821,0.000189035446566,0.000196789747821,0.326793954771,0.333407053027,0.326788756529
942,0.226427813884,0.0688088004538,0.0905156733596,0.0245792157609,0.071523892488,0.152587424951,0.0296100888212,0.170396036195,0.0490400540417,0.0305238085845,0.0248044230889,0.0611827683718,1,0.01,30,13,1,4,20,0.000326207486226,0.000313353609701,0.000326207486226,0.000287720941544,0.000895474677482,7.53088477889e-05,0.000326207486226,0.000313353609701,0.000326207486226,0.330045437373,0.336724333584,0.330040187411
943,0.20546924178,0.158412476953,0.0624435883251,0.0564307583818,0.146854481928,0.0804553423092,0.00490645483333,0.0278754497812,0.0295326056554,0.104345671255,0.0847099953355,0.038563933462,1,0.01,30,13,1,4,20,0.000262375484677,0.000252036843702,0.000262375484677,0.0169002632657,0.00088416203075,0.000869477311298,0.000262375484677,0.000252036843702,0.000262375484677,0.324410935772,0.330975810557,0.324405775437
944,0.0583489665065,0.0030826464932,0.0924824652005,0.0288841553021,0.207238345137,0.0724965651232,0.0733755485424,0.0207812943659,0.0765186184519,0.0222082832807,0.125727104218,0.218856007378,1,0.01,30,13,1,4,20,4.29466059335e-05,4.12543383028e-05,4.29466059335e-05,0.000188869941102,9.12523806298e-05,2.90057316413e-05,4.29466059335e-05,4.12543383028e-05,4.29466059335e-05,0.330915115126,0.337611610391,0.33090985133
945,0.110168534699,0.00765505553343,0.175966799932,0.0916849520016,0.0773032662275,0.172609344248,0.14686083927,0.0837130864297,0.0166160821192,0.0592199844094,0.0033306636781,0.0548713914529,1,0.01,30,13,1,4,20,2.47973439487e-05,2.38202296557e-05,2.47973439487e-05,6.27966271189e-05,0.0134790642613,9.49727166649e-07,2.47973439487e-05,2.38202296557e-05,2.47973439487e-05,0.326569002718,0.333177548778,0.326563808054
946,0.456461033391,0.0120946330759,0.0248723309942,0.0564732508779,0.018831234928,0.10521824155,0.0183997524457,0.06885491494,0.118683251153,0.0726570951731,0.0405949577942,0.00685930367783,1,0.01,30,13,1,4,20,0.000221433409638,0.000212708049779,0.000221433409638,3.36476846367e-05,0.000475449503336,7.64174409089e-05,0.000221433409638,0.000212708049779,0.000221433409638,0.33047367674,0.337161238928,0.330468419965
947,0.00713533698035,0.277617454529,0.00465783125415,0.108923460481,0.0758840526197,0.0325623303692,0.0787333745982,0.0917225352076,0.125285338214,0.0856139206979,0.0556751904906,0.0561891745582,1,0.01,30,13,1,4,20,0.000107303598525,0.000103075408602,0.000107303598525,0.000161080718397,0.00015541431784,0.00107524732265,0.000107303598525,0.000103075408602,0.000107303598525,0.330430486778,0.337117174961,0.330425230691
948,0.193434122821,0.0157542698091,0.0333892829116,0.039089752247,0.253667139952,0.0500352162788,0.056626052378,0.0245552462693,0.220413106316,0.0355853169713,0.0551316261374,0.0223188679095,1,0.01,30,13,1,4,20,0.000923101766165,0.000886727873402,0.000923101766165,0.00926567726629,0.00603281133409,0.00186059125139,0.000923101766165,0.000886727873402,0.000923101766165,0.323610509273,0.330159186393,0.32360536167
949,0.314279129602,0.00781940842746,0.0120975845187,0.00331837117521,0.0753223875167,0.103420319922,0.0729236644334,0.132362217696,0.000534052976499,0.0494967057024,0.226630834255,0.00179532377409,1,0.01,30,13,1,4,20,1.50104274494e-06,1.44189567162e-06,1.50104274494e-06,0.0379748069105,0.00251020465565,0.000348524665328,1.50104274494e-06,1.44189567162e-06,1.50104274494e-06,0.317578670798,0.324005285866,0.317573619142
950,0.0778883663643,0.0645687309632,0.293027055623,0.0211987539478,0.193524922625,0.0503621215444,0.000726761996408,0.0317116580796,0.0273696366596,0.0533107028272,0.0660389678954,0.120272321473,1,0.01,30,13,1,4,20,4.10577082139e-06,3.94398706901e-06,4.10577082139e-06,5.25635597598e-06,1.27668177138e-06,8.13577066625e-05,4.10577082139e-06,3.94398706901e-06,4.10577082139e-06,0.331064515267,0.337764033837,0.331059249094
951,0.0203115363467,0.207077178706,0.00679915791804,0.10215642338,0.00656069472972,0.0883951819244,0.0458957976404,0.0301539504831,0.350950701546,0.0263617598462,0.0276196499898,0.0877179674895,1,0.01,30,13,1,4,20,0.000183573919374,0.000176340374491,0.000183573919374,0.000228039366306,0.00307842365152,0.000375747002871,0.000183573919374,0.000176340374491,0.000183573919374,0.329522579895,0.336190895409,0.329517338249
952,0.00500420694874,0.0809784842746,0.0794348458071,0.117001685044,0.00219630274955,0.15473889008,0.0481552612244,0.264390319298,0.000211542345167,0.0823562385131,0.137934231061,0.0275979926548,1,0.01,30,13,1,4,20,1.58311558781e-05,1.52073451702e-05,1.58311558781e-05,3.60697725792e-06,2.61986614528e-05,1.32655160603e-06,1.58311558781e-05,1.52073451702e-05,1.58311558781e-05,0.331060320307,0.337759753987,0.331055054201
953,0.0252920767084,0.138336608692,0.0292205540965,0.0211368138559,0.0211412464248,0.0535961186867,0.0502978073058,0.107747923139,0.057923709873,0.0981889964314,0.160904378984,0.236213765803,1,0.01,30,13,1,4,20,1.796449816e-06,1.72566252542e-06,1.796449816e-06,0.00369562539578,2.35610718974e-06,0.000290783983791,1.796449816e-06,1.72566252542e-06,1.796449816e-06,0.329777456605,0.336450929879,0.329772210905
954,0.00967573869526,0.105163822592,0.229825803297,0.109339464335,0.0289184743564,0.031101998829,0.041594841978,0.194311012198,0.0262222188756,0.136609104296,0.0135971173356,0.0736404032129,1,0.01,30,13,1,4,20,0.000162585740927,0.000156179214017,0.000162585740927,0.00326919660371,0.000278009690192,0.00287231884081,0.000162585740927,0.000156179214017,0.000162585740927,0.328657397973,0.335308205411,0.328652170089
955,0.168093228649,0.0540076893211,0.0604573296789,0.150864201392,0.14501676213,0.23719759548,0.0607058183079,0.0450372577285,0.0201255876516,0.0363383271309,0.013095777547,0.00906042498314,1,0.01,30,13,1,4,20,0.000352827305826,0.000338924502196,0.000352827305826,0.00463894524944,0.000184080548061,0.0452523361004,0.000352827305826,0.000338924502196,0.000352827305826,0.313829905978,0.320180659943,0.313824913953
956,0.0260264608968,0.076577500308,0.0126554013219,0.120863992491,0.151338468691,0.0154628941367,0.064318303922,0.000566828324506,0.419189023412,0.0593203543605,0.0264530533678,0.0272277187682,1,0.01,30,13,1,4,20,0.000319092216156,0.000306518709661,0.000319092216156,0.000184354314813,1.11300436598e-05,0.00555471207994,0.000319092216156,0.000306518709661,0.000319092216156,0.328572180286,0.335221263234,0.328566953758
957,0.0644337209814,0.0116565018231,0.0687117963497,0.052032023742,0.0191834195802,0.00581273696341,0.0789507629761,0.0134077070455,0.149006508663,0.108309585456,0.259263451614,0.169231784805,1,0.01,30,13,1,4,20,1.40398092742e-06,1.348658477e-06,1.40398092742e-06,2.44884516502e-06,4.83490444197e-06,0.000157420668089,1.40398092742e-06,1.348658477e-06,1.40398092742e-06,0.331044379036,0.337743490123,0.331039113183
958,0.181600120369,0.0694342288857,0.00225924699231,0.0210362634123,0.091391619627,0.0286439231963,0.0462073484589,0.0890030951014,0.0952550869955,0.0856063242426,0.282750730528,0.00681201219098,1,0.01,30,13,1,4,20,1.58489027807e-05,1.5224392774e-05,1.58489027807e-05,6.50865883396e-06,3.53552036973e-05,0.000206588916427,1.58489027807e-05,1.5224392774e-05,1.58489027807e-05,0.330988330306,0.337686307174,0.330983065345
959,0.270802446711,0.220550492178,0.0379405188571,0.0899950881554,0.0271396804772,0.114988832022,0.0891030032461,0.0659295330858,0.00343035821192,0.0129387230554,0.0149886374318,0.0521926865689,1,0.01,30,13,1,4,20,0.000126489688812,0.000121505490379,0.000126489688812,0.0149575104928,0.00493230674333,0.0349764881669,0.000126489688812,0.000121505490379,0.000126489688812,0.312687355246,0.319014988219,0.312682381395
960,0.151751156046,0.14542631129,0.0599841602323,0.10847128293,0.0210683729642,0.025729492594,0.107285917874,0.0399655971303,0.039667630835,0.073281705227,0.0832435555466,0.144124817331,1,0.01,30,13,1,4,20,4.4674806516e-06,4.29144408868e-06,4.4674806516e-06,6.2309736661e-05,0.00194225493414,3.32709949068e-07,4.4674806516e-06,4.29144408868e-06,4.4674806516e-06,0.330429082039,0.337115741796,0.330423825974
961,0.0940340433286,0.0287218332268,0.116049980018,0.240780385222,0.140429436399,0.0558932790624,0.0574264352831,0.0559383093232,0.0316749680018,0.0945864126129,0.0604275936545,0.0240373238685,1,0.01,30,13,1,4,20,0.00101998359048,0.000979792167284,0.00101998359048,0.0482051390025,0.000518395900814,0.00390208727406,0.00101998359048,0.000979792167284,0.00101998359048,0.311677539622,0.31798473767,0.311672581834
962,0.116445711659,0.203873688412,0.0267782039654,0.0890549218287,0.03066587365,0.0577566016989,0.018534519078,0.00408215886681,0.15458507616,0.0833733872704,0.0402710642076,0.174578793202,1,0.01,30,13,1,4,20,1.84013672583e-08,1.76762799669e-08,1.84013672583e-08,0.0633390272444,0.000387235402344,1.81430041929e-05,1.84013672583e-08,1.76762799669e-08,1.84013672583e-08,0.309995750519,0.31626891539,0.309990819482
963,0.324984519884,0.0409798661778,0.209736829159,0.017802431891,0.0754674183503,0.0333557273818,0.0418347658688,0.0650096468569,0.0497991029647,0.0567372930203,0.0441263459142,0.0401660525318,1,0.01,30,13,1,4,20,0.0001176091878,0.00011297491654,0.0001176091878,0.000569567866705,0.0082171113435,0.000680520153532,0.0001176091878,0.00011297491654,0.0001176091878,0.327736485236,0.334368656815,0.327731272001
964,0.048089941319,0.170519108705,0.00120959313856,0.0158474947635,0.0688101532204,0.0106976997142,0.0315397802677,0.015740384276,0.242957606338,0.0857093838637,0.151398553077,0.157480301317,1,0.01,30,13,1,4,20,1.99878389179e-07,1.92002383131e-07,1.99878389179e-07,0.0385493665527,5.2137990337e-05,8.50510325236e-06,1.99878389179e-07,1.92002383131e-07,1.99878389179e-07,0.318317435108,0.324759000027,0.3183123717
965,0.111428803269,0.00259716473236,0.01833752849,0.0353761253464,0.0114267104589,0.00861561435738,0.523079135939,0.0270950652299,0.0660253680949,0.0241934934711,0.0729482290701,0.0988767615406,1,0.01,30,13,1,4,20,6.29729393221e-05,6.04915542508e-05,6.29729393221e-05,6.42222412679e-05,7.06818724537e-05,1.88692222179e-05,6.29729393221e-05,6.04915542508e-05,6.29729393221e-05,0.330927291374,0.337624033041,0.330922027384
966,0.0114535796242,0.00182422751025,0.0952076303626,0.12171199943,0.0729055196041,0.0700667746295,0.0067395322631,0.0467431902893,0.317618841065,0.121852228331,0.0984545637057,0.0354219131854,1,0.01,30,13,1,4,20,3.44188450909e-05,3.30626052631e-05,3.44188450909e-05,4.84066247865e-05,1.41373208854e-05,3.31283113008e-05,3.44188450909e-05,3.30626052631e-05,3.44188450909e-05,0.331002509512,0.337700773315,0.330997244325
967,0.0519844366928,0.0480026277779,0.238522384492,0.108135236625,0.0337057328409,0.00103384831213,0.025878514097,0.387119731114,0.0124515957667,0.0602526206151,0.0202884995903,0.0126247720753,1,0.01,30,13,1,4,20,0.00062659822716,0.000601907756883,0.00062659822716,0.000120478264507,0.00251110069969,2.80530734071e-05,0.00062659822716,0.000601907756883,0.00062659822716,0.328992600685,0.335650191384,0.32898736747
968,0.0634921741644,0.0978228681863,0.0666881952077,0.0677875547209,0.00121026658455,0.0301146693556,0.141229373291,0.0350809447769,0.239301548428,0.100730386854,0.0526469566131,0.103895061818,1,0.01,30,13,1,4,20,3.13928706096e-05,3.015586625e-05,3.13928706096e-05,0.0357540457933,0.00111866006962,0.00601379441047,3.13928706096e-05,3.015586625e-05,3.13928706096e-05,0.316840327562,0.3232520013,0.31683528765
969,0.255203690522,0.12882652909,0.0229924242528,0.0147007714792,0.129808557556,0.103070564853,0.0634185437793,0.090523033188,0.0631056534666,0.0765168001127,0.0178835703018,0.0339498613992,1,0.01,30,13,1,4,20,0.000122198649636,0.000117383535268,0.000122198649636,0.147692982217,0.00581335451707,0.00280387490204,0.000122198649636,0.000117383535268,0.000122198649636,0.279107521594,0.284755623211,0.27910308189
970,0.0422773315443,0.0307314784827,0.0860196315247,0.119979402277,0.0324690567953,0.155676023085,0.12217591993,0.0583935499467,0.0321952240944,0.0823516017364,0.0319359206641,0.205794859919,1,0.01,30,13,1,4,20,4.43611077107e-05,4.26131030661e-05,4.43611077107e-05,0.000274219759837,0.00114961292921,1.03571980001e-05,4.43611077107e-05,4.26131030661e-05,4.43611077107e-05,0.330539832125,0.337228733053,0.330534574298
971,0.0754652605847,0.0461745647373,0.00700232844958,0.0787561924011,0.00430259223122,0.00121051868063,0.164347678141,0.0351030148394,0.010470789796,0.371717116345,0.0629399576072,0.142509986187,1,0.01,30,13,1,4,20,7.45213003887e-07,7.15848638134e-07,7.45213003887e-07,4.00105638234e-06,2.75253112218e-07,0.000258435411082,7.45213003887e-07,7.15848638134e-07,7.45213003887e-07,0.33101322018,0.337711700727,0.331007954823
972,0.176593895745,0.0364649238042,0.0973976329359,0.0469298700757,0.0305272453983,0.0493575916363,0.0734992336647,0.0386143999776,0.00987877028758,0.00480689389419,0.0554087107474,0.380520831834,1,0.01,30,13,1,4,20,3.13655219264e-05,3.0129595214e-05,3.13655219264e-05,0.000402128963171,0.000357603931253,0.00033117824682,3.13655219264e-05,3.0129595214e-05,3.13655219264e-05,0.33067897035,0.33737068692,0.33067371031
973,0.00671444490824,0.0314648220871,0.107650043828,0.0560587909775,0.0561282787697,0.00564825037032,0.201239085583,0.039879686017,0.166633838492,0.120173151603,0.00765074188745,0.200758865476,1,0.01,30,13,1,4,20,6.36223633727e-06,6.11153884026e-06,6.36223633727e-06,1.01705168026e-05,6.15343645587e-06,0.00103741083019,6.36223633727e-06,6.11153884026e-06,6.36223633727e-06,0.330740298859,0.337433256491,0.330735037844
974,0.0093990095424,0.0625030271848,0.0953527290856,0.0596305122715,0.159002024055,0.123546737356,0.210415215325,0.0852406889544,0.00484267801425,0.0839912728334,0.0418315601012,0.0642445452768,1,0.01,30,13,1,4,20,6.27600140117e-05,6.02870190472e-05,6.27600140117e-05,0.112012479254,0.00193637270998,0.00344301842741,6.27600140117e-05,6.02870190472e-05,6.27600140117e-05,0.292109979626,0.298021202794,0.292105333094
975,0.185686379824,0.0138675274657,0.0353767932359,0.00358256506195,0.322463650533,0.0196596720756,0.0643017634713,0.0257461694701,0.0817865209671,0.119874621535,0.0454211923704,0.08223314399,1,0.01,30,13,1,4,20,5.79682358596e-05,5.56840560734e-05,5.79682358596e-05,0.0439271737235,0.000292162389088,0.000107702550603,5.79682358596e-05,5.56840560734e-05,5.79682358596e-05,0.316311261459,0.32271222886,0.316306229963
976,0.0255924202768,0.0293543549907,0.039212708824,0.269157804591,0.131119188423,0.14676796131,0.00776567397824,0.0753636279241,0.0187541508502,0.135089415526,0.0757699820349,0.0460527112712,1,0.01,30,13,1,4,20,0.000235720972415,0.000226432625575,0.000235720972415,0.0261631447634,0.00117628819964,0.00292404213569,0.000235720972415,0.000226432625575,0.000235720972415,0.320619243597,0.327107388588,0.320614143575
977,0.0359175797994,0.00584644755419,0.00990638024543,0.10002375375,0.0967929740752,0.124051128979,0.0673682641569,0.0579210435967,0.202594104858,0.0597072982193,0.214983220667,0.0248878040994,1,0.01,30,13,1,4,20,1.83679109558e-05,1.76441419762e-05,1.83679109558e-05,3.3921886629e-06,0.00139083214687,2.87207735624e-06,1.83679109558e-05,1.76441419762e-05,1.83679109558e-05,0.330603073928,0.337293254636,0.330597815095
978,0.17944775218,0.250309605739,0.0113261635137,0.00494923613423,0.0826952963592,0.156080864882,0.0404017343495,0.0466086483443,0.121827243595,0.00186063950602,0.0940382470238,0.0104545683742,1,0.01,30,13,1,4,20,1.17493318709e-06,1.12863613154e-06,1.17493318709e-06,1.86607662864e-05,0.00032783342461,7.66297685628e-07,1.17493318709e-06,1.12863613154e-06,1.17493318709e-06,0.330984383468,0.337682280468,0.33097911857
979,0.133688333706,0.0788050900939,0.00424262493807,0.0255161703637,0.0701828203609,0.168745586525,0.0626789196214,0.22916887381,0.000286021963758,0.0948129673319,0.0209557167787,0.110916874507,1,0.01,30,13,1,4,20,1.87115603034e-05,1.79742501684e-05,1.87115603034e-05,2.03090229354e-06,7.81594815341e-07,2.89114780025e-05,1.87115603034e-05,1.79742501684e-05,1.87115603034e-05,0.331054477286,0.337753792724,0.331049211273
980,0.118711419976,0.0106913259868,0.057754822015,0.357757513733,0.0360613227566,0.0282685880786,0.0447688502039,0.0594174086432,0.0139905658194,0.0650113347555,0.198004634454,0.00956221357836,1,0.01,30,13,1,4,20,9.64407806223e-06,9.2640629067e-06,9.64407806223e-06,1.4330230768e-07,4.6074280561e-06,1.20819398791e-05,9.64407806223e-06,9.2640629067e-06,9.64407806223e-06,0.331077184771,0.337776959724,0.331071918397
981,0.0817707451915,0.130219991052,0.00647468023753,0.205639820621,0.00701513129783,0.0566843138195,0.0153476753453,0.116856982776,0.144544356126,0.107784108057,0.0585976237421,0.0690645717344,1,0.01,30,13,1,4,20,6.3277901213e-05,6.07844994264e-05,6.3277901213e-05,0.000264057744445,0.000111143099688,0.00166453186198,6.3277901213e-05,6.07844994264e-05,6.3277901213e-05,0.330302249202,0.336986342333,0.330296995155
982,0.221925782541,0.00479703986078,0.0809892241629,0.221212526369,0.0365106777436,0.0741525410084,0.0286556629519,0.0291408036128,0.033203803114,0.0142352221369,0.13025861892,0.124918097578,1,0.01,30,13,1,4,20,0.000328649550153,0.000315699446565,0.000328649550153,0.0424879350741,0.00130597886201,5.14230381745e-05,0.000328649550153,0.000315699446565,0.000328649550153,0.315940078496,0.322333534531,0.315935052905
983,0.283545776885,0.110929550485,0.0131587406341,0.110329675115,0.105603559701,0.124335603157,0.00905516504534,0.128065611189,0.00857372821804,0.0344434099647,0.0308322726761,0.04112690693,1,0.01,30,13,1,4,20,0.000400309313085,0.000384535528915,0.000400309313085,0.000165675471386,0.000135835475501,0.00177823447584,0.000400309313085,0.000384535528915,0.000400309313085,0.329628245268,0.336298699057,0.329623001942
984,0.0091733958951,0.25272906332,0.0478155497751,0.0458163311336,0.0575974716025,0.00476802732409,0.0125668241335,0.0119423005954,0.0847164392696,0.296149978593,0.158403248194,0.018321370164,1,0.01,30,13,1,4,20,4.7988541955e-07,4.60976019277e-07,4.7988541955e-07,3.36344111356e-08,0.000494935864456,7.01972103594e-08,4.7988541955e-07,4.60976019277e-07,4.7988541955e-07,0.330936816179,0.337633750593,0.330931552038
985,0.0206713864508,0.0914278246747,0.0292150944846,0.0947326402308,0.036390163388,0.258024024364,0.00704082662192,0.12337063517,0.078545851925,0.172744234286,0.0571437741225,0.0306935442821,1,0.01,30,13,1,4,20,3.20288545225e-05,3.07667898592e-05,3.20288545225e-05,0.000988392446995,0.00196996633142,0.00125219021915,3.20288545225e-05,3.07667898592e-05,3.20288545225e-05,0.329644752586,0.336315540422,0.329639508997
986,0.355461186602,0.0232968106151,0.0348950758452,0.0255839546245,0.0379098483859,0.0593795681599,0.146359660025,0.077639912691,0.00233376192916,0.05620450925,0.058908036068,0.122027675804,1,0.01,30,13,1,4,20,5.99348162392e-06,5.75731453395e-06,5.99348162392e-06,0.0637627082717,0.000836263466017,0.000219801067862,5.99348162392e-06,5.75731453395e-06,5.99348162392e-06,0.309628311521,0.315894040789,0.309623386329
987,0.220766929427,0.137884222846,0.083396497236,0.00742101259899,0.145210680723,0.0523183930343,0.0272869772218,0.0993049341174,0.0240286202117,0.044571087502,0.0965455234401,0.0612651216415,1,0.01,30,13,1,4,20,5.49765129877e-05,5.28102190197e-05,5.49765129877e-05,0.0850972154757,0.000497038563013,0.000322826185053,5.49765129877e-05,5.28102190197e-05,5.49765129877e-05,0.302546594753,0.308669016324,0.302541782209
988,0.0488074040721,0.110435731836,0.0197244941662,0.218873683416,0.234292420793,0.143562164851,0.00925936625584,0.0557617765016,0.090524807403,0.0179066576869,0.0409353344527,0.00991615856525,1,0.01,30,13,1,4,20,0.00152421265223,0.00146415259212,0.00152421265223,0.000173081239775,0.000211825800191,0.00378009609027,0.00152421265223,0.00146415259212,0.00152421265223,0.326734381883,0.333346274605,0.326729184589
989,0.0293375278674,0.0593749894841,0.020693701606,0.0687590703449,0.121758285709,0.136110209199,0.0471970980202,0.316900034549,0.0489227857149,0.103560699148,0.00240671501916,0.0449788833383,1,0.01,30,13,1,4,20,4.95590988516e-05,4.76062726161e-05,4.95590988516e-05,0.0276078416093,0.00383270346931,0.00381535654616,4.95590988516e-05,4.76062726161e-05,4.95590988516e-05,0.319331216292,0.325793296384,0.319326136758
990,0.403300256728,0.168682967981,0.0911520500984,0.0297774958471,0.0150472368017,0.014124797462,0.14221886282,0.00336119058785,0.0167830183352,0.0663974440134,0.00775258043793,0.0414020988876,1,0.01,30,13,1,4,20,0.000560866805337,0.000538766415348,0.000560866805337,0.0149519737532,0.00392563781906,0.0175354630037,0.000560866805337,0.000538766415348,0.000560866805337,0.317945647185,0.324379688495,0.317940589692
991,0.0262322909565,0.100931513545,0.0493335221452,0.228341577445,0.0170083253567,0.000192958826002,0.247047823309,0.0805387983479,0.0358672587055,0.168471512163,0.0296924413734,0.0163419778258,1,0.01,30,13,1,4,20,5.1691749401e-05,4.96548882245e-05,5.1691749401e-05,2.80745707971e-05,4.26246537395e-05,0.000397728434216,5.1691749401e-05,4.96548882245e-05,5.1691749401e-05,0.330845225763,0.337540306726,0.330839963078
992,0.00094817737524,0.228024086347,0.00651899651611,0.193262651201,0.0763661172496,0.0234605906174,0.0677025748942,0.0577834399521,0.28293342638,0.0445012682731,0.0117554693945,0.00674320179999,1,0.01,30,13,1,4,20,0.00215887432367,0.00207380606141,0.00215887432367,0.00382429080831,0.000662360807463,0.00556921193925,0.00215887432367,0.00207380606141,0.00215887432367,0.323539643482,0.33008688654,0.323534497005
993,0.0653827726712,0.0474444834199,0.0849480000993,0.0867465172488,0.250571587743,0.01290992654,0.0411383544518,0.0154091974664,0.124446994871,0.181175699348,0.0748841989698,0.0149422671703,1,0.01,30,13,1,4,20,1.75690886469e-06,1.68767964536e-06,1.75690886469e-06,8.03823562583e-07,1.49346923907e-06,0.00151180958392,1.75690886469e-06,1.68767964536e-06,1.75690886469e-06,0.330596897713,0.337286953437,0.330591638979
994,0.0634837004089,0.0123319821197,0.165611737196,0.0908579070187,0.0720185860049,0.0373870345306,0.0277856437114,0.00505732203453,0.0224186302762,0.113788619386,0.224277911034,0.16498092628,1,0.01,30,13,1,4,20,8.15510541911e-05,7.83376172673e-05,8.15510541911e-05,0.00266344399987,0.000167261578984,0.00107949976714,8.15510541911e-05,7.83376172673e-05,8.15510541911e-05,0.329647107778,0.336317943274,0.329641864151
995,0.00587395102016,0.460063776731,0.00675795510213,0.053676147796,0.011756758075,0.110936406052,0.186502265388,0.000851887116927,0.00378970137139,0.030368126165,0.0556344346159,0.0737885905669,1,0.01,30,13,1,4,20,0.000145634853798,0.000139896259475,0.000145634853798,0.000434076522035,0.00102560951537,0.00287407913356,0.000145634853798,0.000139896259475,0.000145634853798,0.329381229065,0.336046684162,0.329375989668
996,0.044873511033,0.0876299332133,0.23027949304,0.160873913519,0.0296732273282,0.0195882048573,0.0198461778522,0.043780733501,0.0804445411062,0.0188242721863,0.244921987518,0.0192640048459,1,0.01,30,13,1,4,20,9.44703349392e-06,9.0747826806e-06,9.44703349392e-06,0.00333659000186,0.00481037600788,2.95538820831e-05,9.44703349392e-06,9.0747826806e-06,9.44703349392e-06,0.328375885051,0.335020995712,0.328370661646
997,0.0423229188589,0.261506398908,0.017476252583,0.15441252519,0.165050612598,0.0096955203984,0.0281805138627,0.131537267103,0.0627494566153,0.0142746873039,0.109473577484,0.00332026909421,1,0.01,30,13,1,4,20,0.000372471764467,0.000357794890784,0.000372471764467,0.000841372988343,0.00170101689817,0.000731147095192,0.000372471764467,0.000357794890784,0.000372471764467,0.329287554869,0.335951114348,0.329282316962
998,0.244109040012,0.0211099283918,0.0968134943236,0.0904610320829,0.17263100179,0.0544836287687,0.0467098595964,0.0897360699385,0.0763134154974,0.0705420417228,0.00426114994536,0.0328293379309,1,0.01,30,13,1,4,20,0.000137722376367,0.000132295565226,0.000137722376367,0.00150593871151,0.00132334444272,0.00939875709743,0.000137722376367,0.000132295565226,0.000137722376367,0.326782933981,0.333395809217,0.326777735914
999,0.107975711575,0.00876633524084,0.16038268177,0.0361297578794,0.0358412256797,0.0905224826064,0.0355706781793,0.0164622410737,0.0405606132751,0.159147325109,0.295495593628,0.013145353983,1,0.01,30,13,1,4,20,5.22356550097e-07,5.01773617821e-07,5.22356550097e-07,0.0195054852932,7.46018447492e-05,4.55294175435e-05,5.22356550097e-07,5.01773617821e-07,5.22356550097e-07,0.324602567054,0.331171319746,0.324597403671
