run_ID,t1_initial,t2_initial,t3_initial,t4_initial,t5_initial,t6_initial,t7_initial,t8_initial,t9_initial,t10_initial,t11_initial,t12_initial,alpha,prior_cost_c,lambda,k,sample_amount,learning_parameter,generations,t1_final,t2_final,t3_final,t4_final,t5_final,t6_final,t7_final,t8_final,t9_final,t10_final,t11_final,t12_final
0,0.0700354612462,0.0431002570163,0.00282992354234,0.114510269713,0.351798937225,0.0466026570917,0.0118858294518,0.0120458922245,0.0248194513028,0.113002060308,0.13625558425,0.0731136766281,1,0.8,10,13,12,8,20,8.28820422721e-07,2.12178028217e-12,8.28820422721e-07,2.49555519672e-05,4.04434713555e-05,3.70039976943e-06,8.28820422721e-07,2.12178028217e-12,8.28820422721e-07,0.0319762303792,0.951962048039,0.0159893068728
1,0.106281426278,0.1434840338,0.013202674399,0.0124928667654,0.0960182858371,0.00925195159768,0.162361527587,0.154146493403,0.196168557365,0.0620106743279,0.00273880040847,0.0418427082311,1,0.8,10,13,12,8,20,3.48725790153e-06,8.92738022792e-12,3.48725790153e-06,2.28562460443e-05,4.10614308231e-05,1.9596165142e-05,3.48725790153e-06,8.92738022792e-12,3.48725790153e-06,0.0319929241912,0.951920995568,0.0159886173489
2,0.00500998967838,0.241068045774,0.161985627722,0.145390034121,0.0523287928628,0.0529235322285,0.0631684796157,0.0748468632808,0.0389601009101,0.113487630514,0.0507014413569,0.000129461935455,1,0.8,10,13,12,8,20,2.06988204817e-05,5.2988980433e-11,2.06988204817e-05,7.70116382861e-05,0.000360457725885,0.000730341721623,2.06988204817e-05,5.2988980433e-11,2.06988204817e-05,0.0319371599372,0.95084174353,0.015970490059
3,0.067651867,0.0641321909137,0.0455764918568,0.0125862106042,0.0101998584878,0.239611747796,0.0145490634149,0.0466872688748,0.149314737639,0.217600454853,0.0558918864352,0.0761982221245,1,0.8,10,13,12,8,20,1.22322509154e-06,3.13145623434e-12,1.22322509154e-06,9.6580468851e-06,7.4161613889e-05,7.38524901976e-06,1.22322509154e-06,3.13145623434e-12,1.22322509154e-06,0.0319936890919,0.951921585829,0.015988627263
4,0.240736885967,0.00343187732305,0.0111218103864,0.0080717051385,0.0545745290916,0.00772525147975,0.00408585224827,0.0392740207944,0.0884334279592,0.118556274855,0.0442180052922,0.379770359464,1,0.8,10,13,12,8,20,4.9471855545e-07,1.26647950195e-12,4.9471855545e-07,2.22184304826e-05,1.89595257157e-05,1.92003605802e-06,4.9471855545e-07,1.26647950195e-12,4.9471855545e-07,0.0319774453578,0.951987739384,0.0159897383887
5,0.075387683838,0.0008045937088,0.0758963095504,0.208178357726,0.110203453278,0.0337480601096,0.034244434653,0.173867693496,0.152298043676,0.0174723839514,0.0692055163008,0.0486934697116,1,0.8,10,13,12,8,20,1.4467414744e-06,3.70365817446e-12,1.4467414744e-06,2.22816789296e-05,4.42606858759e-05,4.57038654144e-06,1.4467414744e-06,3.70365817446e-12,1.4467414744e-06,0.0319938195901,0.95194033845,0.0159889422351
6,0.00102103644313,0.00556294840693,0.0465900229549,0.0715735362201,0.0202738916371,0.0702378069388,0.00871062744792,0.186100470397,0.165234275574,0.0949013063772,0.226313610633,0.10348046697,1,0.8,10,13,12,8,20,6.47184110043e-06,1.65679132171e-11,6.47184110043e-06,2.89715837351e-05,0.000240268550856,3.98360810051e-06,6.47184110043e-06,1.65679132171e-11,6.47184110043e-06,0.0319470851124,0.951767760165,0.0159860435826
7,0.172669957907,0.0499558604128,0.153949344647,0.000984743760513,0.00109047264022,0.03965574148,0.127299879852,0.031216941631,0.170723368717,0.0726475692275,0.0287558203722,0.151050299353,1,0.8,10,13,12,8,20,0.000375004599814,9.60011775525e-10,0.000375004599814,0.00630390800207,0.00327809456805,0.00170418443137,0.000375004599814,9.60011775525e-10,0.000375004599814,0.031587400584,0.939840677698,0.0157857143971
8,0.0410471679794,0.0154416163858,0.0479917278018,0.118226983919,0.142456162549,0.171408279031,0.0157396174161,0.133319292648,0.0606743000618,0.0745238342668,0.131277154324,0.0478938636171,1,0.8,10,13,12,8,20,1.42254718042e-07,3.64172078188e-13,1.42254718042e-07,5.30388594623e-06,2.77154475316e-06,3.62792663142e-07,1.42254718042e-07,3.64172078188e-13,1.42254718042e-07,0.0319964613319,0.952004511332,0.0159900200931
9,0.0240376060061,0.166284853151,0.151061864118,0.0440888800519,0.1124726261,0.0456929677786,0.0373709794162,0.0615911529659,0.169712547138,0.0683116819633,0.0743905711891,0.0449842701206,1,0.8,10,13,12,8,20,9.52696898512e-06,2.43890406019e-11,9.52696898512e-06,5.05067004712e-05,0.000218092697994,2.65193395544e-05,9.52696898512e-06,2.43890406019e-11,9.52696898512e-06,0.0319679239669,0.951713713563,0.0159851358072
10,0.00536939433537,0.0437050860721,0.101763116328,0.0958435552944,0.131973445661,0.0508883664184,0.000985976239496,0.301902198976,0.0330412679481,0.0958977361661,0.0744059069173,0.0642239496439,1,0.8,10,13,12,8,20,0.000150041992306,3.84107500303e-10,0.000150041992306,0.00375905779475,0.0036616202254,0.00252844847403,0.000150041992306,3.84107500303e-10,0.000150041992306,0.0315933644708,0.942034773516,0.0158225667815
11,0.111960747882,0.0196259941547,0.0275143850617,0.0674677420553,0.0100403407849,0.0811239024448,0.141560468024,0.0458107794848,0.00524717572674,0.151598292894,0.151205613002,0.186844558485,1,0.8,10,13,12,8,20,1.43361263169e-06,3.67004833713e-12,1.43361263169e-06,1.99344366964e-05,3.84011316258e-06,2.65816673368e-05,1.43361263169e-06,3.67004833713e-12,1.43361263169e-06,0.0319750974953,0.951979216591,0.0159895952385
12,0.181908075429,0.00774857131893,0.00331341628476,0.0519664758438,0.0413213537596,0.0873583280887,0.32517181011,0.0387859550984,0.0124929566796,0.051703987097,0.0171028404482,0.181126229842,1,0.8,10,13,12,8,20,1.19999457414e-06,3.07198610981e-12,1.19999457414e-06,4.87896750202e-06,1.57551632174e-05,2.64368980166e-06,1.19999457414e-06,3.07198610981e-12,1.19999457414e-06,0.0319958968999,0.951986310899,0.0159897143957
13,0.164171584193,0.0190457911102,0.00921339523695,0.00541167571617,0.0976043724721,0.236396626129,0.160461708536,0.006221545358,0.179874366987,0.107131382005,0.00885850680112,0.00560904545558,1,0.8,10,13,12,8,20,1.35352579586e-05,3.4650260374e-11,1.35352579586e-05,5.36908754431e-05,0.000175177747607,1.54015074508e-05,1.35352579586e-05,3.4650260374e-11,1.35352579586e-05,0.0319462633613,0.951769256689,0.0159860687184
14,0.267408826616,0.0315244235337,0.146534805506,0.101775161807,0.0172315516631,0.0901035428498,0.142196483189,0.0834199115871,0.0073313541481,0.00351226342977,0.00949475516293,0.0994669205069,1,0.8,10,13,12,8,20,2.22497274478e-06,5.69593022664e-12,2.22497274478e-06,1.88664369098e-05,3.39454355569e-05,1.01562052673e-05,2.22497274478e-06,5.69593022664e-12,2.22497274478e-06,0.0319942211991,0.951944892102,0.0159890187189
15,0.0740922638834,0.0647452353418,0.0270629667462,0.0468492981314,0.134675734663,0.0223764296777,0.0253973841897,0.281414895623,0.103501050894,0.0951092691513,0.0382829239992,0.0864925476992,1,0.8,10,13,12,8,20,2.45738360811e-07,6.29090203676e-13,2.45738360811e-07,2.77514948111e-05,4.89364637022e-06,5.7085782614e-06,2.45738360811e-07,6.29090203676e-13,2.45738360811e-07,0.0319553596107,0.952015105678,0.0159901980374
16,0.158696897016,0.108005936989,0.0345411263054,0.0624195538177,0.194181519571,0.00265622649472,0.0506100050929,0.0368582532658,0.0700197916013,0.0506353639223,0.041521286578,0.189854039346,1,0.8,10,13,12,8,20,1.46430879637e-06,3.7486305187e-12,1.46430879637e-06,2.54674602039e-05,2.54416123293e-05,1.34863352653e-05,1.46430879637e-06,3.7486305187e-12,1.46430879637e-06,0.0319756412178,0.951964753812,0.0159893523194
17,0.0892919754126,0.146046676447,0.0774845107791,0.0206858303864,0.197845742261,0.0717380898286,0.00397967157377,0.108319852329,0.0468758497763,0.037883355046,0.0194553014613,0.180393144699,1,0.8,10,13,12,8,20,6.78113690558e-05,1.73597104783e-10,6.78113690558e-05,0.00217860977467,0.000624945600697,0.000660679921823,6.78113690558e-05,1.73597104783e-10,6.78113690558e-05,0.0318594330997,0.948474358695,0.0159307270845
18,0.130080362577,0.0453670071176,0.0665610243043,0.139193899762,0.15051445634,0.0195997597149,0.0183383190153,0.116764144678,0.125043648813,0.041075557529,0.00925886029699,0.138202959853,1,0.8,10,13,12,8,20,0.000114544661273,2.93234332859e-10,0.000114544661273,0.00550417033662,0.0075537000376,0.000491479311793,0.000114544661273,2.93234332859e-10,0.000114544661273,0.0315455231095,0.93868071647,0.0157662315027
19,0.0185946357175,0.140075702423,0.297922981986,0.157187499814,0.0391418045781,0.0438042349667,0.0498721232283,0.0704055175995,0.00361104230009,0.0716207462471,0.103376354696,0.00438735644349,1,0.8,10,13,12,8,20,1.22479423531e-06,3.1354732424e-12,1.22479423531e-06,6.97371841654e-05,1.84972924159e-05,3.37884345204e-06,1.22479423531e-06,3.1354732424e-12,1.22479423531e-06,0.0319256016713,0.951988140696,0.0159897451292
20,0.0178132111359,0.378443104762,0.0579791099611,0.0872203105913,0.00751219417402,0.0457138844346,0.14150728919,0.0011753781154,0.14381450816,0.0433375086701,0.00738457071901,0.0680989300862,1,0.8,10,13,12,8,20,1.4395480417e-05,3.68524298675e-11,1.4395480417e-05,0.000144054719561,0.000172415037839,7.80028983755e-05,1.4395480417e-05,3.68524298675e-11,1.4395480417e-05,0.0319617606215,0.951602909995,0.0159832747327
21,0.0528707824844,0.00157411208824,0.0259944098407,0.141377536738,0.106086038112,0.128312219156,0.217694501061,0.0299640377565,0.220552975535,0.00585763836713,0.00650948245923,0.0632062664018,1,0.8,10,13,12,8,20,2.36630363098e-06,6.0577372953e-12,2.36630363098e-06,1.51143004792e-05,5.77335373887e-05,1.18985242783e-05,2.36630363098e-06,6.0577372953e-12,2.36630363098e-06,0.0319929292822,0.951924188157,0.0159886709722
22,0.0285557267761,0.135676829377,0.143313206439,0.0362729894697,0.120443755804,0.0313860179214,0.0747192798902,0.0482975486226,0.139858108384,0.134791609197,0.0390042288174,0.0676806993021,1,0.8,10,13,12,8,20,5.47663575437e-06,1.40201875312e-11,5.47663575437e-06,4.26232225032e-05,3.35590919587e-05,3.73984197842e-05,5.47663575437e-06,1.40201875312e-11,5.47663575437e-06,0.0319513766995,0.95192446045,0.0159886755456
23,0.0486702375995,0.0251161057349,0.0104871953857,0.0917187921379,0.111590909879,0.0177204854403,0.00827623247889,0.226835100141,0.0438979612588,0.277479584398,0.00146148006454,0.136745915482,1,0.8,10,13,12,8,20,9.21676306465e-07,2.35949134455e-12,9.21676306465e-07,1.76182208257e-05,3.06586366137e-05,4.95738195442e-05,9.21676306465e-07,2.35949134455e-12,9.21676306465e-07,0.0319928530155,0.951917058378,0.0159885512193
24,0.390027101373,0.121125669705,0.0543119172862,0.124376247288,0.000826969007453,0.0192215331324,0.0922604668412,0.0847180006422,0.0206256619174,0.0105581443701,0.025766594773,0.0561816936644,1,0.8,10,13,12,8,20,2.27614452458e-06,5.82692998291e-12,2.27614452458e-06,5.34757818426e-05,0.000149904378211,6.28559929702e-06,2.27614452458e-06,5.82692998291e-12,2.27614452458e-06,0.0319718913789,0.951822377331,0.0159869609412
25,0.0101337529453,0.0362454126958,0.0563155182115,0.0644238393022,0.0629867742738,0.0468786976186,0.117511284734,0.047118454962,0.192042244605,0.0188266105615,0.260303747384,0.0872136627055,1,0.8,10,13,12,8,20,4.42464558986e-07,1.132709271e-12,4.42464558986e-07,7.22548217287e-06,1.67587413949e-05,6.53372852752e-06,4.42464558986e-07,1.132709271e-12,4.42464558986e-07,0.0319960892923,0.951981981221,0.0159896416737
26,0.0503264074261,0.108314064156,0.0484215867626,0.0737131800825,0.0468822868378,0.0130555764292,0.0578813697431,0.172030792933,0.059005470087,0.0667985288365,0.0253112501461,0.278259486561,1,0.8,10,13,12,8,20,0.000129688040792,3.32001384428e-10,0.000129688040792,0.00686505414115,0.00191437586964,0.000893926873112,0.000129688040792,3.32001384428e-10,0.000129688040792,0.0316522861682,0.942328110406,0.0158274937149
27,0.0443275545015,0.12262014233,0.0743847431102,0.122830330173,0.211365926846,0.0450630730396,0.0598639722179,0.0389941536015,0.0718448360004,0.027682432694,0.0321653943945,0.148857441091,1,0.8,10,13,12,8,20,2.53268358547e-05,6.4836699788e-11,2.53268358547e-05,0.000119059546674,0.000423753045501,0.000471795178163,2.53268358547e-05,6.4836699788e-11,2.53268358547e-05,0.0319596980136,0.950952044059,0.0159723426843
28,0.0756452283122,0.0267576773244,0.00320624201544,0.131140176349,0.0580655287612,0.0299611537157,0.167339064186,0.00625680444938,0.0224048277871,0.135491946255,0.260408716718,0.0833226341266,1,0.8,10,13,12,8,20,6.45710553999e-07,1.65301901824e-12,6.45710553999e-07,4.67351156906e-05,6.64256672385e-06,8.52679278534e-06,6.45710553999e-07,1.65301901824e-12,6.45710553999e-07,0.0319273828373,0.952017885121,0.0159902447213
29,0.132530452619,0.0530440084308,0.163511314159,0.0249709769525,0.0526865525116,0.324361542672,0.070678199232,0.048737037786,0.0566471512632,0.00268388060527,0.0591584940586,0.0109903897104,1,0.8,10,13,12,8,20,1.33865218149e-05,3.42694958461e-11,1.33865218149e-05,4.8176149792e-05,0.00112008083792,1.02450040699e-05,1.33865218149e-05,3.42694958461e-11,1.33865218149e-05,0.0319557597112,0.950841702767,0.0159704893743
30,0.0455222099505,0.0362320812919,0.0866119915338,0.0282681544654,0.0199439165737,0.146583589838,0.0540528262239,0.0147525057297,0.0201087833628,0.133414300925,0.0674364892458,0.34707315086,1,0.8,10,13,12,8,20,5.10431206035e-05,1.30670388745e-10,5.10431206035e-05,0.00074009147101,0.000733731928555,0.000120134778576,5.10431206035e-05,1.30670388745e-10,5.10431206035e-05,0.0319389804527,0.950301473036,0.0159614155893
31,0.0735918895203,0.0498243845189,0.0850772235175,0.0290470956788,0.0379036297441,0.0801417943226,0.0343172625176,0.237975133528,0.0390839006877,0.0213081827146,0.154149343598,0.157580159651,1,0.8,10,13,12,8,20,5.69169486117e-05,1.45707388446e-10,5.69169486117e-05,0.000721951681486,0.00120974947808,0.00112915038341,5.69169486117e-05,1.45707388446e-10,5.69169486117e-05,0.0318916604185,0.948882241995,0.0159375779577
32,0.167305946962,0.0187625404147,0.0391210908463,0.0114536212767,0.259104068034,0.0494077927125,0.0901529728278,0.0369671008379,0.0802180829294,0.0134019435419,0.0860269136147,0.148077926002,1,0.8,10,13,12,8,20,1.67595203929e-07,4.29043722059e-13,1.67595203929e-07,1.98229129109e-06,2.10326926524e-06,3.8081404242e-07,1.67595203929e-07,4.29043722059e-13,1.67595203929e-07,0.0319966986682,0.952008084468,0.015990080108
33,0.0895777020252,0.132255296225,0.0346043962115,0.0397895269564,0.0241905445334,0.0243391694119,0.09200570582,0.00873724955456,0.318645788894,0.0630311504815,0.120872071133,0.0519513987539,1,0.8,10,13,12,8,20,1.43045500274e-07,3.66196480701e-13,1.43045500274e-07,4.31949926794e-06,2.24101180835e-06,6.91277935668e-07,1.43045500274e-07,3.66196480701e-13,1.43045500274e-07,0.0319951293454,0.952006985041,0.0159900616419
34,0.206064881734,0.103783150275,0.0668997344476,0.108274275381,0.0422791722766,0.0736547974303,0.044649884643,0.150757633228,0.0378726137017,0.0356721948159,0.11422549753,0.0158661645365,1,0.8,10,13,12,8,20,4.33624183394e-07,1.11007790949e-12,4.33624183394e-07,1.71931858738e-05,1.54329782749e-05,3.85870292816e-06,4.33624183394e-07,1.11007790949e-12,4.33624183394e-07,0.0319951727711,0.951977049031,0.0159895588319
35,0.0483640060638,0.0187737936299,0.184615059421,0.118393988425,0.0842616045292,0.121139769769,0.00507764608289,0.0371007043071,0.146875540853,0.0596594863289,0.00760014789259,0.168138252697,1,0.8,10,13,12,8,20,4.33250802288e-07,1.10912205386e-12,4.33250802288e-07,2.08556564226e-05,5.00444653231e-06,2.55535925077e-07,4.33250802288e-07,1.10912205386e-12,4.33250802288e-07,0.0319769500889,0.952005170109,0.015990031158
36,0.00667903720091,0.0694194911359,0.0836221190004,0.0304836924431,0.156776963051,0.22646330776,0.0657757991413,0.00663365325418,0.153546093838,0.0549180785928,0.114058743886,0.0316230206971,1,0.8,10,13,12,8,20,3.68078525937e-06,9.42281026398e-12,3.68078525937e-06,0.000148048191696,0.000496039989012,1.38024521766e-05,3.68078525937e-06,9.42281026398e-12,3.68078525937e-06,0.0319550936437,0.951392551053,0.0159797415103
37,0.26436683127,0.00395309435941,0.0192914327875,0.172048466949,0.209839934121,0.0639468165431,0.016205856809,0.0665466867694,0.0494479722005,0.0392697032329,0.049932178514,0.045151026444,1,0.8,10,13,12,8,20,1.20435494084e-05,3.08314864856e-11,1.20435494084e-05,8.08999137845e-06,0.000708637556586,3.3215307125e-05,1.20435494084e-05,3.08314864856e-11,1.20435494084e-05,0.031971207008,0.951253273692,0.0159774021855
38,0.104326873551,0.275032021232,0.0495669768136,0.0335189771118,0.0880216229546,0.00859164171052,0.00239689076991,0.0353832636695,0.0119780780766,0.0272995068464,0.0680510168465,0.295833130418,1,0.8,10,13,12,8,20,5.97405587342e-05,1.5293583036e-10,5.97405587342e-05,0.0013755972758,0.00168757449709,0.000285946636011,5.97405587342e-05,1.5293583036e-10,5.97405587342e-05,0.0318634703312,0.948615353464,0.0159330952552
39,0.17986986031,0.0868806470686,0.00255571319258,0.140082125835,0.0323889647498,0.228580083351,0.0525914743679,0.0576901402908,0.0575615939191,0.0654642892659,0.0217007661411,0.0746343415082,1,0.8,10,13,12,8,20,1.07841617818e-06,2.76074541615e-12,1.07841617818e-06,7.7151410578e-05,1.0745015832e-05,8.10251287816e-06,1.07841617818e-06,2.76074541615e-12,1.07841617818e-06,0.0319234717939,0.951986498057,0.0159897175392
40,0.0215263094793,0.0498100810819,0.0115067368539,0.122119990546,0.078665657115,0.0341379502893,0.101732163291,0.0950948428377,0.0887786889989,0.102825252504,0.0630395495321,0.23076277747,1,0.8,10,13,12,8,20,6.22066345486e-06,1.59248984444e-11,6.22066345486e-06,3.6302126494e-06,7.35436856912e-05,6.09692548758e-06,6.22066345486e-06,1.59248984444e-11,6.22066345486e-06,0.0319934222095,0.951909991754,0.0159884325271
41,0.153095137517,0.00522032521737,0.229438945836,0.131417775854,0.122123010535,0.0123622587665,0.00927349483412,0.248676267724,0.0273596970632,0.00846572202868,0.00562408191801,0.0469432827059,1,0.8,10,13,12,8,20,4.16964769903e-05,1.06742981095e-10,4.16964769903e-05,0.000228422058822,0.00147540933338,0.000147013765114,4.16964769903e-05,1.06742981095e-10,4.16964769903e-05,0.0319283404393,0.950096062796,0.0159579654861
42,0.0172590233062,0.0477782579794,0.0621271046619,0.144202266729,0.0164418664786,0.00719954077666,0.270510421877,0.115987581763,0.0975253772288,0.08485557374,0.00671710643238,0.129395879027,1,0.8,10,13,12,8,20,1.25148312578e-05,3.20379680201e-11,1.25148312578e-05,1.84403711993e-05,0.000305573084098,2.63972027767e-05,1.25148312578e-05,3.20379680201e-11,1.25148312578e-05,0.0319840689964,0.951631702618,0.0159837583382
43,0.113466328558,0.220939307314,0.029216459627,0.0562260423624,0.000282983446488,0.378934052121,0.00645575274998,0.0198860933027,0.042867215117,0.00461763401079,0.0318588404934,0.0952492908977,1,0.8,10,13,12,8,20,1.77904303752e-07,4.55435017606e-13,1.77904303752e-07,4.98602155623e-05,4.48454997826e-06,6.72916150048e-07,1.77904303752e-07,4.55435017606e-13,1.77904303752e-07,0.0319273754624,0.952026505723,0.0159903895144
44,0.127661016437,0.0133994802045,0.0386226359384,0.0212094654133,0.0495402232551,0.00514421525784,0.0326025252783,0.0243173266627,0.151988502003,0.175665026114,0.287197381575,0.0726522018607,1,0.8,10,13,12,8,20,5.01680703989e-06,1.28430260221e-11,5.01680703989e-06,2.9557688616e-05,6.21485968757e-05,7.42341024768e-06,5.01680703989e-06,1.28430260221e-11,5.01680703989e-06,0.03197470364,0.9519175401,0.0159885593103
45,0.118960040429,0.0298712343454,0.0746754267305,0.00388136187526,0.144390942902,0.123623236077,0.198111370437,0.0673513356573,0.0557898446253,0.114396387982,0.0190758483027,0.0498729706373,1,0.8,10,13,12,8,20,1.86799952753e-06,4.78207879047e-12,1.86799952753e-06,3.69812434581e-05,0.000124384627103,7.14012208583e-06,1.86799952753e-06,4.78207879047e-12,1.86799952753e-06,0.0319501271315,0.951885867535,0.0159880273329
46,0.0552686343823,0.0214877986717,0.117889894569,0.026809060645,0.00638866042408,0.213004582824,0.0935630340793,0.0986949932973,0.131917714539,0.00970578058707,0.185432950474,0.0398368955063,1,0.8,10,13,12,8,20,7.77504851803e-05,1.99041242062e-10,7.77504851803e-05,0.00011223494059,0.00154228644558,0.000413029345473,7.77504851803e-05,1.99041242062e-10,7.77504851803e-05,0.0319025215627,0.949766495348,0.0159524300185
47,0.0124963400867,0.127117599259,0.0355319724616,0.0298210437239,0.247022630972,0.0212990074242,0.122358971294,0.131237621585,0.0358075369344,0.149991644419,0.0122309071185,0.0750847247227,1,0.8,10,13,12,8,20,4.47850581647e-05,1.14649748902e-10,4.47850581647e-05,5.08239836268e-05,0.000840393866639,3.26630458045e-05,4.47850581647e-05,1.14649748902e-10,4.47850581647e-05,0.0319204964015,0.951003279006,0.0159732032347
48,0.0112021050565,0.0550930961565,0.00661913872921,0.0811660223038,0.0112798437826,0.323136443623,0.144152414539,0.00461853098091,0.0632888594909,0.102473728869,0.186298869086,0.0106709473828,1,0.8,10,13,12,8,20,8.89574149927e-07,2.27730982381e-12,8.89574149927e-07,5.30491388731e-06,6.24928099372e-05,8.43052571117e-07,8.89574149927e-07,2.27730982381e-12,8.89574149927e-07,0.0319947512707,0.951944045158,0.0159890044935
49,0.00399604921764,0.128357401475,0.0985062607844,0.0180253345829,0.114799395374,0.0249878403905,0.0430060247039,0.0859339600909,0.0483103724243,0.0951772444195,0.0274840717102,0.311416044827,1,0.8,10,13,12,8,20,7.46023265989e-07,1.90981956093e-12,7.46023265989e-07,5.0328816652e-06,1.52746879666e-05,2.83855724291e-06,7.46023265989e-07,1.90981956093e-12,7.46023265989e-07,0.0319963059738,0.951987823993,0.0159897398098
50,0.0241441521825,0.178308926164,0.0185560959507,0.0971955567754,0.0680012375845,0.018121378072,0.150943530993,0.163540884483,0.0629016007355,0.0831044951174,0.0478513130711,0.0873308288709,1,0.8,10,13,12,8,20,1.63749847311e-06,4.19199609117e-12,1.63749847311e-06,6.07138221439e-05,3.52100592438e-05,9.4052831996e-06,1.63749847311e-06,4.19199609117e-12,1.63749847311e-06,0.0319266777957,0.951971969522,0.0159894735156
51,0.0987960834516,0.0159811877757,0.14182923855,0.0651569065155,0.00786986370675,0.0696797376243,0.122450333163,0.0236037051174,0.275278326703,0.0321709250301,0.0690031120757,0.0781805802872,1,0.8,10,13,12,8,20,1.56279984753e-06,4.00076760967e-12,1.56279984753e-06,1.37267161263e-05,4.83971235774e-05,6.58486327105e-06,1.56279984753e-06,4.00076760967e-12,1.56279984753e-06,0.0319757828684,0.951959985,0.0159892722217
52,0.0357759428316,0.0428713764443,0.105264485052,0.121803111515,0.0896599901756,0.103012520293,0.0865226389912,0.159645043091,0.0436698408236,0.127310346039,0.065827197826,0.018637506917,1,0.8,10,13,12,8,20,9.65197459523e-08,2.47090549638e-13,9.65197459523e-08,1.2431757594e-05,5.59533271313e-07,7.00736280741e-07,9.65197459523e-08,2.47090549638e-13,9.65197459523e-08,0.0319779422036,0.952017737449,0.015990242241
53,0.000661207602332,0.200841548117,0.0291726831714,0.0651170214256,0.00382877254142,0.24311942921,0.160985292074,0.094773685995,0.010790910828,0.12231798307,0.0222249419118,0.0461665240533,1,0.8,10,13,12,8,20,5.80707024489e-06,1.48660998269e-11,5.80707024489e-06,0.000116523877202,0.000134546133486,1.31905561571e-05,5.80707024489e-06,1.48660998269e-11,5.80707024489e-06,0.0319458361518,0.951780418772,0.0159862561986
54,0.136746124759,0.126061984116,0.140593541641,0.140659728227,0.0492263089,0.0951208212186,0.0275317276771,0.0376198567667,0.0190289386896,0.148563272621,0.0626725224446,0.0161751729388,1,0.8,10,13,12,8,20,8.36586126384e-05,2.14166048354e-10,8.36586126384e-05,0.00144511537912,0.0046130125631,0.000560300809157,8.36586126384e-05,2.14166048354e-10,8.36586126384e-05,0.0317081685239,0.945458692375,0.0158800754705
55,0.0483963893519,0.143769241989,0.138888521204,0.0370659810344,0.0463114442436,0.143589025353,0.0168886657717,0.0696202711156,0.0709762933453,0.181017738829,0.0351883081495,0.0682881196132,1,0.8,10,13,12,8,20,3.51959692346e-06,9.01016812406e-12,3.51959692346e-06,8.26010404639e-06,1.83665938922e-05,1.55910438949e-05,3.51959692346e-06,9.01016812406e-12,3.51959692346e-06,0.0319949994473,0.951959441315,0.0159892630898
56,0.18094633951,0.0105123691953,0.0195305588713,0.097399898617,0.0845063705268,0.105583630728,0.129516668026,0.062031993606,0.0303838958294,0.133466781875,0.0251039271856,0.121017566029,1,0.8,10,13,12,8,20,4.52944342547e-05,1.15953751692e-10,4.52944342547e-05,1.91941359554e-05,0.00144229808927,1.42985352305e-05,4.52944342547e-05,1.15953751692e-10,4.52944342547e-05,0.0319430486707,0.950436302395,0.0159636802048
57,0.32538837419,0.140653295418,0.0265817515661,0.01581519759,0.00726466572767,0.0392390214732,0.0700258329084,0.0427767265643,0.0149353696382,0.256044144031,0.0214234598134,0.03985216108,1,0.8,10,13,12,8,20,7.75229857592e-06,1.98458843544e-11,7.75229857592e-06,7.49209828615e-05,0.000106785472186,3.94605716862e-05,7.75229857592e-06,1.98458843544e-11,7.75229857592e-06,0.0319871608421,0.95177450601,0.0159861568869
58,0.167530696471,0.0798966108012,0.0124291799878,0.0620583811866,0.00271056861727,0.0585594558157,0.150698701359,0.0959070731481,0.103445538474,0.173324630432,0.0232583291143,0.0701808345933,1,0.8,10,13,12,8,20,0.000194991280234,4.991776774e-10,0.000194991280234,0.012631290112,0.00632230356965,0.000407513361807,0.000194991280234,4.991776774e-10,0.000194991280234,0.0313347975006,0.932855735152,0.0156683941845
59,0.0284615163265,0.0415600048877,0.0382569424389,0.00937577853954,0.0584791358356,0.116102560803,0.263416519766,0.0136644896976,0.0106735307105,0.14392526027,0.154337325663,0.121746935061,1,0.8,10,13,12,8,20,7.69830627938e-05,1.97076640752e-10,7.69830627938e-05,0.00633612729331,0.00040120637332,0.00290989939206,7.69830627938e-05,1.97076640752e-10,7.69830627938e-05,0.031678524857,0.942535335144,0.0158309742947
60,0.122318528882,0.0998836173587,0.00461481539086,0.036089723442,0.0013007290507,0.0500368953581,0.0761297273069,0.418820210305,0.0183024868289,0.0423646851698,0.11536995212,0.0147686287863,1,0.8,10,13,12,8,20,1.05790876974e-05,2.70824645053e-11,1.05790876974e-05,7.48665395515e-05,0.000307159793221,4.07728661076e-05,1.05790876974e-05,2.70824645053e-11,1.05790876974e-05,0.0319799733637,0.951572152901,0.0159827581317
61,0.0537888044598,0.168478758151,0.0647835916812,0.142072293264,0.0187284292672,0.0969108033298,0.0666278867887,0.112421317081,0.0376707661771,0.0137603419225,0.0531634211584,0.171593586719,1,0.8,10,13,12,8,20,8.68757407118e-08,2.22401896222e-13,8.68757407118e-08,6.51597143527e-07,6.13101048566e-07,3.27436979173e-07,8.68757407118e-08,2.22401896222e-13,8.68757407118e-08,0.0319964388348,0.952011484314,0.0159901372124
62,0.0370849231811,0.10030324575,0.0313791977834,0.248987423998,0.0686937755953,0.0562517958931,0.0982872269889,0.0455767066158,0.0178155859193,0.0939899678295,0.0324327633381,0.169197387107,1,0.8,10,13,12,8,20,3.37733611869e-07,8.64598046385e-13,3.37733611869e-07,2.05312549188e-05,4.55086521686e-05,3.23095318359e-07,3.37733611869e-07,8.64598046385e-13,3.37733611869e-07,0.0319762174545,0.95196668387,0.0159893847369
63,0.195293431857,0.233806029627,0.2574572503,0.0319951539666,0.015204466763,0.0205910814106,0.0925320769407,0.0471667626632,0.0378719035553,0.0525509140944,0.00636005808902,0.00917087073272,1,0.8,10,13,12,8,20,0.00222093884415,5.68560344104e-09,0.00222093884415,0.0206517521891,0.0385751620204,0.00605138938594,0.00222093884415,5.68560344104e-09,0.00222093884415,0.0295625189709,0.881470097887,0.0148053127993
64,0.0157672777307,0.00622473436791,0.180747409965,0.328695696003,0.0721342064577,0.0653581754685,0.0580396196182,0.0549784514515,0.0151816623129,0.0210637444137,0.138488823858,0.0433201983523,1,0.8,10,13,12,8,20,3.87749834981e-08,9.92639577552e-14,3.87749834981e-08,9.90899173979e-07,4.04713565537e-06,5.36911258656e-08,3.87749834981e-08,9.92639577552e-14,3.87749834981e-08,0.0319963247892,0.952008343919,0.0159900844658
65,0.0799794077932,0.0445824652205,0.0859761804524,0.0174661872342,0.0104457950536,0.258440377592,0.156426770835,0.0223421084115,0.0545248682632,0.137613096823,0.118620210166,0.0135825321554,1,0.8,10,13,12,8,20,9.21698710089e-07,2.35954869783e-12,9.21698710089e-07,1.66674977114e-05,1.09056451052e-05,2.60034877894e-06,9.21698710089e-07,2.35954869783e-12,9.21698710089e-07,0.0319765063102,0.951999694215,0.015989939184
66,0.0693875443394,0.16312085671,0.0252869903569,0.100660043108,0.22034864071,0.0757602412983,0.124921967181,0.00435908519559,0.0442437922105,0.0101952909966,0.138859467304,0.0228560805889,1,0.8,10,13,12,8,20,2.05390532954e-05,5.25799764363e-11,2.05390532954e-05,1.25280299932e-05,0.000498848142819,1.65766388078e-05,2.05390532954e-05,5.25799764363e-11,2.05390532954e-05,0.0319769213835,0.951432556046,0.0159804134406
67,0.156604741228,0.0596550178371,0.026131363155,0.308727992102,0.0186159219762,0.0444518505295,0.012568693173,0.015059098951,0.217979204581,0.00170636504614,0.086530598117,0.0519691533048,1,0.8,10,13,12,8,20,7.24199344995e-06,1.85395032319e-11,7.24199344995e-06,5.27540605634e-06,0.000184501432419,6.05646640764e-06,7.24199344995e-06,1.85395032319e-11,7.24199344995e-06,0.0319899080412,0.951798726938,0.0159865637054
68,0.000415726151251,0.0646874125501,0.032135128189,0.0757549098973,0.163775973151,0.0026819383091,0.0249783090897,0.0650689140678,0.268308486757,0.0225299538788,0.216985956523,0.0626772914358,1,0.8,10,13,12,8,20,7.5385983976e-06,1.92988118979e-11,7.5385983976e-06,6.04330213813e-05,0.000313869843772,3.34183240004e-05,7.5385983976e-06,1.92988118979e-11,7.5385983976e-06,0.0319814186286,0.951597521523,0.0159831842271
69,0.218774238705,0.0226690924626,0.206205188309,0.00938032818869,0.0573882408157,0.0850517679095,0.0248210227685,0.159364071915,0.0290240311775,0.0277280577956,0.125567306282,0.0340266536709,1,0.8,10,13,12,8,20,1.31206681898e-05,3.35889105658e-11,1.31206681898e-05,0.000106051057394,0.000588061725427,4.97555828735e-05,1.31206681898e-05,3.35889105658e-11,1.31206681898e-05,0.0319281976221,0.951297309455,0.0159781418172
70,0.0675750597149,0.0406156771312,0.254535636856,0.0498083100774,0.208396268276,0.0468782580444,0.0545561026774,0.0565779347501,0.174006928506,0.0152974108223,0.0248790394537,0.00687337369065,1,0.8,10,13,12,8,20,0.00202867544855,5.19340914829e-09,0.00202867544855,0.0180289673463,0.0221454405181,0.0193448456998,0.00202867544855,5.19340914829e-09,0.00202867544855,0.0298114750591,0.887645522969,0.0149090362271
71,0.190560577106,0.097909807882,0.0645780050344,0.0818182635982,0.0267941639213,0.010661834367,0.0271296622718,0.0889495332979,0.0432382042569,0.132294338541,0.142110736769,0.0939548729552,1,0.8,10,13,12,8,20,4.21696542846e-06,1.07954314968e-11,4.21696542846e-06,1.86056620494e-05,3.83511119615e-05,1.0505539164e-05,4.21696542846e-06,1.07954314968e-11,4.21696542846e-06,0.0319941027147,0.951932752272,0.0159888148164
72,0.0564061482705,0.035762983661,0.106707873026,0.152940250363,0.000598387866998,0.047261305696,0.00709496533348,0.0195642758995,0.00970831432412,0.144500550454,0.158238896217,0.261216048888,1,0.8,10,13,12,8,20,3.03970607535e-05,7.7816475529e-11,3.03970607535e-05,0.000361464660076,0.00055506041168,0.000241582458782,3.03970607535e-05,7.7816475529e-11,3.03970607535e-05,0.0319555685784,0.950795030041,0.0159697054518
73,0.017136159541,0.164080305498,0.106527309816,0.153154012134,0.115532016885,0.0526777145382,0.201179123394,0.0773970757688,0.0022186853709,0.0611246991367,0.00564256726337,0.0433303306539,1,0.8,10,13,12,8,20,4.55551662366e-05,1.16621225566e-10,4.55551662366e-05,5.18905593265e-05,0.00155050350945,3.09060761864e-05,4.55551662366e-05,1.16621225566e-10,4.55551662366e-05,0.0319199666473,0.950303069899,0.0159614424105
74,0.00837287640658,0.028141562939,0.0486654275793,0.0659278944967,0.131592983791,0.0870629735311,0.00464599651172,0.0553579790596,0.00731721519021,0.15352619699,0.405121626197,0.00426726730816,1,0.8,10,13,12,8,20,6.23432486576e-08,1.59598716564e-13,6.23432486576e-08,1.00695809111e-06,6.19337792846e-07,5.50468034643e-08,6.23432486576e-08,1.59598716564e-13,6.23432486576e-08,0.0319960022344,0.952011922478,0.0159901445718
75,0.189625685871,0.06817886063,0.00318767284576,0.0620273243062,0.158845892357,0.0115375562529,0.0895769726027,0.0338900996754,0.0161737697582,0.241097599435,0.0613458679591,0.0645126983067,1,0.8,10,13,12,8,20,2.24136470917e-06,5.73789365546e-12,2.24136470917e-06,2.09559268971e-05,6.76673018963e-06,4.0666270904e-05,2.24136470917e-06,5.73789365546e-12,2.24136470917e-06,0.0319753840112,0.951958022334,0.0159892392564
76,0.198954770007,0.12134005643,0.0512147578215,0.0627635139073,0.0277780044402,0.106297233809,0.104843457293,0.0623060838179,0.0462918561119,0.0448293440281,0.024176577133,0.149204345202,1,0.8,10,13,12,8,20,2.76794341336e-05,7.0859351382e-11,2.76794341336e-05,0.000440325006988,0.000862761419744,0.00016922254804,2.76794341336e-05,7.0859351382e-11,2.76794341336e-05,0.0319414880978,0.950510557641,0.0159649274078
77,0.0609961238719,0.0420699612215,0.0119752909676,0.0449767108441,0.0197826981295,0.0282590313682,0.0821003629151,0.269267994493,0.230091594998,0.180008790215,0.029372542926,0.00109889805006,1,0.8,10,13,12,8,20,1.42253457869e-05,3.64168852144e-11,1.42253457869e-05,6.12295085317e-05,0.000215418174045,2.00482202585e-05,1.42253457869e-05,3.64168852144e-11,1.42253457869e-05,0.0319846237582,0.951677255432,0.0159845234506
78,0.158751107467,0.0215702846775,0.00366922517123,0.0103440585124,0.122576290712,0.00838704421389,0.0802380184548,0.017243280767,0.0705617244153,0.0812475177581,0.0173310335789,0.408080414273,1,0.8,10,13,12,8,20,4.70522863119e-09,1.20453852959e-14,4.70522863119e-09,4.44779041176e-08,1.03633132318e-07,8.48403328482e-09,4.70522863119e-09,1.20453852959e-14,4.70522863119e-09,0.031997181382,0.952012489113,0.0159901540891
79,0.17357107172,0.0392572053353,0.00807087097257,0.0547030107343,0.0946509573818,0.0715559066445,0.113635542099,0.0701867619319,0.0782039291651,0.152317766255,0.0246519551737,0.119195022587,1,0.8,10,13,12,8,20,6.37290112426e-06,1.63146268781e-11,6.37290112426e-06,0.000101495875482,0.000555378214637,0.000101885662624,6.37290112426e-06,1.63146268781e-11,6.37290112426e-06,0.0319292201047,0.951308203707,0.0159783247988
80,0.00714957980929,0.108666826711,0.0207312481071,0.0835502420162,0.126474231444,0.182561981335,0.156088142386,0.0124233540841,0.0198787928948,0.235680298088,0.0215095902,0.025285712925,1,0.8,10,13,12,8,20,0.000125178785868,3.20457691823e-10,0.000125178785868,0.00127225442502,0.00269821764356,0.000669989367559,0.000125178785868,3.20457691823e-10,0.000125178785868,0.0317923184024,0.947157888929,0.0159086154477
81,0.106627927223,0.00771794926486,0.0120119241105,0.333472405254,0.0762826979037,0.0997796791664,0.0427569585617,0.0657895710427,0.0596106914435,0.106055321076,0.061086462368,0.0288084125864,1,0.8,10,13,12,8,20,1.25838569477e-06,3.2214673786e-12,1.25838569477e-06,3.16200537031e-05,2.33272026204e-05,6.40629571138e-06,1.25838569477e-06,3.2214673786e-12,1.25838569477e-06,0.0319759722894,0.951968229905,0.0159894107044
82,0.0838675726789,0.0231872241767,0.0942154773322,0.129745758145,0.0624511033654,0.104935564872,0.00185292611495,0.141384987741,0.0240130958191,0.285741628559,0.0257101474883,0.0228945137075,1,0.8,10,13,12,8,20,4.35537978193e-05,1.11497722417e-10,4.35537978193e-05,0.000327838015815,0.00159497657412,6.93327624416e-05,4.35537978193e-05,1.11497722417e-10,4.35537978193e-05,0.0318069769199,0.950069146911,0.0159575134026
83,0.0249385789069,0.0878858674069,0.0570382207587,0.0483258724105,0.152211182421,0.0804289440024,0.0309337355075,0.0404295498565,0.117128534717,0.0910052123093,0.180912786603,0.0887615151007,1,0.8,10,13,12,8,20,8.2104782648e-05,2.10188243579e-10,8.2104782648e-05,0.00239508562214,0.0016896416913,0.00132446068478,8.2104782648e-05,2.10188243579e-10,8.2104782648e-05,0.0317951008009,0.946568574423,0.015898717227
84,0.0167712232458,0.0368542929024,0.14041028063,0.0456926768805,0.0936080193897,0.192406504704,0.0718301244009,0.162636910973,0.0890389031007,0.0122813662551,0.095395118686,0.0430745788315,1,0.8,10,13,12,8,20,1.60335417993e-05,4.10458670063e-11,1.60335417993e-05,6.2885269748e-05,0.000646125783339,7.85829303883e-06,1.60335417993e-05,4.10458670063e-11,1.60335417993e-05,0.0319302326474,0.951310402035,0.0159783617222
85,0.061577722314,0.00470308504339,0.04223784148,0.124125075424,0.00103076037767,0.137244002355,0.138504013137,0.0990613323332,0.0320232264972,0.17033173404,0.138688113847,0.0504730931514,1,0.8,10,13,12,8,20,9.09520470389e-06,2.3283724042e-11,9.09520470389e-06,2.88311799283e-05,9.95126664641e-05,1.14164416092e-05,9.09520470389e-06,2.3283724042e-11,9.09520470389e-06,0.0319717383035,0.951864452894,0.0159876676491
86,0.0805542706423,0.00479285122259,0.203347718697,0.1015017153,0.0306541376127,0.0764012347739,0.214347351582,0.00542439168457,0.083541047466,0.0213464303815,0.0173962546324,0.160692596005,1,0.8,10,13,12,8,20,0.000151499338596,3.87838306806e-10,0.000151499338596,0.000156786548323,0.00279344921075,0.000159001640148,0.000151499338596,3.87838306806e-10,0.000151499338596,0.0318600782227,0.948493635389,0.015931050859
87,0.328016569103,0.148602395129,0.0896785297117,0.0187937131834,0.0686308963613,0.0131398716534,0.00587983049641,0.0233892165818,0.030818379585,0.189354376655,0.0204613184436,0.0632349030963,1,0.8,10,13,12,8,20,8.84465644606e-08,2.26423205019e-13,8.84465644606e-08,7.11433604665e-07,6.09805916779e-06,1.33160409091e-07,8.84465644606e-08,2.26423205019e-13,8.84465644606e-08,0.0319969022888,0.952005760202,0.0159900410693
88,0.0124939047495,0.0226276731493,0.00183812369719,0.0079118583649,0.0979078633303,0.243258646956,0.00402308116008,0.00231135017224,0.0541444714952,0.158350734867,0.0998808526149,0.295251439443,1,0.8,10,13,12,8,20,2.08460897237e-05,5.33659896927e-11,2.08460897237e-05,0.000262747837499,0.000413503669718,0.00022686115278,2.08460897237e-05,5.33659896927e-11,2.08460897237e-05,0.0319470017089,0.951091810934,0.0159746902311
89,0.117783966376,0.0447146926351,0.050807339341,0.116621673758,0.149509374432,0.0461547028298,0.103826069972,0.0297965429612,0.0738104089049,0.152188848236,0.0746734566137,0.0401129239404,1,0.8,10,13,12,8,20,3.84108954261e-06,9.83318922907e-12,3.84108954261e-06,4.6293747613e-05,4.63388601003e-05,7.62726373441e-06,3.84108954261e-06,9.83318922907e-12,3.84108954261e-06,0.0319520275475,0.951943355297,0.0159889929065
90,0.0781928211489,0.00299784504467,0.14050836937,0.191160068647,0.028430625464,0.0604315265143,0.0114142823946,0.0722993444779,0.108503339407,0.0112778352071,0.12140885725,0.173375085074,1,0.8,10,13,12,8,20,9.08791499747e-06,2.32650623935e-11,9.08791499747e-06,6.90844649179e-05,0.000470640611208,5.64041941833e-05,9.08791499747e-06,2.32650623935e-11,9.08791499747e-06,0.0319355924666,0.95145119997,0.0159807265869
91,0.0420593417465,0.169645349327,0.0674174454141,0.0139409841029,0.293109014624,0.13343453248,0.0736812879455,0.0271781136767,0.0235949646275,0.0607932286691,0.00444590055047,0.0906998368365,1,0.8,10,13,12,8,20,2.82899289963e-06,7.24222182304e-12,2.82899289963e-06,8.29373967134e-05,0.00014597376378,3.91674955132e-05,2.82899289963e-06,7.24222182304e-12,2.82899289963e-06,0.0319860030467,0.951748875912,0.0159857263996
92,0.10334153939,0.0524118044268,0.17379666678,0.0243675680987,0.0705227083262,0.127015445133,0.0920386019037,0.0374291623961,0.00434028295405,0.0731868401405,0.118450616039,0.123098764411,1,0.8,10,13,12,8,20,0.000126268000787,3.23246082014e-10,0.000126268000787,0.00621032735591,0.00394775993662,0.000150928360351,0.000126268000787,3.23246082014e-10,0.000126268000787,0.0316327650765,0.941735604726,0.0158175418947
93,0.0722030040805,0.00168060135745,0.0410208619448,0.0591453691466,0.0657935204943,0.00570529655057,0.00546181956694,0.160890541153,0.141965921749,0.0149403512284,0.0511626691237,0.380030043605,1,0.8,10,13,12,8,20,4.96103796077e-06,1.27002571796e-11,4.96103796077e-06,1.31449215288e-05,0.000401015109836,1.66954023994e-05,4.96103796077e-06,1.27002571796e-11,4.96103796077e-06,0.0319644729519,0.951601575125,0.0159832523121
94,0.165393221968,0.0994853515175,0.283088547864,0.0893908320549,0.0448286206491,0.0368568174835,0.00297778761942,0.0582761916578,0.00155479292109,0.00206948717958,0.0952439461387,0.120834402947,1,0.8,10,13,12,8,20,2.11131081827e-07,5.40495569478e-13,2.11131081827e-07,1.80993147034e-05,4.13869187696e-07,1.7232282706e-06,2.11131081827e-07,5.40495569478e-13,2.11131081827e-07,0.0319782120249,0.952010584931,0.0159901221062
95,0.0975724480249,0.0574464722521,0.0102098649485,0.142002783401,0.0883134090277,0.0331961383249,0.234943752383,0.125304818551,0.0210862337574,0.0353529303765,0.136841407646,0.0177297413073,1,0.8,10,13,12,8,20,0.000173648724013,4.44540733472e-10,0.000173648724013,0.00514886366295,0.0017932050692,0.00111751058561,0.000173648724013,4.44540733472e-10,0.000173648724013,0.0316889976335,0.943706187151,0.0158506401124
96,0.0563930919089,0.00965629252753,0.105055618002,0.00902644948481,0.339497869711,0.0379983916669,0.016502384462,0.0126048352276,0.0463310906042,0.0164847464744,0.278212661113,0.0722365688175,1,0.8,10,13,12,8,20,9.80972514856e-07,2.51128963803e-12,9.80972514856e-07,2.28551157199e-05,1.82942369984e-05,1.90869360933e-06,9.80972514856e-07,2.51128963803e-12,9.80972514856e-07,0.0319769014743,0.951986400681,0.0159897159037
97,0.0585987431508,0.0726134888612,0.0673790159389,0.178132044714,0.0955219590361,0.269668147978,0.0624849298991,0.10018201383,0.0019379256269,0.0244025639204,0.065965306459,0.00311386058566,1,0.8,10,13,12,8,20,0.00043010497933,1.10106874708e-09,0.00043010497933,0.00925548101143,0.00535433636489,0.00209746362709,0.00043010497933,1.10106874708e-09,0.00043010497933,0.0313967824372,0.934479841505,0.0156956729347
98,0.00438870802519,0.271438446576,0.0295832053503,0.0660845100846,0.095383529261,0.0174705318378,0.0407691756257,0.0121212880641,0.243485522495,0.114605266921,0.0463093179818,0.0583604977785,1,0.8,10,13,12,8,20,5.14213937908e-06,1.31638768105e-11,5.14213937908e-06,8.64610988566e-05,0.000107462235291,2.36569336886e-05,5.14213937908e-06,1.31638768105e-11,5.14213937908e-06,0.0319873866052,0.951788079671,0.0159863848722
99,0.274497990616,0.0968478037334,0.0601216790462,0.0239529513965,0.0767624810479,0.184402903672,0.0773821900892,0.00393619546767,0.10923032143,0.0812299787819,0.000199158556297,0.0114363461637,1,0.8,10,13,12,8,20,9.7830591181e-07,2.50446313423e-12,9.7830591181e-07,3.49115276888e-05,3.1704134193e-05,2.28805656456e-06,9.7830591181e-07,2.50446313423e-12,9.7830591181e-07,0.0319537709969,0.951983740828,0.0159896712283
100,0.0641603360548,0.000849911545301,0.0653013989804,0.163023544773,0.0543899144719,0.0680607723506,0.042903539468,0.0834476786288,0.0782072913019,0.183744834863,0.155762031754,0.0401487458087,1,0.8,10,13,12,8,20,3.08223252966e-07,7.89051527594e-13,3.08223252966e-07,2.9847163535e-05,2.22715116181e-06,1.41806919602e-06,3.08223252966e-07,7.89051527594e-13,3.08223252966e-07,0.0319553557149,0.952019644731,0.015990274276
101,0.137870128215,0.0655585533673,0.205208321034,0.0705483320953,0.071107120033,0.0295666037177,0.108482647204,0.0723817231126,0.157255256884,0.00384465888547,0.0699464512284,0.00823020422279,1,0.8,10,13,12,8,20,6.66160832898e-06,1.70537173222e-11,6.66160832898e-06,0.000193153994049,0.000150455461296,0.000112689928375,6.66160832898e-06,1.70537173222e-11,6.66160832898e-06,0.0319593970046,0.95157485365,0.0159828034939
102,0.0383814356831,0.0736864171303,0.105183692765,0.00621952103193,0.0155387379238,0.0567011685928,0.109979894164,0.231267743158,0.294158424579,0.0536252362661,0.00392422139361,0.0113335073117,1,0.8,10,13,12,8,20,0.00185519304173,4.74929418683e-09,0.00185519304173,0.0764470735691,0.0403285896733,0.0152716720899,0.00185519304173,4.74929418683e-09,0.00185519304173,0.027518269771,0.819253303662,0.0137603095688
103,0.0590983468198,0.0902768721442,0.0551809183951,0.00333574537456,0.0475697208012,0.0408665155061,0.280359992515,0.0222582062476,0.162431380082,0.0573196256517,0.0379762105314,0.143326465932,1,0.8,10,13,12,8,20,4.31713202428e-06,1.10518579822e-11,4.31713202428e-06,3.94678644354e-05,6.4211333301e-05,5.99072695613e-05,4.31713202428e-06,1.10518579822e-11,4.31713202428e-06,0.0319717167587,0.951859838086,0.0159875901381
104,0.00537224281597,0.0694189353451,0.0299753648849,0.228492800489,0.0742584426958,0.052269233649,0.164892736125,0.0119709300416,0.00159505003265,0.0830851224722,0.147321706754,0.131347434696,1,0.8,10,13,12,8,20,6.6801558088e-07,1.71011988705e-12,6.6801558088e-07,3.44987392944e-06,1.56381198994e-05,1.96275673245e-05,6.6801558088e-07,1.71011988705e-12,6.6801558088e-07,0.0319954576394,0.951973652943,0.0159895017906
105,0.0495048398106,0.0206451319379,0.0142102062637,0.232270585439,0.228428333922,0.051822977966,0.00335956277223,0.167665177951,0.0324881761785,0.0126363969279,0.0552471908665,0.131721419964,1,0.8,10,13,12,8,20,1.02686951411e-08,2.62878595612e-14,1.02686951411e-08,3.57504159242e-07,9.39053716084e-08,9.52566023969e-08,1.02686951411e-08,2.62878595612e-14,1.02686951411e-08,0.0319968533416,0.952012406221,0.0159901526969
106,0.0587803994777,0.113277532345,0.0811584446961,0.115749420841,0.0176516986632,0.0913011121972,0.0456171824398,0.0660122659777,0.064723944124,0.0712120755506,0.0967375100485,0.17777841364,1,0.8,10,13,12,8,20,0.000117488191987,3.00769771487e-10,0.000117488191987,0.00270624790138,0.0013480553969,0.00194075107553,0.000117488191987,3.00769771487e-10,0.000117488191987,0.0317237522766,0.94592335988,0.0158878801003
107,0.16143557777,0.0248749866379,0.0754436042593,0.0845515816592,0.284563563185,0.146067834334,0.00485604441791,0.0924418816086,0.0477959858057,0.0309363892542,0.0363962704225,0.0106362806467,1,0.8,10,13,12,8,20,0.000123892691843,3.17165291119e-10,0.000123892691843,0.000174832138612,0.000718318798531,0.000295943849094,0.000123892691843,3.17165291119e-10,0.000123892691843,0.031939479578,0.950412572599,0.0159632816354
108,0.0136595190668,0.0756070631178,0.228888564186,0.0122921938146,0.005355061664,0.00729830222544,0.0177971592497,0.217310192102,0.111885796976,0.160835936876,0.00553844059815,0.143531770123,1,0.8,10,13,12,8,20,5.04646367204e-07,1.29189470004e-12,5.04646367204e-07,7.6569361234e-06,5.74156819243e-06,1.3119168589e-06,5.04646367204e-07,1.29189470004e-12,5.04646367204e-07,0.0319961472942,0.95199722597,0.0159898977269
109,0.0283658794582,0.20472073288,0.343432022958,0.0971488618066,0.0176992509091,0.00366133288709,0.0779020701085,0.0177013875643,0.0722927728926,0.0153963240206,0.072505828921,0.0491735355943,1,0.8,10,13,12,8,20,0.000318009300376,8.14103808963e-10,0.000318009300376,0.00483002376524,0.0144519996614,0.000652547391807,0.000318009300376,8.14103808963e-10,0.000318009300376,0.031278606508,0.931863062744,0.0156517210999
110,0.121392054831,0.181059461686,0.0217534646123,0.0477338367414,0.163165781426,0.0045494059249,0.0297867495817,0.0684264539369,0.273040779248,0.0358316869567,0.00560838860309,0.0476519364525,1,0.8,10,13,12,8,20,1.17190995067e-06,3.00008947372e-12,1.17190995067e-06,1.79342460523e-05,3.62983862242e-06,8.59108375297e-06,1.17190995067e-06,3.00008947372e-12,1.17190995067e-06,0.0319772586017,0.951997988057,0.0159899105271
111,0.284676847518,0.0231686773239,0.118975075995,0.143426458498,0.035522305766,0.0535789366384,0.12324525576,0.00379194451683,0.0813702920235,0.0226290671827,0.0760100221616,0.0336051166167,1,0.8,10,13,12,8,20,7.40718431652e-05,1.89623918503e-10,7.40718431652e-05,4.33884854009e-05,0.00155935262084,0.00016762315904,7.40718431652e-05,1.89623918503e-10,7.40718431652e-05,0.0319118404267,0.95006407927,0.0159574282857
112,0.0365386094534,0.042930183833,0.0653076104444,0.214058742519,0.0505961370665,0.0385100476365,0.133280186861,0.0413137835819,0.00713027698916,0.166649604169,0.114868719826,0.08881609762,1,0.8,10,13,12,8,20,4.28680382259e-06,1.09742177858e-11,4.28680382259e-06,5.69338411917e-06,8.44844293448e-05,2.57604258174e-06,4.28680382259e-06,1.09742177858e-11,4.28680382259e-06,0.0319933213345,0.951908372247,0.0159884053256
113,0.0290812859895,0.0103754568248,0.0837072148587,0.0901250730696,0.06278195557,0.0896032863323,0.171961767177,0.11361367093,0.0913887274017,0.0678960576564,0.0646016381617,0.124863866029,1,0.8,10,13,12,8,20,0.000115009714361,2.94424868765e-10,0.000115009714361,0.000565877195841,0.00218699687342,0.000385579871479,0.000115009714361,2.94424868765e-10,0.000115009714361,0.0318149744853,0.948652807784,0.015933724344
114,0.0270966301973,0.260170219141,0.0480185340811,0.0766960465915,0.127561655276,0.235945962693,0.0366659508063,0.0865161485463,0.00958764801643,0.0284801362067,0.0275368273347,0.0357242411092,1,0.8,10,13,12,8,20,1.4682886826e-06,3.75881902745e-12,1.4682886826e-06,4.10495365522e-05,3.47867036957e-05,9.31236090288e-06,1.4682886826e-06,3.75881902745e-12,1.4682886826e-06,0.0319528509327,0.951966741597,0.0159893857065
115,0.0882641852763,0.00830839856597,0.0771160627428,0.0364193866591,0.248410729271,0.223313814694,0.020272261741,0.131379415314,0.0494656410049,0.0872638046861,0.020038446532,0.00974785351304,1,0.8,10,13,12,8,20,2.35805143464e-06,6.03661167267e-12,2.35805143464e-06,2.54234322172e-05,5.99759037118e-05,8.81662927912e-06,2.35805143464e-06,6.03661167267e-12,2.35805143464e-06,0.0319928154302,0.951915019414,0.0159885169725
116,0.0122170809614,0.00903506208796,0.0460587373671,0.0955616050058,0.157059592923,0.0950086597568,0.0300470077013,0.0341377917157,0.122790625239,0.097528519105,0.228831767578,0.0717235505579,1,0.8,10,13,12,8,20,1.41662987294e-05,3.62657247474e-11,1.41662987294e-05,7.78608897473e-05,0.000629208557055,3.72037475061e-05,1.41662987294e-05,3.62657247474e-11,1.41662987294e-05,0.0319526702053,0.951268729548,0.0159776617845
117,0.168940595781,0.0132609630037,0.0146516365715,0.0681752229792,0.0590252519574,0.125677342657,0.119101121723,0.215007018893,0.0226487301468,0.00490774644098,0.167836192433,0.0207681774127,1,0.8,10,13,12,8,20,1.96801527501e-07,5.03811910402e-13,1.96801527501e-07,2.5749182963e-05,2.25129055605e-06,3.2869429322e-06,1.96801527501e-07,5.03811910402e-13,1.96801527501e-07,0.0319555982651,0.952022013057,0.0159903140548
118,0.0125258982596,0.00284110910877,0.0409170031697,0.198749003329,0.15521914115,0.0756609875711,0.014218891119,0.197560572691,0.0851527048997,0.0417497839309,0.0506473388586,0.124757565912,1,0.8,10,13,12,8,20,4.12249982401e-05,1.05535995495e-10,4.12249982401e-05,0.000570144752815,0.000678329629518,0.000414770529273,4.12249982401e-05,1.05535995495e-10,4.12249982401e-05,0.0319348801553,0.950275987204,0.0159609875252
119,0.054242970958,0.0867089217081,0.231898577998,0.072772838747,0.173222459596,0.0142768035616,0.0324583101942,0.0502112528213,0.157477997167,0.0688184699071,0.0121473483869,0.0457640489548,1,0.8,10,13,12,8,20,0.000548916961856,1.40522742235e-09,0.000548916961856,0.00778935214398,0.0132641828337,0.00108815835192,0.000548916961856,1.40522742235e-09,0.000548916961856,0.0311745464582,0.928886365537,0.0156017240174
120,0.0098056125527,0.0634977474372,0.0527963175873,0.0479222300832,0.0176706861236,0.0191119337022,0.243887134051,0.0538659199727,0.0391269112263,0.0608400111064,0.284674238487,0.106801257671,1,0.8,10,13,12,8,20,4.31885753272e-06,1.10562752838e-11,4.31885753272e-06,0.000105000634581,0.000155880529653,6.23875244266e-06,4.31885753272e-06,1.10562752838e-11,4.31885753272e-06,0.0319195035925,0.951809358759,0.0159867422792
121,0.026809226454,0.0658290253749,0.249645745597,0.198603524927,0.00979626678823,0.0150801218021,0.0327380780876,0.00161354995197,0.0781011869633,0.0743601095948,0.0298189277538,0.217604236705,1,0.8,10,13,12,8,20,4.90559604448e-08,1.25583258739e-13,4.90559604448e-08,6.31720792422e-07,4.58437742834e-07,9.26838737113e-07,4.90559604448e-08,1.25583258739e-13,4.90559604448e-08,0.0319967920117,0.952010867908,0.0159901268591
122,0.0344520369246,0.124038493619,0.027654836214,0.0139504387101,0.166794616983,0.122035471461,0.0549787403933,0.139457442038,0.159302999589,0.0890683529606,0.0612436665743,0.00702290453457,1,0.8,10,13,12,8,20,1.06177894981e-05,2.71815411152e-11,1.06177894981e-05,3.67837326903e-05,0.000414524081505,4.06711485626e-06,1.06177894981e-05,2.71815411152e-11,1.06177894981e-05,0.0319799240694,0.95154001151,0.0159822182797
123,0.00318559509505,0.218495423784,0.0575206827742,0.135808505141,0.0705049453341,0.0365572103685,0.0301445795226,0.136904592768,9.32440971819e-06,0.136447047749,0.132213178552,0.0422089145015,1,0.8,10,13,12,8,20,0.000148611812117,3.80446239021e-10,0.000148611812117,0.00779006942974,0.00448080415355,0.000872948028613,0.000148611812117,3.80446239021e-10,0.000148611812117,0.0315568636869,0.938934374705,0.015770491987
124,0.0537167684975,0.145495658858,0.0310130372133,0.0303254468099,0.135775005522,0.00126791422406,0.0100351892945,0.0489053149329,0.0241852837579,0.214324469187,0.125987151267,0.178968760435,1,0.8,10,13,12,8,20,5.48573480534e-05,1.40434811017e-10,5.48573480534e-05,0.00111490235686,0.00109137372832,8.09196510511e-05,5.48573480534e-05,1.40434811017e-10,5.48573480534e-05,0.0319169852348,0.949626313848,0.0159500755076
125,0.119198737409,0.115861453678,0.0736365299401,0.138020298891,0.0343949507749,0.179246015209,0.0170238091691,0.0396635675062,0.0169527280239,0.0912699988238,0.0464304236847,0.128301486891,1,0.8,10,13,12,8,20,8.00952035342e-06,2.05043721048e-11,8.00952035342e-06,7.6551839149e-05,0.000121588110895,6.10541048841e-05,8.00952035342e-06,2.05043721048e-11,8.00952035342e-06,0.031918241522,0.951803876109,0.0159866501917
126,0.0875604512595,0.0218042952462,0.0436024726219,0.0166359629647,0.0186501916054,0.180346906533,0.0712963334143,0.137183906084,0.0394406569072,0.0538913005061,0.0584143652408,0.271173157617,1,0.8,10,13,12,8,20,3.72697019977e-06,9.54104371142e-12,3.72697019977e-06,5.86539852829e-06,0.000100045913368,1.06116347688e-05,3.72697019977e-06,9.54104371142e-12,3.72697019977e-06,0.031992884155,0.951887628095,0.0159880569035
127,0.00467207254992,0.102766176737,0.145985835679,0.0919652649463,0.0584385921553,0.0821625242889,0.0137460257785,0.00104925183841,0.210125784292,0.00784899186836,0.0866808588394,0.194558621026,1,0.8,10,13,12,8,20,1.38041632599e-07,3.53386579452e-13,1.38041632599e-07,2.82398385875e-05,1.13367615259e-06,1.32892084602e-06,1.38041632599e-07,3.53386579452e-13,1.38041632599e-07,0.0319558416637,0.952022580154,0.0159903235799
128,0.0201315468746,0.405962434571,0.111292623757,0.0235262556181,0.0091735392947,0.0560079503529,0.00664998080809,0.0196227600298,0.190158710433,0.0569980186825,0.0586295020252,0.0418466775521,1,0.8,10,13,12,8,20,3.69981844123e-06,9.47153520955e-12,3.69981844123e-06,0.000100956513955,0.00043665837173,1.87896630834e-05,3.69981844123e-06,9.47153520955e-12,3.69981844123e-06,0.0319412208886,0.951505929438,0.0159816458318
129,0.0108109518085,0.127824760933,0.0603655780613,0.0178963430866,0.173343319913,0.239137266931,0.0502429227391,0.139112671824,0.0246101731906,0.0156093702413,0.0380497070026,0.102996934269,1,0.8,10,13,12,8,20,1.05081217168e-06,2.6900791595e-12,1.05081217168e-06,2.06890484739e-05,0.00010222793823,2.61183506324e-06,1.05081217168e-06,2.6900791595e-12,1.05081217168e-06,0.0319928269775,0.951889355037,0.0159880859095
130,0.0610456889907,0.062939425281,0.0119785796436,0.205939366412,0.02482682431,0.0190659536585,0.168293731129,0.20838493593,0.0915576039458,0.0389590537129,0.00849034442914,0.0985184925569,1,0.8,10,13,12,8,20,0.000162220381955,4.15284177804e-10,0.000162220381955,0.000646972953181,0.00554221985806,0.0012552845523,0.000162220381955,4.15284177804e-10,0.000162220381955,0.031671140344,0.944373649025,0.0158618509088
131,0.199131012892,0.236166143512,0.000534926284983,0.0252085412203,0.080459346071,0.0968223255146,0.0835655088394,0.0143295462294,0.139841293905,0.0506382038961,0.0442750216699,0.029028129966,1,0.8,10,13,12,8,20,7.18980005772e-05,1.84058881478e-10,7.18980005772e-05,0.000150480393268,0.000714637315386,0.001911120502,7.18980005772e-05,1.84058881478e-10,7.18980005772e-05,0.031856345684,0.94913795085,0.0159418728846
132,0.0313636270776,0.00681063337503,0.031498425227,0.256123493868,0.0793310479229,0.190322585677,0.150249901312,0.0207115026429,0.0642738473846,0.048857114806,0.100868592295,0.0195892284111,1,0.8,10,13,12,8,20,6.27360410566e-06,1.60604265105e-11,6.27360410566e-06,7.35019893109e-05,7.82031498392e-05,3.34254925512e-05,6.27360410566e-06,1.60604265105e-11,6.27360410566e-06,0.0319885732508,0.951814375134,0.015986826535
133,0.0230720216492,0.103227724012,0.2514085208,0.0446867178222,0.0860126262582,0.0884553168966,0.0153297736603,0.129548169322,0.0249430382917,0.112865511085,0.0226256593734,0.0978249208293,1,0.8,10,13,12,8,20,0.000130909924399,3.35129406462e-10,0.000130909924399,0.000425575574481,0.00182173919491,0.000637061227756,0.000130909924399,3.35129406462e-10,0.000130909924399,0.0318699022885,0.948786117904,0.0159359634421
134,0.00110070399659,0.151506058299,0.164516495121,0.0684878035059,0.0292171525094,0.0569683217873,0.00560198972966,0.264725391325,0.0733490007026,0.0157452618086,0.0277839136321,0.140997907583,1,0.8,10,13,12,8,20,0.000344303702415,8.81417478183e-10,0.000344303702415,0.0180513794932,0.00756554801394,0.00691090031003,0.000344303702415,8.81417478183e-10,0.000344303702415,0.0308946554129,0.919751998471,0.0154483017266
135,0.0290111273037,0.041906621123,0.214468360345,0.029779444535,0.109707385292,0.15017670691,0.0379406697428,0.0403373911451,0.13840392875,0.0988395657443,0.0150250246789,0.0944037744308,1,0.8,10,13,12,8,20,1.9749424338e-05,5.05585263052e-11,1.9749424338e-05,6.99874651429e-05,0.000787028343583,5.70514166596e-05,1.9749424338e-05,5.05585263052e-11,1.9749424338e-05,0.0319238028113,0.951108167211,0.0159749649538
136,0.072776868086,0.17578432417,0.0702161858152,0.0313655793342,0.020363392218,0.0517043198117,0.031505940913,0.137400573175,0.0626416664644,0.170340587826,0.0431591728096,0.132741389377,1,0.8,10,13,12,8,20,4.96627762981e-06,1.27136707323e-11,4.96627762981e-06,7.4716160195e-05,5.81393840581e-05,1.62074547199e-05,4.96627762981e-06,1.27136707323e-11,4.96627762981e-06,0.0319707287484,0.951872539641,0.0159878034754
137,0.00480464112235,0.137569936097,0.122853930222,0.0651894590571,0.0528853391347,0.00525429447294,0.0996869564711,0.015863178228,0.0566019836377,0.025426810821,0.240509254888,0.173354215848,1,0.8,10,13,12,8,20,1.75360493242e-07,4.48922862698e-13,1.75360493242e-07,1.42718929962e-05,4.44642705565e-06,1.12979678063e-06,1.75360493242e-07,4.48922862698e-13,1.75360493242e-07,0.0319767880856,0.952012507949,0.0159901544055
138,0.0546358102901,0.0308553018682,0.0136764524346,0.0858949564593,0.0369487468921,0.122902990677,0.123521693995,0.0825339220337,0.0447496598321,0.0199358253311,0.123288700255,0.261055939931,1,0.8,10,13,12,8,20,1.76399134612e-06,4.51581784607e-12,1.76399134612e-06,0.00011627038729,6.06441872329e-05,8.19685893795e-06,1.76399134612e-06,4.51581784607e-12,1.76399134612e-06,0.0319896585552,0.95183106714,0.0159871068967
139,0.0874391052189,0.0580278784832,0.155283353975,0.0658474898818,0.0369928742863,0.0622079064356,0.0774511575383,0.0455579902313,0.0156451120366,0.107496813929,0.12366413571,0.164386182274,1,0.8,10,13,12,8,20,2.85807517706e-07,7.31667245327e-13,2.85807517706e-07,1.47119417548e-06,2.24772146475e-06,8.82602900248e-07,2.85807517706e-07,7.31667245327e-13,2.85807517706e-07,0.0319966405388,0.952007543686,0.015990071025
140,0.0718185796077,0.118448673183,0.0954780007234,0.0162773977177,0.187490493735,0.187033632952,0.0370704630754,0.157915315993,0.0383578516602,0.00226189857975,0.00594150458517,0.0819061881884,1,0.8,10,13,12,8,20,7.29837199719e-05,1.86838323128e-10,7.29837199719e-05,0.000622876169547,0.0028793122665,0.000752768676971,7.29837199719e-05,1.86838323128e-10,7.29837199719e-05,0.0318034166123,0.947731442083,0.0159182489383
141,0.13904267149,0.0918570015865,0.00793752290566,0.152493265375,0.0894086456877,0.108109800773,0.0422960617552,0.0175561142468,0.0064099983562,0.285317212231,0.0354722069186,0.024099498673,1,0.8,10,13,12,8,20,0.000267296771597,6.84279735288e-10,0.000267296771597,0.0265555164514,0.00344786781267,0.00158432982291,0.000267296771597,6.84279735288e-10,0.000267296771597,0.0309345511693,0.920940285896,0.0154682603924
142,0.0734922733782,0.0428276453281,0.13931589915,0.103866156772,0.0944052373674,0.113695121559,0.0288901826069,0.160432801352,0.0262465433622,0.00815181480517,0.0441529165252,0.164523407794,1,0.8,10,13,12,8,20,1.28919437821e-05,3.30033760822e-11,1.28919437821e-05,2.62635687897e-05,0.00030473426667,2.93452763216e-05,1.28919437821e-05,3.30033760822e-11,1.28919437821e-05,0.0319651200519,0.951639086634,0.0159838823614
143,0.0349555877862,0.0869599686603,0.0550911617793,0.0111312607741,0.0275942482482,0.0523969262803,0.0272192115726,0.0842188800033,0.254578867179,0.0376894756033,0.23889385104,0.0892705610734,1,0.8,10,13,12,8,20,3.58678366474e-06,9.18216618174e-12,3.58678366474e-06,4.28495244832e-05,0.000197698027917,7.07066693513e-06,3.58678366474e-06,9.18216618174e-12,3.58678366474e-06,0.0319693835096,0.951782362276,0.015986288842
144,0.117299659918,0.0412757912608,0.173751930969,0.0570838528447,0.0241552727452,0.0635943064444,0.0112002654903,0.238179627999,0.0686930376479,0.11819307108,0.00761195628169,0.0789612273189,1,0.8,10,13,12,8,20,2.56578920556e-05,6.56842036623e-11,2.56578920556e-05,0.00117431190192,0.00170171802512,8.24426717655e-05,2.56578920556e-05,6.56842036623e-11,2.56578920556e-05,0.0318737613814,0.949123504086,0.0159416302344
145,0.10717383325,0.0474239523568,0.113323284674,0.0708992838017,0.048264161415,0.122749498204,0.153955881108,0.0913302332643,0.0182957668922,0.0183378340064,0.0961646059367,0.112081665091,1,0.8,10,13,12,8,20,2.89268422526e-06,7.40527161667e-12,2.89268422526e-06,3.66536479279e-05,4.23801210296e-05,2.12557723348e-05,2.89268422526e-06,7.40527161667e-12,2.89268422526e-06,0.0319521277216,0.951946958558,0.0159890534275
146,0.192965554707,0.369557105007,0.163039894142,0.0283422440979,0.0036427343604,0.0683357366168,0.0314424989704,0.0765256125788,0.0218555102605,0.0042957813759,0.0215726312333,0.0184246966502,1,0.8,10,13,12,8,20,0.00481529934945,1.23271663346e-08,0.00481529934945,0.236002704394,0.0193164043115,0.0306039118264,0.00481529934945,1.23271663346e-08,0.00481529934945,0.0222321519473,0.661473392532,0.0111102129367
147,0.00767850224592,0.0812247864609,0.0143806188047,0.20427248426,0.0272177935621,0.0931791820082,0.0150753216813,0.0160081988198,0.00046345766186,0.0839892950802,0.366848256814,0.0896621026011,1,0.8,10,13,12,8,20,5.64662002039e-05,1.44553472522e-10,5.64662002039e-05,0.000692664922716,0.000927945583322,0.000127670375716,5.64662002039e-05,1.44553472522e-10,5.64662002039e-05,0.0319154487892,0.950151508478,0.0159588967606
148,0.0247379608121,0.0628623207139,0.0404956379581,0.101983042804,0.0596077684258,0.0357407474818,0.155101277255,0.11811307507,0.125301678339,0.0927536127148,0.17246577533,0.0108371030958,1,0.8,10,13,12,8,20,0.000176467457209,4.51756690456e-10,0.000176467457209,0.00570205478458,0.00364899654954,0.00207212683161,0.000176467457209,4.51756690456e-10,0.000176467457209,0.0316090947202,0.940465644935,0.0157962114468
149,0.0372899687473,0.0133849761374,0.0499971513287,0.263890992603,0.0263731314919,0.0156059526978,0.13875079659,0.0192951725423,0.245142979094,0.0472260797002,0.125723114984,0.017319684084,1,0.8,10,13,12,8,20,0.000286920281934,7.34515921752e-10,0.000286920281934,0.00710486649738,0.00931330569925,0.000265212622045,0.000286920281934,7.34515921752e-10,0.000286920281934,0.0314062086266,0.93505735108,0.0157053728779
150,0.0144301076789,0.108280826949,0.0538451077707,0.0288940883706,0.263646348068,0.0861933343765,0.0573861370294,0.026726873039,0.0517008640838,0.160587160781,0.123981449161,0.0243277026922,1,0.8,10,13,12,8,20,1.33510765025e-05,3.41787558464e-11,1.33510765025e-05,3.61200620589e-05,0.000476221749491,1.17913801738e-05,1.33510765025e-05,3.41787558464e-11,1.33510765025e-05,0.0319779562207,0.951463571827,0.0159809343866
151,0.0546526218077,0.100315730021,0.262276312468,0.078882295374,0.0919918479593,0.00214264711041,0.00920935428833,0.198034298114,0.0826562307776,0.057830073373,0.00051288504903,0.0614957036574,1,0.8,10,13,12,8,20,7.27999162077e-06,1.86367785492e-11,7.27999162077e-06,2.7748469074e-05,0.000205117403604,4.41699040589e-05,7.27999162077e-06,1.86367785492e-11,7.27999162077e-06,0.0319681864116,0.95174007916,0.015985578648
152,0.173937071102,0.174874878491,0.307993507261,0.067487218954,0.0123571034367,0.182927342158,0.0166991504243,0.00457070893907,0.0168266827703,0.0130043258683,0.028808446626,0.00051356396925,1,0.8,10,13,12,8,20,5.49733491377e-05,1.40731773793e-10,5.49733491377e-05,0.000117361941546,0.000971795350247,0.000102032357798,5.49733491377e-05,1.40731773793e-10,5.49733491377e-05,0.0319486284567,0.950672638472,0.0159676497434
153,0.1164761283,0.158813868482,0.0740808803175,0.350204645548,0.035428818226,0.0030700405284,0.00443139891949,0.0192460190488,0.102754112259,0.0501296853555,0.0179744478352,0.0673899551806,1,0.8,10,13,12,8,20,4.53349526725e-06,1.16057478841e-11,4.53349526725e-06,3.73988149666e-05,9.93030845904e-05,5.60792590345e-06,4.53349526725e-06,1.16057478841e-11,4.53349526725e-06,0.0319518251166,0.951899475165,0.0159882558888
154,0.0136779194964,0.0640986998788,0.129927342082,0.0610640197458,0.101505239128,0.108964185763,0.0432225400265,0.118070935627,0.0619467427915,0.0190411763364,0.0119948663738,0.266486332751,1,0.8,10,13,12,8,20,2.72864620037e-05,6.98533427294e-11,2.72864620037e-05,0.000292723499261,0.000106302367393,0.000279167375042,2.72864620037e-05,6.98533427294e-11,2.72864620037e-05,0.031953034043,0.951281746311,0.0159778804161
155,0.0706181601418,0.0443521062104,0.0989152349577,0.137602936176,0.122660448115,0.118030599564,0.0413379414968,0.132400261808,0.0143167762999,0.0203416947387,0.115169454833,0.0842543856586,1,0.8,10,13,12,8,20,2.81609494315e-06,7.20920305447e-12,2.81609494315e-06,2.92450592087e-05,3.86457100284e-05,4.1406047512e-05,2.81609494315e-06,7.20920305447e-12,2.81609494315e-06,0.0319750316821,0.951915875751,0.0159885313557
156,0.102556899721,0.0335210309034,0.0925271962329,0.0670939630256,0.128358459502,0.045843677179,0.0157194416344,0.292149530885,0.0286590745447,0.0257135325971,0.00598298067326,0.161874213101,1,0.8,10,13,12,8,20,3.54282209344e-05,9.06962455922e-11,3.54282209344e-05,6.69011829251e-05,0.000934361023971,7.02231856624e-05,3.54282209344e-05,9.06962455922e-11,3.54282209344e-05,0.0319382798824,0.950877432169,0.0159710894911
157,0.0194684270681,0.00557365242792,0.103982543994,0.0842443783768,0.0211902263987,0.0221981459136,0.375590533225,0.0197829792096,0.110147327427,0.133134645513,0.0123980347478,0.0922891056987,1,0.8,10,13,12,8,20,6.67552979729e-06,1.70893562811e-11,6.67552979729e-06,5.12393837321e-05,0.000129324909784,0.000221340801097,6.67552979729e-06,1.70893562811e-11,6.67552979729e-06,0.0319635213107,0.951624238472,0.0159836329693
158,0.0882065632861,0.255719867315,0.15085989711,0.00761987548385,0.0773110893707,0.00279022578125,0.0313481308813,0.2017009944,0.0201686602788,0.028028952133,0.0505652937064,0.0856804502534,1,0.8,10,13,12,8,20,5.60786798747e-06,1.43561420479e-11,5.60786798747e-06,0.000351383528446,0.000974457844589,5.66726214036e-05,5.60786798747e-06,1.43561420479e-11,5.60786798747e-06,0.0319105486643,0.950716125679,0.0159683801615
159,0.00495259717174,0.117782491631,0.0507610719406,0.0562253412877,0.200710549824,0.0659083286963,0.00671018810526,0.0395699479555,0.0471600583966,0.177831440243,0.159928947716,0.0724590370325,1,0.8,10,13,12,8,20,8.46710467706e-07,2.16757879733e-12,8.46710467706e-07,3.64424597564e-05,5.80338945951e-05,2.44906793476e-06,8.46710467706e-07,2.16757879733e-12,8.46710467706e-07,0.0319746489947,0.951936166573,0.0159888721636
160,0.00946160775836,0.0451446760899,0.00230804203589,0.0874206989073,0.116435210619,0.161842946862,0.300241891432,0.0211750208523,0.0761929888767,0.130901724046,0.0142698561229,0.0346053363973,1,0.8,10,13,12,8,20,0.000161432430536,4.13267022171e-10,0.000161432430536,0.00103255994497,0.00564824225475,0.000788916733563,0.000161432430536,4.13267022171e-10,0.000161432430536,0.0317193635629,0.944304497526,0.0158606894292
161,0.220221051362,0.0303121307199,0.00736855402329,0.05610600992,0.0458034082259,0.150965935184,0.0159392643863,0.183427546345,0.153862007141,0.00350564590968,0.0116244117788,0.120864035003,1,0.8,10,13,12,8,20,8.79330401833e-06,2.25108582869e-11,8.79330401833e-06,3.48303066161e-05,9.9448083045e-05,9.01937131583e-05,8.79330401833e-06,2.25108582869e-11,8.79330401833e-06,0.031988543905,0.951765800071,0.0159860106605
162,0.0697259686913,0.145903396938,0.16468571237,0.0180232911715,0.121665607457,0.0401864343485,0.0445405020832,0.0282537527711,0.187528074544,0.0263051189672,0.134145675601,0.0190364650571,1,0.8,10,13,12,8,20,1.36212983652e-05,3.4870523815e-11,1.36212983652e-05,0.000117874515728,0.000215786855073,5.93143119451e-05,1.36212983652e-05,3.4870523815e-11,1.36212983652e-05,0.031962087329,0.951607106507,0.015983345218
163,0.0284885875749,0.0449636463915,0.0366373961095,0.207220455978,0.106101618598,0.174798031159,0.0233657213692,0.00638856980286,0.180762113632,0.0594979965652,0.0565828346492,0.0751930281703,1,0.8,10,13,12,8,20,4.34098588027e-06,1.11129238535e-11,4.34098588027e-06,7.26741768836e-05,0.000109711096545,4.97155984037e-06,4.34098588027e-06,1.11129238535e-11,4.34098588027e-06,0.0319488506134,0.951858854962,0.0159875736254
164,0.0322469810047,0.165892803167,0.157451291273,0.00777033836076,0.0733716940916,0.00422409955609,0.189027211385,0.143934243304,0.00216258160343,0.160168112762,0.0215949625932,0.0421556808991,1,0.8,10,13,12,8,20,3.15818132708e-07,8.08494419733e-13,3.15818132708e-07,6.13018358327e-06,3.52377972232e-06,8.06490896079e-07,3.15818132708e-07,8.08494419733e-13,3.15818132708e-07,0.0319963415693,0.952001957504,0.0159899771985
165,0.0525394250335,0.140195410843,0.0696272061831,0.00393625682118,0.0532086813741,0.15364721766,0.106569503719,0.206238407953,0.0767203034281,0.00783193942675,0.121445389344,0.00804025821314,1,0.8,10,13,12,8,20,5.54655991549e-06,1.41991933837e-11,5.54655991549e-06,3.73137658218e-05,7.2536972014e-05,4.00112141094e-05,5.54655991549e-06,1.41991933837e-11,5.54655991549e-06,0.0319721637461,0.951868059803,0.0159877282313
166,0.0486900614035,0.175766675321,0.0553646266938,0.224182708935,0.0437692419773,0.015795959923,0.110686498888,0.0281539110457,0.0526764583957,0.103753096911,0.0514094133019,0.0897513472041,1,0.8,10,13,12,8,20,5.6067313255e-06,1.43532321933e-11,5.6067313255e-06,1.36543948598e-05,0.000112737504864,4.12362555355e-06,5.6067313255e-06,1.43532321933e-11,5.6067313255e-06,0.0319912425364,0.951868086308,0.0159877286765
167,0.000753619260375,0.110444896179,0.0464805516066,0.0493794747607,0.165189636052,0.0567999590917,0.116288941821,0.0626433588612,0.0571066950017,0.050354169659,0.0750081927605,0.209550504946,1,0.8,10,13,12,8,20,6.95407627157e-05,1.78024352552e-10,6.95407627157e-05,0.000498933070337,0.00116556185596,0.000330789624832,6.95407627157e-05,1.78024352552e-10,6.95407627157e-05,0.0318843037028,0.949887781184,0.0159544671548
168,0.0335033980487,0.0178689469899,0.00910577961329,0.0932956810015,0.21172209209,0.0247659321509,0.399364067139,0.0799649512366,0.00762162291082,0.0170985964467,0.0572231688725,0.0484657635,1,0.8,10,13,12,8,20,2.26415863758e-07,5.79624611221e-13,2.26415863758e-07,1.18000578964e-05,5.61239685409e-06,4.99119301372e-07,2.26415863758e-07,5.79624611221e-13,2.26415863758e-07,0.031978170496,0.95201285208,0.0159901601856
169,0.181846391833,0.000488001478015,0.0436559288148,0.117232132103,0.17435849658,0.0353926054175,0.0712333128605,0.105340054049,0.148469079548,0.0603469674761,0.0393442303085,0.0222927995316,1,0.8,10,13,12,8,20,7.25731908002e-06,1.85787368448e-11,7.25731908002e-06,3.1354307461e-05,9.19138368439e-05,1.78692732719e-05,7.25731908002e-06,1.85787368448e-11,7.25731908002e-06,0.0319905119119,0.951851865134,0.0159874562231
170,0.165486585887,0.299124635264,0.0437978606981,0.0474072793171,0.00775624152421,0.0193903819144,0.12854689693,0.0105084709106,0.0241022427125,0.11343888706,0.118347296937,0.0220932208447,1,0.8,10,13,12,8,20,1.74442537172e-07,4.46572895161e-13,1.74442537172e-07,2.2179343903e-06,2.27305632746e-06,4.99089258253e-07,1.74442537172e-07,4.46572895161e-13,1.74442537172e-07,0.0319966180394,0.952007621773,0.0159900723365
171,0.0604710693412,0.0886287473163,0.00434157886612,0.000857484532837,0.0959459084651,0.201726999814,0.0236327307252,0.323117227253,0.0886302509992,0.0114682292125,0.0314543103466,0.0697254631275,1,0.8,10,13,12,8,20,2.25526790785e-05,5.77348584409e-11,2.25526790785e-05,0.000159145135731,0.00061799486405,2.9456786623e-05,2.25526790785e-05,5.77348584409e-11,2.25526790785e-05,0.0318984782093,0.951227740841,0.0159769733316
172,0.0041286805562,0.054464866245,0.224489559317,0.085854857456,0.184801777781,0.0236467614442,0.0142745642208,0.106891022751,0.214415357695,0.0274736049539,0.0502846526842,0.00927429489597,1,0.8,10,13,12,8,20,1.60225437876e-05,4.10177120962e-11,1.60225437876e-05,0.000254892045067,0.000781853270891,0.00021313439269,1.60225437876e-05,4.10177120962e-11,1.60225437876e-05,0.0319500189092,0.950766780163,0.0159692309623
173,0.0122537435988,0.00591688923242,0.0105742580958,0.0154795907689,0.0614482947658,0.0783854601371,0.10567298871,0.141969428354,0.147742700024,0.105380764881,0.0456797990208,0.269496082411,1,0.8,10,13,12,8,20,0.000177160971834,4.53532087896e-10,0.000177160971834,0.00546198613692,0.00113521446973,0.000735196311639,0.000177160971834,4.53532087896e-10,0.000177160971834,0.0317398994636,0.944357479501,0.0158615793229
174,0.0894924711937,0.00431567744257,0.0251003813326,0.07684841945,0.0593477058098,0.15557700074,0.125245188764,0.019231120099,0.0567675695742,0.198184330682,0.119962017528,0.0699281173834,1,0.8,10,13,12,8,20,1.01924317234e-07,2.60926252119e-13,1.01924317234e-07,5.74926513763e-05,6.3362526548e-06,5.10801153078e-07,1.01924317234e-07,2.60926252119e-13,1.01924317234e-07,0.0319268632685,0.952018140321,0.0159902490077
175,0.0270389416174,0.00610950525299,0.154258356078,0.174529738513,0.26798758815,0.0823411512704,0.0269486639052,0.023110725721,0.0574397719091,0.0195620182313,0.135789643042,0.0248838963095,1,0.8,10,13,12,8,20,6.73027179824e-06,1.72294958035e-11,6.73027179824e-06,2.12863009654e-05,5.22133174359e-05,5.36794039913e-05,6.73027179824e-06,1.72294958035e-11,6.73027179824e-06,0.0319922594331,0.951865947667,0.0159876927556
176,0.0538218509193,0.0927104615592,0.0372046685925,0.00541601320264,0.0074878079088,0.0901627373891,0.0511571879961,0.196201416111,0.100937321916,0.0284230095499,0.200147731368,0.136329793487,1,0.8,10,13,12,8,20,1.15785993377e-05,2.96412143046e-11,1.15785993377e-05,9.56762852646e-05,0.00060958254046,0.000153411685546,1.15785993377e-05,2.96412143046e-11,1.15785993377e-05,0.031899868632,0.951218331116,0.0159768152844
177,0.0808090282561,0.0287404159461,0.00219208626602,0.111199459354,0.0772903343574,0.0757392059256,0.0265422080709,0.146776961785,0.0220732615587,0.226591061778,0.0962446659812,0.10580131072,1,0.8,10,13,12,8,20,2.60341339404e-06,6.66473828875e-12,2.60341339404e-06,4.69257167105e-05,7.59237813913e-05,4.26143274635e-06,2.60341339404e-06,6.66473828875e-12,2.60341339404e-06,0.0319510218623,0.951922805786,0.0159886477536
178,0.14902271,0.0106226154315,0.0380865656545,0.00189252611463,0.00125187583438,0.0489666205824,0.0289462983223,0.108179030344,0.361871226516,0.142611864939,0.0649113149341,0.0436373513272,1,0.8,10,13,12,8,20,8.29156802794e-06,2.12264141515e-11,8.29156802794e-06,3.73809773426e-05,0.000346924642045,8.46618603425e-06,8.29156802794e-06,2.12264141515e-11,8.29156802794e-06,0.0319822233826,0.951608470372,0.0159833681257
179,0.0587254535282,0.00629705116333,0.00383540537951,0.0150516956241,0.185394640252,0.0057519216949,0.0703335864158,0.294368710936,0.041477161068,0.0533200219656,0.181549681139,0.0838946708331,1,0.8,10,13,12,8,20,6.66131828425e-06,1.70529748077e-11,6.66131828425e-06,0.000198372838426,0.000142525246438,7.01972897583e-05,6.66131828425e-06,1.70529748077e-11,6.66131828425e-06,0.0319147664985,0.951663205356,0.0159842874633
180,0.0224377790394,0.0193544428296,0.258171890322,0.178515203452,0.0535893086609,0.0195645431639,0.0952588392477,0.0626874669285,0.0210591365293,0.156951115738,0.00380005977674,0.108610214312,1,0.8,10,13,12,8,20,1.30956666652e-06,3.35249066629e-12,1.30956666652e-06,4.92744254306e-05,6.67423391809e-05,8.65710394572e-06,1.30956666652e-06,3.35249066629e-12,1.30956666652e-06,0.0319518862365,0.951929442398,0.0159887592232
181,0.04204564444,0.0952486532526,0.0456780674751,0.0865530300964,0.00715261485673,0.0791657710855,0.0204398673804,0.152804245112,0.0972029425658,0.115014233016,0.0234017920015,0.235293138718,1,0.8,10,13,12,8,20,2.187186981e-06,5.59919867135e-12,2.187186981e-06,3.52979665388e-05,0.000174421245394,3.73838417893e-06,2.187186981e-06,5.59919867135e-12,2.187186981e-06,0.0319707292797,0.951820140986,0.0159869233792
182,0.00553807547027,0.0722077914386,0.102999100939,0.0588514456833,0.0846568150117,0.0356728744152,0.00959709987399,0.126929732144,0.0772334704371,0.0552663075068,0.112026120609,0.259021166471,1,0.8,10,13,12,8,20,7.22580189205e-05,1.84980528436e-10,7.22580189205e-05,0.00767166804458,0.00260524808497,0.000849607885002,7.22580189205e-05,1.84980528436e-10,7.22580189205e-05,0.0316115986305,0.94116488885,0.0158079560595
183,0.0254452377403,0.0433917174215,0.0336467563889,0.200621038845,0.00167690343622,0.122306499331,0.0391685876851,0.0122628960194,0.256034487041,0.137884793368,0.0359989625272,0.0915621201962,1,0.8,10,13,12,8,20,4.57693779249e-07,1.17169607488e-12,4.57693779249e-07,3.73026494127e-05,4.10808878158e-06,3.9753117681e-06,4.57693779249e-07,1.17169607488e-12,4.57693779249e-07,0.0319544836859,0.95200821715,0.0159900823366
184,0.0229730241952,0.154903290551,0.144481942897,0.0729772933988,0.059347424847,0.0599629456673,0.0113496437885,0.180187661024,0.0429505818659,0.0437710642464,0.0275870185783,0.179508108941,1,0.8,10,13,12,8,20,2.13219466842e-06,5.45841835117e-12,2.13219466842e-06,6.06222809428e-06,9.40335308715e-06,1.6669432046e-05,2.13219466842e-06,5.45841835117e-12,2.13219466842e-06,0.0319954795117,0.9519743433,0.015989513386
185,0.165885441596,0.0833109518398,0.298049837796,0.00774273943764,0.000173686231244,0.157887376503,0.00800277208217,0.0303024709537,0.0484979052708,0.097058856639,0.0275016349456,0.0755863267054,1,0.8,10,13,12,8,20,1.28428686166e-05,3.28777436585e-11,1.28428686166e-05,8.1587199429e-05,0.000319068212668,4.98639721518e-05,1.28428686166e-05,3.28777436585e-11,1.28428686166e-05,0.0319793194108,0.951536628211,0.0159821614533
186,0.00536414760913,0.00979252115927,0.152946098421,0.0507622459263,0.050714165245,0.0414460834547,0.258180327488,0.0443237443746,0.0436072729219,0.253829618836,0.0355153053997,0.0535184691634,1,0.8,10,13,12,8,20,1.51145194968e-06,3.86931699118e-12,1.51145194968e-06,2.44621302946e-05,7.27957551683e-05,2.51185977208e-06,1.51145194968e-06,3.86931699118e-12,1.51145194968e-06,0.0319932381651,0.951912472087,0.0159884741872
187,0.0288260497364,0.156635829264,0.199222972343,0.0376866055447,0.0886581878756,0.0106427401456,0.158011766354,0.0359188374696,0.015499462961,0.00759802946652,0.0526592721778,0.208640246662,1,0.8,10,13,12,8,20,3.49908696927e-07,8.95766264132e-13,3.49908696927e-07,2.69942695077e-06,3.26183785783e-06,1.04965523318e-06,3.49908696927e-07,8.95766264132e-13,3.49908696927e-07,0.0319969210906,0.952004645998,0.0159900223549
188,0.00183834869942,0.117673974678,0.0434954797918,0.0634753772027,0.0549465813065,0.000805221625675,0.00806078962202,0.0751434894107,0.38823317097,0.0328648084691,0.164632031145,0.0488307270785,1,0.8,10,13,12,8,20,7.24403002573e-07,1.85447168659e-12,7.24403002573e-07,4.54762274403e-05,9.06437488335e-06,8.73963549471e-06,7.24403002573e-07,1.85447168659e-12,7.24403002573e-07,0.0319755949516,0.951968806801,0.015989420394
189,0.0427428186555,0.082844127281,0.195949243956,0.087898479605,0.031553454169,0.00805701905021,0.0111736671565,0.00622646311732,8.95598641229e-05,0.239842141728,0.234937185113,0.0586858403042,1,0.8,10,13,12,8,20,7.49593228107e-05,1.91895866395e-10,7.49593228107e-05,0.00482050637193,0.00115930907825,0.000619430051157,7.49593228107e-05,1.91895866395e-10,7.49593228107e-05,0.0317764389281,0.945444638477,0.015879839419
190,0.0176808773492,0.213908772467,0.124513983264,0.0326238783204,0.0936158965989,0.108975877604,0.034112607409,0.0206594903996,0.101449855098,0.0965028310479,0.0980132188902,0.0579427115519,1,0.8,10,13,12,8,20,1.04778303424e-06,2.68232456764e-12,1.04778303424e-06,3.0955819768e-05,8.5682900066e-06,3.15986266005e-06,1.04778303424e-06,2.68232456764e-12,1.04778303424e-06,0.0319547179643,0.952008322814,0.0159900841113
191,0.0201850763352,0.0910856331034,0.198745566376,0.00136035858111,0.0030819180071,0.0176987930014,0.0257473958585,0.150302623725,0.0584743770014,0.0896553170846,0.297786422581,0.0458765183453,1,0.8,10,13,12,8,20,3.99590346058e-07,1.02295128591e-12,3.99590346058e-07,1.59535015355e-05,6.78385217844e-06,3.41423618171e-06,3.99590346058e-07,1.02295128591e-12,3.99590346058e-07,0.0319776976517,0.952004531956,0.0159900204395
192,0.0948993180844,0.115511102698,0.00711354890577,0.020284981812,0.0480050837592,0.0493251119507,0.0536534395027,0.033408529935,0.128025726674,0.08598583613,0.0492997371436,0.314487583405,1,0.8,10,13,12,8,20,9.25150785674e-06,2.36838601132e-11,9.25150785674e-06,2.2809668213e-05,7.62808128123e-05,6.94195035714e-06,9.25150785674e-06,2.36838601132e-11,9.25150785674e-06,0.0319740257387,0.951894759075,0.0159881766766
193,0.0635261085121,0.0496009129663,0.0199201918725,0.10144886859,0.00475363186604,0.0224805838114,0.00372620733728,0.116705140152,0.0153935011871,0.360509440925,0.0505901753109,0.19134523747,1,0.8,10,13,12,8,20,4.06443953247e-06,1.04049652031e-11,4.06443953247e-06,2.372007393e-05,6.40414556826e-05,1.66728563319e-05,4.06443953247e-06,1.04049652031e-11,4.06443953247e-06,0.0319740715513,0.951916691231,0.0159885450526
194,0.162147975231,0.0146332194781,0.193222454424,0.00160324487974,0.0396745313697,0.0216635212035,0.0347501709659,0.0412155415659,0.000117376752323,0.279994470233,0.0990386355312,0.111938858365,1,0.8,10,13,12,8,20,2.83082216286e-07,7.24690473692e-13,2.83082216286e-07,2.79606086228e-05,2.99336707344e-06,1.70596428659e-06,2.83082216286e-07,7.24690473692e-13,2.83082216286e-07,0.0319545653861,0.9520213396,0.0159903027433
195,0.300373112042,0.0274950472231,0.0590926545716,0.0682340015655,0.0408359713123,0.00660996431639,0.120754056914,0.166307200817,0.0601650523213,0.0186333775878,0.0557132131436,0.0757863481855,1,0.8,10,13,12,8,20,1.9307920458e-05,4.94282763724e-11,1.9307920458e-05,0.000160526516059,0.000453417811306,5.70585430506e-05,1.9307920458e-05,4.94282763724e-11,1.9307920458e-05,0.0319517568193,0.951321461058,0.0159785474714
196,0.019269707524,0.0324761702293,0.031126787703,0.044064340746,0.103817877548,0.0580350142849,0.143968174969,0.192192063503,0.0207876177877,0.199544435637,0.016353326404,0.138364483665,1,0.8,10,13,12,8,20,8.97692059851e-05,2.29809167322e-10,8.97692059851e-05,0.00524489471281,0.00222714369534,0.000564783242068,8.97692059851e-05,2.29809167322e-10,8.97692059851e-05,0.0316889769353,0.944058565417,0.0158565587141
197,0.0747020184857,0.0410943165646,0.119232890422,0.064611681801,0.0149250000725,0.0104339502842,0.0952893066647,0.0628915431488,0.0341747992633,0.175179672853,0.201729266975,0.105735553466,1,0.8,10,13,12,8,20,4.36974168024e-05,1.11865387014e-10,4.36974168024e-05,0.0020540588243,0.000744470321095,0.00104377299559,4.36974168024e-05,1.11865387014e-10,4.36974168024e-05,0.0318686545469,0.948188330512,0.0159259229094
198,0.0297465047551,0.0446153746226,0.0427768450982,0.054213104361,0.027668726917,0.0323187052095,0.0812598266189,0.0334362227213,0.227510393972,0.025483777245,0.0828098684025,0.318160650077,1,0.8,10,13,12,8,20,4.39334858334e-06,1.12469723734e-11,4.39334858334e-06,0.000188898709479,0.000148182059595,4.37749938063e-05,4.39334858334e-06,1.12469723734e-11,4.39334858334e-06,0.0319654713343,0.951652000226,0.0159840992601
199,0.21741363018,0.0654659589285,0.0381869259107,0.101624713572,0.122628073894,0.0135372722135,0.0131698453439,0.0256591512244,0.144834640751,0.127950428626,0.112682285471,0.0168470738847,1,0.8,10,13,12,8,20,9.63789247445e-05,2.46730047346e-10,9.63789247445e-05,0.00117439907825,0.00223798809692,0.000308305521253,9.63789247445e-05,2.46730047346e-10,9.63789247445e-05,0.0318469027463,0.948122078239,0.0159248101256
200,0.0142911734998,0.0955889659593,0.0913993949552,0.160546528877,0.0189455065623,0.0523895311888,0.0013059267064,0.0664312070327,0.0983914554205,0.111463060576,0.191683512595,0.0975637366267,1,0.8,10,13,12,8,20,2.74202540618e-06,7.01958503982e-12,2.74202540618e-06,0.000159838515807,9.2043369623e-05,1.01458504579e-05,2.74202540618e-06,7.01958503982e-12,2.74202540618e-06,0.0319462904123,0.951794225635,0.0159864881008
201,0.208827661672,0.0339021199424,0.0501124902766,0.0389908021169,0.0800315658031,0.0977296350009,0.145980288522,0.0433249931744,0.0141211935346,0.134344096774,0.0775385515456,0.0750966016373,1,0.8,10,13,12,8,20,8.18003888006e-06,2.09408995329e-11,8.18003888006e-06,3.83822727249e-05,0.000140892726389,1.19717320047e-05,8.18003888006e-06,2.09408995329e-11,8.18003888006e-06,0.0319705321401,0.951818603378,0.0159868975533
202,0.10652328505,0.0204552000508,0.0184593557658,0.032386211236,0.00972955834188,0.145115967562,0.0644563261317,0.14845389457,0.356708660129,0.0450719498301,0.00544551343241,0.047194077901,1,0.8,10,13,12,8,20,8.37038199323e-06,2.14281779027e-11,8.37038199323e-06,4.76901245916e-05,1.72205180805e-05,0.000155877263693,8.37038199323e-06,2.14281779027e-11,8.37038199323e-06,0.0319205750656,0.951837933237,0.0159872222207
203,0.0391741607375,0.0933892663344,0.150863719559,0.248378545796,0.0469058128431,0.0262779841149,0.275871615447,0.0527583086141,0.0127244851202,0.0402508544639,0.00470796884952,0.00869727812012,1,0.8,10,13,12,8,20,0.00147617992941,3.77902061929e-09,0.00147617992941,0.0523046387984,0.065127094373,0.00801137578336,0.00147617992941,3.77902061929e-09,0.00147617992941,0.0277785289088,0.826983487881,0.0138901469798
204,0.123622259639,0.0149606853753,0.0251724571004,0.151638388903,0.0808548146741,0.0332295454299,0.222540737941,0.0736352571881,0.089708806482,0.0983490727026,0.0114435910422,0.0748443835225,1,0.8,10,13,12,8,20,6.7460337564e-06,1.72698464164e-11,6.7460337564e-06,8.57358458101e-05,0.000390196384632,6.06005346188e-05,6.7460337564e-06,1.72698464164e-11,6.7460337564e-06,0.0319587478387,0.95149625194,0.015981483287
205,0.39188705526,0.00254637722387,0.226550756835,0.0165972896596,0.0263892518572,0.0684707111988,0.0132789962648,0.0482362967706,0.117694238486,0.00168951693422,0.0732321800735,0.0134273294373,1,0.8,10,13,12,8,20,2.21288071575e-05,5.66497463233e-11,2.21288071575e-05,0.000243266236186,0.000979599145059,0.000226049308335,2.21288071575e-05,5.66497463233e-11,2.21288071575e-05,0.0319238028659,0.950572794357,0.0159659727457
206,0.0585416191242,0.0663684373758,0.0856903201625,0.119157959759,0.00675211842945,0.101260019907,0.0644078869388,0.172797561551,0.000721366571599,0.0293529351378,0.0189077641059,0.276042010937,1,0.8,10,13,12,8,20,2.6066085361e-06,6.67291785241e-12,2.6066085361e-06,1.54558702336e-05,1.17448527587e-05,2.24407640048e-05,2.6066085361e-06,6.67291785241e-12,2.6066085361e-06,0.0319767700039,0.95197366015,0.0159895019117
207,0.0281868733422,0.070807374774,0.0172841064299,0.264568053259,0.0496922079938,0.173564843723,0.0372928514664,0.0500653840135,0.0309787258321,0.0527401823004,0.151818105741,0.0730012911234,1,0.8,10,13,12,8,20,4.73186331669e-07,1.21135700907e-12,4.73186331669e-07,1.63311952069e-05,5.37743753257e-06,4.96467182223e-07,4.73186331669e-07,1.21135700907e-12,4.73186331669e-07,0.0319781168906,0.952007711419,0.0159900738422
208,0.0347145053317,0.252603327112,0.0436668330589,0.0671328188962,0.247012018777,0.0493391075916,0.00298745924333,0.0788488302863,0.0417347866674,0.116569533332,0.0231795414778,0.0422112382253,1,0.8,10,13,12,8,20,0.000612343590583,1.56759959189e-09,0.000612343590583,0.0163304410729,0.00494096629355,0.00631914410185,0.000612343590583,1.56759959189e-09,0.000612343590583,0.0310171522733,0.923432793807,0.015510124954
209,0.133521488632,0.104935825224,0.0549723695937,0.0392015640737,0.0406248569988,0.0109604772673,0.157938311947,0.0178050614009,0.0702305646413,0.271288540898,0.061611159717,0.0369097796066,1,0.8,10,13,12,8,20,1.93866523626e-07,4.96298300482e-13,1.93866523626e-07,3.01125294289e-05,9.06186230733e-06,3.46023327628e-07,1.93866523626e-07,4.96298300482e-13,1.93866523626e-07,0.0319551203491,0.952014397624,0.0159901861448
210,0.0325849797528,0.00282003705766,0.0274456974021,0.0139565896125,0.0252125472841,0.142114398331,0.121654666695,0.0411279053899,0.278552732132,0.063524964238,0.186081045403,0.0649244367024,1,0.8,10,13,12,8,20,9.00274201344e-06,2.30470195544e-11,9.00274201344e-06,2.34635596348e-05,8.97623497339e-05,1.08319855101e-05,9.00274201344e-06,2.30470195544e-11,9.00274201344e-06,0.0319737681861,0.951878263294,0.0159878996108
211,0.0215317674986,0.19461746039,0.0995497005679,0.0647577132647,0.060256765551,0.0967650050346,0.106715513059,0.0212056663259,0.206179517382,0.0156738585638,0.0858243136972,0.0269227186664,1,0.8,10,13,12,8,20,0.000538007839359,1.37730006876e-09,0.000538007839359,0.0042521874638,0.011452726484,0.00177485829195,0.000538007839359,1.37730006876e-09,0.000538007839359,0.0313504209289,0.933341224183,0.015676548536
212,0.004946938875,0.147518988371,0.23311877569,0.0223561315534,0.0129257306992,0.0506613953995,0.018438380912,0.00408501432624,0.140353206663,0.105223419336,0.0894613055902,0.170910712583,1,0.8,10,13,12,8,20,8.30561266937e-06,2.12623684336e-11,8.30561266937e-06,8.73097862266e-05,0.000146170343308,4.99047708261e-05,8.30561266937e-06,2.12623684336e-11,8.30561266937e-06,0.0319457280642,0.951751887559,0.0159857769837
213,0.00740169498224,0.106039470768,0.0279908230267,0.0091150407972,0.0418387246301,0.00186867988134,0.0888043178176,0.163125521812,0.0728478068306,0.287972540808,0.0286149215956,0.164380457051,1,0.8,10,13,12,8,20,1.77165009375e-06,4.53542423999e-12,1.77165009375e-06,2.85780044804e-05,0.000158885590526,5.20260620404e-06,1.77165009375e-06,4.53542423999e-12,1.77165009375e-06,0.0319896233173,0.951823641694,0.0159869821777
214,0.00105954131747,0.0618528801738,0.119509816273,0.0283380519758,0.041120400877,0.1003286989,0.189406748138,0.0805776520932,0.0981761973241,0.0442379501811,0.0227152633137,0.212676799433,1,0.8,10,13,12,8,20,2.69509682493e-05,6.89944787182e-11,2.69509682493e-05,0.000145098945939,0.000169952060171,0.000419164943553,2.69509682493e-05,6.89944787182e-11,2.69509682493e-05,0.0319500976665,0.951230856707,0.0159770256662
215,0.0256338546182,0.0864480189153,0.0656131168437,0.0322875669251,0.146453172585,0.0599751498132,0.131995473625,0.0387350213191,0.307622916958,0.0677717966163,0.0085512746513,0.0289126371299,1,0.8,10,13,12,8,20,6.66397898477e-07,1.7059786201e-12,6.66397898477e-07,2.69424880906e-05,4.11916658187e-06,1.92139378833e-06,6.66397898477e-07,1.7059786201e-12,6.66397898477e-07,0.0319772926594,0.951997162044,0.0159898966532
216,0.122629215675,0.0811534742343,0.0838761721497,0.0111613517875,0.0793353735302,0.112742967686,0.122308364249,0.0188999491346,0.122668820662,0.0397771518059,0.166842734366,0.0386044247195,1,0.8,10,13,12,8,20,1.05402138916e-05,2.69829475624e-11,1.05402138916e-05,2.55071568357e-05,3.9309084933e-05,0.000294692253759,1.05402138916e-05,2.69829475624e-11,1.05402138916e-05,0.03196516242,0.951649117336,0.0159840508386
217,0.0471566710493,0.00490985933847,0.0399304824695,0.00557068046779,0.0326735797207,0.0596324256768,0.141517899489,0.0288529830299,0.0724379241912,0.0089618944414,0.215373473143,0.342982126983,1,0.8,10,13,12,8,20,1.88003437721e-05,4.81288800567e-11,1.88003437721e-05,0.000191311117535,0.000244618234366,0.000145335609558,1.88003437721e-05,4.81288800567e-11,1.88003437721e-05,0.0318755575636,0.951486653926,0.0159813220772
218,0.0028525602092,0.0998627265997,0.134512942003,0.005334528368,0.0637462838032,0.0913672918362,0.0522939850804,0.160920683768,0.0148316635978,0.207679335393,0.0432509914889,0.123347007853,1,0.8,10,13,12,8,20,6.59907033374e-06,1.68936200544e-11,6.59907033374e-06,1.20175453212e-05,0.000343817253501,4.60085662171e-06,6.59907033374e-06,1.68936200544e-11,6.59907033374e-06,0.0319844708823,0.951644720164,0.015983976983
219,0.0782285653867,0.0114476616051,0.0140972827771,0.0115858846409,0.206770151281,0.00924543709616,0.0805346191122,0.151597691838,0.185049891662,0.0820912797296,0.0607320180377,0.108619516832,1,0.8,10,13,12,8,20,2.07283098026e-05,5.30644730948e-11,2.07283098026e-05,4.49884297476e-05,0.000119310390237,1.53822598636e-05,2.07283098026e-05,5.30644730948e-11,2.07283098026e-05,0.0319468786506,0.951803876722,0.015986650202
220,0.0121816733554,0.288668347527,0.0307444896289,0.177276521115,0.0720337570359,0.0723327208632,0.15150373461,0.00869731322162,0.103608423953,0.041725648528,0.0322764130893,0.00895095707283,1,0.8,10,13,12,8,20,0.00015488156261,3.96496800282e-10,0.00015488156261,0.00697627674347,0.00167503122704,0.00160629954002,0.00015488156261,3.96496800282e-10,0.00015488156261,0.0316105075524,0.941695489776,0.0158168681176
221,0.0161257418088,0.0647001240476,0.0376025687755,0.0457967318335,0.262951633012,0.017642134501,0.110437792362,0.00920511331365,0.109077544683,0.275570946473,0.00346227399938,0.0474273951901,1,0.8,10,13,12,8,20,3.97586912931e-05,1.0178224971e-10,3.97586912931e-05,0.000549742096177,0.00148032912792,9.54307295554e-05,3.97586912931e-05,1.0178224971e-10,3.97586912931e-05,0.031903782165,0.949857718692,0.0159539622204
222,0.00462191793924,0.0176730302919,0.0191838196049,0.229024360838,0.0350061796186,0.203630248071,0.0226000329882,0.138952248181,0.065383471283,0.173885064349,0.070419200815,0.0196204260194,1,0.8,10,13,12,8,20,6.65925118291e-05,1.70476830282e-10,6.65925118291e-05,0.00232457373113,0.00130126264439,0.000870563579677,6.65925118291e-05,1.70476830282e-10,6.65925118291e-05,0.0317986605244,0.947523807655,0.0159147614772
223,0.160695267786,0.0271874177004,0.0317782586468,0.222565159165,0.126498538589,0.0210534040037,0.0789946108191,0.00888577442673,0.119937779834,0.0443938760806,0.00352939178093,0.154480521167,1,0.8,10,13,12,8,20,1.64145227192e-06,4.20211781612e-12,1.64145227192e-06,3.09048690248e-05,1.47370614269e-05,1.0726987218e-05,1.64145227192e-06,4.20211781612e-12,1.64145227192e-06,0.0319763195289,0.951971283739,0.0159894619971
224,0.0202978470987,0.219762917927,0.11061915774,0.00197509710832,0.135596584749,0.182702140668,0.034369354841,0.0721603833218,0.0416513718031,0.0494005110867,0.0606876315861,0.0707770020694,1,0.8,10,13,12,8,20,4.90057645494e-06,1.25454757246e-11,4.90057645494e-06,1.85479212033e-05,3.5240349832e-05,2.40690414461e-05,4.90057645494e-06,1.25454757246e-11,4.90057645494e-06,0.0319934490669,0.951920482557,0.0159886087323
225,0.183689097915,0.249007723033,0.048060787314,0.00179205690717,0.0222893749911,0.069584969875,0.1813672926,0.0501303164122,0.0320245948271,0.0711998053953,0.00588970111743,0.084964279613,1,0.8,10,13,12,8,20,0.000204977091664,5.24741354661e-10,0.000204977091664,0.00941201159268,0.0135095100619,0.0022829975265,0.000204977091664,5.24741354661e-10,0.000204977091664,0.0311432365148,0.9272579618,0.0155743730877
226,0.0379541262283,0.107954809955,0.179080529039,0.0273638621398,0.110164142511,0.0090392185078,0.195239944321,0.0843856302621,0.0171586454815,0.14875587131,0.0556562472744,0.0272469729693,1,0.8,10,13,12,8,20,1.26614646466e-05,3.24133494952e-11,1.26614646466e-05,2.57587995051e-05,0.000380521107209,5.12297727629e-06,1.26614646466e-05,3.24133494952e-11,1.26614646466e-05,0.0319820375151,0.951573138983,0.0159827746941
227,0.0614164197509,0.0623754483233,0.0687314855453,0.118604048154,0.192774478169,0.0232711807023,0.134381587906,0.0300638479989,0.0388082814715,0.0127627586801,0.202327996264,0.0544824670346,1,0.8,10,13,12,8,20,1.55815745438e-05,3.98888308322e-11,1.55815745438e-05,7.11072442523e-05,0.000245823493189,1.88852187609e-05,1.55815745438e-05,3.98888308322e-11,1.55815745438e-05,0.0319160439237,0.951700893267,0.0159849204755
228,0.0880236437756,0.0178770444497,0.0359094945355,0.0292957032561,0.0557045757396,0.162027263171,0.039238167257,0.0440667595881,0.151512368746,0.186600672006,0.179017768723,0.0107265387521,1,0.8,10,13,12,8,20,3.5857371489e-06,9.17948710118e-12,3.5857371489e-06,3.65976993784e-05,3.04386164635e-05,7.01311783722e-05,3.5857371489e-06,9.17948710118e-12,3.5857371489e-06,0.0319511697482,0.951908905508,0.0159884142823
229,0.0298720360905,0.210553800494,0.115181014759,0.0846479015744,0.0924364907261,0.103528862915,0.102081272148,0.0948236607857,0.066026045793,0.0214359575082,0.0225079193575,0.0569050378488,1,0.8,10,13,12,8,20,0.000726982987297,1.86107644748e-09,0.000726982987297,0.0127658855967,0.0206991976751,0.00223102902918,0.000726982987297,1.86107644748e-09,0.000726982987297,0.0307616736682,0.915261401419,0.0153728769401
230,0.0120131163479,0.0599720458591,0.0895243617902,0.0362248752591,0.156102258996,0.0443833315887,0.0112117822613,0.149229235374,0.335688391583,0.00413263643892,0.0516062056589,0.049911758842,1,0.8,10,13,12,8,20,1.39513259333e-05,3.57153943892e-11,1.39513259333e-05,0.000313383112975,0.000907422615162,9.04184306993e-05,1.39513259333e-05,3.57153943892e-11,1.39513259333e-05,0.0319296338321,0.950734645412,0.0159686912219
231,0.20747358543,0.000983395165243,0.0448113439687,0.0497099439862,0.0405740680744,0.089510822346,0.244281447482,0.0927393157431,0.0845512641269,0.0248769502566,0.0299302856586,0.0905575777615,1,0.8,10,13,12,8,20,1.54318148041e-05,3.95054458986e-11,1.54318148041e-05,0.000105017325944,0.000334084326016,8.22600502524e-05,1.54318148041e-05,3.95054458986e-11,1.54318148041e-05,0.0319570818823,0.951478641577,0.0159811875005
232,0.15567875129,0.0465418902754,0.0036041324232,0.18578428351,0.0538951785039,0.0284622356824,0.163508291338,0.0991115928509,0.173476708666,0.00031244241133,0.0194103541318,0.0702141389167,1,0.8,10,13,12,8,20,2.19722988047e-05,5.62490849399e-11,2.19722988047e-05,0.000263252703105,0.00160648612901,0.000112397546332,2.19722988047e-05,5.62490849399e-11,2.19722988047e-05,0.0318602916718,0.950111458566,0.0159582240759
233,0.4235052798,0.013681600209,0.0821419366685,0.00574379825602,0.0769654905385,0.0422154064909,0.0246804469499,0.159645778379,0.133710237338,0.0158412154328,0.00205745905682,0.0198113508814,1,0.8,10,13,12,8,20,7.86624710583e-05,2.01375925909e-10,7.86624710583e-05,0.000185820877272,0.0005254138346,0.000262268542101,7.86624710583e-05,2.01375925909e-10,7.86624710583e-05,0.0319519788619,0.950790242557,0.0159696250404
234,0.0486720024326,0.0705079698435,0.164327919285,0.245562402814,0.0505795061013,0.179383836129,0.027296669239,0.0189715713092,0.0287112339186,0.0306559759959,0.107321525149,0.0280093877829,1,0.8,10,13,12,8,20,1.33165172979e-06,3.40902842826e-12,1.33165172979e-06,3.81341109915e-05,3.48491630366e-05,2.84767266804e-06,1.33165172979e-06,3.40902842826e-12,1.33165172979e-06,0.0319538269069,0.951975483004,0.0159895325286
235,0.10297113715,0.0309182140275,0.0864164627035,0.177019824922,0.0396295164172,0.0141213027873,0.0391703060306,0.0527148705049,0.0705712553612,0.135265650521,0.0192274796176,0.231973979957,1,0.8,10,13,12,8,20,2.80585154457e-06,7.18297995409e-12,2.80585154457e-06,3.29808197545e-05,0.000140173780654,9.76037692825e-06,2.80585154457e-06,7.18297995409e-12,2.80585154457e-06,0.0319497172972,0.951868410188,0.0159877341165
236,0.156279328675,0.0547927743104,0.0458664695712,0.0309136708596,0.271766499119,0.142464334149,0.132610207706,0.019088960296,0.00676875665918,0.0219197619071,0.085254316149,0.0322749205988,1,0.8,10,13,12,8,20,3.74349070973e-07,9.5833362169e-13,3.74349070973e-07,1.54905133455e-05,2.20276514219e-06,4.66916100149e-06,3.74349070973e-07,9.5833362169e-13,3.74349070973e-07,0.0319774543066,0.952008597137,0.0159900887189
237,0.0362600721366,0.112881712629,0.287731194542,0.11587202422,0.0242602569375,0.0728324220387,0.0374099120094,0.0352755746896,0.0944897272421,0.00371760181583,0.0148563940857,0.164413107654,1,0.8,10,13,12,8,20,0.000492179589139,1.2599797482e-09,0.000492179589139,0.0104955138428,0.0070170119894,0.00290632237138,0.000492179589139,1.2599797482e-09,0.000492179589139,0.0312415127406,0.930738092264,0.0156328259158
238,0.074431969635,0.0444009468769,0.142926141242,0.00884246403224,0.128701212114,0.011835550603,0.19034742711,0.111469109807,0.106475363132,0.13217100011,0.0349269236856,0.0134718916524,1,0.8,10,13,12,8,20,0.000338821491581,8.67383018446e-10,0.000338821491581,0.0104277632108,0.00482582381558,0.00665365376892,0.000338821491581,8.67383018446e-10,0.000338821491581,0.0312343169496,0.929884662973,0.0156184915808
239,0.0157606913615,0.0460822925208,0.000556747741435,0.191214317732,0.0615993719082,0.0589554911299,0.177640887307,0.236202456353,0.022161079998,0.0595220062851,0.059354599484,0.0709500581797,1,0.8,10,13,12,8,20,0.000350239908744,8.96614166386e-10,0.000350239908744,0.00514605462439,0.00655817092332,0.00140999503519,0.000350239908744,8.96614166386e-10,0.000350239908744,0.0314928658649,0.938233236565,0.0157587155587
240,0.00864804503177,0.0392848281184,0.0495546252189,0.134544620934,0.184839209465,0.0156691105167,0.046314743211,0.178617858509,0.055742294402,0.0408902092767,0.0897214823394,0.156172972977,1,0.8,10,13,12,8,20,6.55978648475e-07,1.6793053401e-12,6.55978648475e-07,3.42675983442e-06,6.17759818871e-06,9.95454622574e-07,6.55978648475e-07,1.6793053401e-12,6.55978648475e-07,0.031996735261,0.952000095091,0.0159899459172
241,0.0949547548275,0.0163578023854,0.0435608036727,0.121428129109,0.129535302355,0.0116211833828,0.0659739968306,0.137714886752,0.0193746569079,0.0802451038122,0.165295985757,0.113937394209,1,0.8,10,13,12,8,20,0.000146723880189,3.75613133284e-10,0.000146723880189,0.00170687187425,0.00154464813721,0.000339289673681,0.000146723880189,3.75613133284e-10,0.000146723880189,0.0318449820799,0.94805365115,0.0159236608133
242,0.00348611749419,0.0203418788992,0.0770831073191,0.00741563589097,0.172845033238,0.257596920438,0.10296967544,0.00804247460816,0.00395852937378,0.247012789809,0.032829470984,0.0664183665062,1,0.8,10,13,12,8,20,3.53273821732e-05,9.04380983634e-11,3.53273821732e-05,0.00112711387033,0.000509316729895,0.000113636329044,3.53273821732e-05,9.04380983634e-11,3.53273821732e-05,0.0318941855958,0.950253822522,0.0159606152437
243,0.0184064727843,0.0207551691547,0.108200907552,0.410877447717,0.0062444095387,0.0226273662417,0.168457456081,0.0185850148505,0.0640726192559,0.000713105617276,0.0479062802591,0.113153750947,1,0.8,10,13,12,8,20,1.35183802244e-05,3.46070533746e-11,1.35183802244e-05,9.36122258171e-05,0.000293116532644,4.76065850122e-05,1.35183802244e-05,3.46070533746e-11,1.35183802244e-05,0.0319619719214,0.951566948429,0.0159826707165
244,0.0312611901538,0.046875589285,0.0537112540483,0.0735572559541,0.1805809783,0.00996671846277,0.068521516407,0.0750349868171,0.0860053806878,0.162440273146,0.0756725800975,0.136372276641,1,0.8,10,13,12,8,20,1.48139927121e-06,3.7923821343e-12,1.48139927121e-06,5.26305594654e-05,5.7305867356e-05,5.15005886329e-06,1.48139927121e-06,3.7923821343e-12,1.48139927121e-06,0.0319514039085,0.951938669793,0.015988914208
245,0.122896484253,0.055618114995,0.00300415300397,0.0326800017946,0.0326361089063,0.0702524234913,0.0385109145137,0.245689405733,0.0514759716794,0.117455527717,0.195255219679,0.0345256742346,1,0.8,10,13,12,8,20,5.70383810761e-06,1.46018255555e-11,5.70383810761e-06,2.93138013179e-05,0.000113434850105,5.0534228208e-06,5.70383810761e-06,1.46018255555e-11,5.70383810761e-06,0.0319725826585,0.95186905494,0.0159877449458
246,0.0650855137325,0.0554924025058,0.00857687020832,0.00136578631176,0.0888607008867,0.341818308969,0.0275952003834,0.18630676361,0.06307131041,0.0949118980272,0.0471601538483,0.0197550911072,1,0.8,10,13,12,8,20,7.9599972679e-06,2.03775930058e-11,7.9599972679e-06,0.000183149129163,0.000503807569093,5.76499161264e-05,7.9599972679e-06,2.03775930058e-11,7.9599972679e-06,0.0319691121308,0.951276646467,0.0159777947583
247,0.289808494359,0.0256527258238,0.0116293221009,0.0194837494936,0.00645079581049,0.0589089056056,0.091790061823,0.0556781859123,0.004134486678,0.0745977461969,0.0506309368646,0.311234589332,1,0.8,10,13,12,8,20,1.32835207373e-07,3.40058130874e-13,1.32835207373e-07,5.95152385999e-05,2.02411820095e-06,1.36159467621e-06,1.32835207373e-07,3.40058130874e-13,1.32835207373e-07,0.03192687389,0.952019423261,0.0159902705562
248,0.166323490039,0.0259348172356,0.00214652507395,0.107443001178,0.0170751692875,0.0901866577972,0.064577245593,0.0099665068521,0.0691644784932,0.060621225772,0.208475023998,0.178085858682,1,0.8,10,13,12,8,20,3.50565897156e-06,8.97448696718e-12,3.50565897156e-06,8.37357128475e-05,0.000157036866563,2.27496160479e-05,3.50565897156e-06,8.97448696718e-12,3.50565897156e-06,0.0319414608276,0.951794501587,0.0159864927358
249,0.145002338731,0.0415804022926,0.0163462075062,0.0285931968926,0.12313310305,0.120569464619,0.0321519231547,0.0121091159854,0.0887270454386,0.141491660063,0.0202011133593,0.230094428909,1,0.8,10,13,12,8,20,4.89094019111e-06,1.25208068892e-11,4.89094019111e-06,6.36084600672e-05,7.80948988783e-05,6.06267501902e-05,4.89094019111e-06,1.25208068892e-11,4.89094019111e-06,0.0319485046475,0.951842305795,0.0159872956629
250,0.313375150046,0.0396586193995,0.0617338603914,0.120786429642,0.0882899694027,0.019255910385,0.00277322517356,0.164242117962,0.024531440649,0.12796000809,0.00846299597898,0.028930272879,1,0.8,10,13,12,8,20,2.60702205884e-06,6.67397647063e-12,2.60702205884e-06,4.77029977905e-05,6.25658205236e-05,2.26168017181e-05,2.60702205884e-06,6.67397647063e-12,2.60702205884e-06,0.0319742625064,0.951894255553,0.0159881682193
251,0.16802691082,0.198653331409,0.0357158531892,0.0844626029879,0.0270512323045,0.0739068213003,0.0139240533049,0.0233449501309,0.0288411437642,0.180017773129,0.0511949306846,0.114860396976,1,0.8,10,13,12,8,20,2.4897192443e-05,6.37368126541e-11,2.4897192443e-05,0.000706042275421,0.000285804809864,8.1765768639e-05,2.4897192443e-05,6.37368126541e-11,2.4897192443e-05,0.0318896985086,0.950964547054,0.0159725526866
252,0.00216585537841,0.043904065522,0.245387881431,0.0154738863628,0.0969193652022,0.052371328964,0.104151340329,0.0249200931253,0.041658864906,0.11037467993,0.166673812787,0.0959988260612,1,0.8,10,13,12,8,20,0.000104278327705,2.66952518924e-10,0.000104278327705,0.00446320477551,0.00313801462003,7.80137800246e-05,0.000104278327705,2.66952518924e-10,0.000104278327705,0.0316978807184,0.944344412415,0.015861359846
253,0.0165987160076,0.0369581957928,0.278051622641,0.188466786014,0.0318362110063,0.151620520841,0.0741912727167,0.0207607318165,0.0113585387474,0.0357413805322,0.0435010277754,0.110914996109,1,0.8,10,13,12,8,20,1.41539269763e-07,3.62340530593e-13,1.41539269763e-07,8.66417844413e-07,1.44393558884e-06,7.91304409912e-07,1.41539269763e-07,3.62340530593e-13,1.41539269763e-07,0.0319970553873,0.952009178317,0.0159900984805
254,0.0591440839632,0.261236280989,0.015991154634,0.00775657716261,0.0961664671971,0.0797086965175,0.0682642088224,0.173448611249,0.14715036636,0.00403222308697,0.0583188871681,0.0287824428504,1,0.8,10,13,12,8,20,0.000929932878318,2.38062816849e-09,0.000929932878318,0.0130034304789,0.0222101351059,0.00545723352267,0.000929932878318,2.38062816849e-09,0.000929932878318,0.0305373363665,0.909791130851,0.0152809974004
255,0.0584316734271,0.068367945164,0.110868673678,0.106258005059,0.0770651669181,0.115092871558,0.0941518930954,0.142682202716,0.00287552706661,0.0417123289732,0.141854413246,0.0406392990991,1,0.8,10,13,12,8,20,5.72237402001e-07,1.46492774912e-12,5.72237402001e-07,5.5932244876e-05,2.56408586114e-05,5.00928986942e-06,5.72237402001e-07,1.46492774912e-12,5.72237402001e-07,0.0319745069772,0.951947558178,0.0159890634988
256,0.0636872350653,0.0139756937263,0.191771088728,0.0670508629166,0.0358242306765,0.290338906564,0.0653096351816,0.0266549346225,0.177339328542,0.0496138848995,0.0145191339934,0.0039150650847,1,0.8,10,13,12,8,20,0.000623942203936,1.59729204208e-09,0.000623942203936,0.0133128063583,0.0298356301102,0.00110001693117,0.000623942203936,1.59729204208e-09,0.000623942203936,0.0304365417724,0.907575450342,0.015243782476
257,0.0752468545787,0.0741215231124,0.0494870429835,0.0369287673005,0.0801297682664,0.00119271930523,0.0284202713336,0.35996279602,0.0529532510987,0.00383247793046,0.0665905669059,0.171133961164,1,0.8,10,13,12,8,20,1.12902683856e-05,2.89030870672e-11,1.12902683856e-05,0.000167919395186,0.00054411471699,1.4570604398e-05,1.12902683856e-05,2.89030870672e-11,1.12902683856e-05,0.0319022648146,0.951346993027,0.0159789763104
258,0.0138427870018,0.0483725332665,0.00170799085475,0.0328812062265,0.118737897518,0.0245449730777,0.0257217756162,0.00338771604769,0.128820647661,0.0588378818416,0.248767227178,0.29437736371,1,0.8,10,13,12,8,20,1.83149310773e-06,4.6886223558e-12,1.83149310773e-06,5.0567977816e-05,6.71151603034e-05,1.85761520542e-05,1.83149310773e-06,4.6886223558e-12,1.83149310773e-06,0.0319733810034,0.95189485543,0.015988178295
259,0.202773104765,0.020986579207,0.140928108126,0.178350171501,0.0232741208894,0.000341473812447,0.00104354851604,0.225284907409,0.039280098128,0.0473905046812,0.00674752487139,0.113599858095,1,0.8,10,13,12,8,20,0.000636103537688,1.62842505648e-09,0.000636103537688,0.0228852876544,0.00306376178582,0.0110234494303,0.000636103537688,1.62842505648e-09,0.000636103537688,0.0307321110578,0.914392686794,0.0153582858702
260,0.0621339480734,0.0758836081909,0.0607412560382,0.229804672308,0.100536557832,0.0456673692417,0.0510583930444,0.0429632227243,0.189845227704,0.0546320188516,0.035473906049,0.0512598199425,1,0.8,10,13,12,8,20,1.3189266904e-06,3.37645232742e-12,1.3189266904e-06,1.34764425267e-05,1.20108181341e-05,3.78562180751e-05,1.3189266904e-06,3.37645232742e-12,1.3189266904e-06,0.0319945953555,0.951947719248,0.0159890662041
261,0.107318145193,0.0188663006873,0.114291610316,0.0125956103728,0.0852135216215,0.0146428806903,0.0401861177507,0.123222056761,0.0174461028902,0.382740067722,0.0753839356054,0.00809365039107,1,0.8,10,13,12,8,20,1.10536363953e-06,2.82973091719e-12,1.10536363953e-06,6.9865229126e-06,1.06450305521e-05,3.54471669599e-05,1.10536363953e-06,2.82973091719e-12,1.10536363953e-06,0.0319952842361,0.951957977087,0.0159892384964
262,0.0137458624188,0.0885407457269,0.232375032727,0.00131257777267,0.181419184483,0.0044704602648,0.0670679490613,0.0609238979933,0.0311703601119,0.0719214306528,0.0858779120922,0.161174586695,1,0.8,10,13,12,8,20,7.04500229387e-05,1.80352058723e-10,7.04500229387e-05,0.000792141811142,0.00168054145578,5.26008842719e-05,7.04500229387e-05,1.80352058723e-10,7.04500229387e-05,0.0319067555551,0.949340878551,0.0159452812907
263,0.0294955332232,0.0502624967258,0.0183229018087,0.154170082592,0.00155366006216,0.0300892659852,0.106392935274,0.126240049909,0.0607351487878,0.356501942114,0.0116864585641,0.0545495249539,1,0.8,10,13,12,8,20,1.18558086259e-06,3.03508700824e-12,1.18558086259e-06,7.02600151382e-06,8.86363209414e-05,1.33185941449e-06,1.18558086259e-06,3.03508700824e-12,1.18558086259e-06,0.0319934249562,0.95191630005,0.0159885384823
264,0.128483290869,0.122754878847,0.124180271818,0.0114294814753,0.0226257563378,0.0212304624572,0.0810721113964,0.217195108735,0.0941217634377,0.0528161815073,0.0124762184334,0.111614474685,1,0.8,10,13,12,8,20,1.66532630537e-05,4.26323534174e-11,1.66532630537e-05,0.000141372175376,0.000158740957379,0.000133892675308,1.66532630537e-05,4.26323534174e-11,1.66532630537e-05,0.0319780319586,0.951539145364,0.0159822037318
265,0.0950335652877,0.0357533046169,0.0475687514091,0.166092454354,0.00645418736406,0.104726140092,0.00748044216929,0.170980497259,0.0655521438084,0.0802090370735,0.134432312379,0.0857171641864,1,0.8,10,13,12,8,20,6.1220353098e-06,1.56724103931e-11,6.1220353098e-06,0.000131375457992,1.77855055124e-05,8.88429269666e-05,6.1220353098e-06,1.56724103931e-11,6.1220353098e-06,0.031886404481,0.951863452608,0.0159876508482
266,0.173585333952,0.00618280860495,0.228576742934,0.109875360166,0.00807592355241,0.0411050052568,0.197975871624,0.00961291799118,0.0960328566523,0.0974447556074,0.00797707739496,0.0235553462634,1,0.8,10,13,12,8,20,6.75190153673e-06,1.7284867934e-11,6.75190153673e-06,8.33390824323e-05,0.000179733223494,3.46849777054e-05,6.75190153673e-06,1.7284867934e-11,6.75190153673e-06,0.0319175501414,0.951771577239,0.0159861076948
267,0.119469964179,0.0862547534111,0.164513090165,0.0483094981981,0.0349438998797,0.0181514180286,0.0171985826099,0.158173520506,0.0146387353583,0.172605004739,0.00368505587175,0.162056477053,1,0.8,10,13,12,8,20,1.42699901177e-05,3.65311747012e-11,1.42699901177e-05,1.73754126724e-05,0.000124995579442,5.26866740626e-06,1.42699901177e-05,3.65311747012e-11,1.42699901177e-05,0.0319719514462,0.951836136813,0.0159871920477
268,0.0272166542755,0.154995858092,0.0339292837931,0.107950978655,0.029007949318,0.107941010983,0.227535044898,0.00249630649536,0.0604043440057,0.039968404354,0.0123584474075,0.196195717723,1,0.8,10,13,12,8,20,3.83046264595e-06,9.80598437364e-12,3.83046264595e-06,2.40972987405e-05,8.86789039696e-05,5.39155251239e-06,3.83046264595e-06,9.80598437364e-12,3.83046264595e-06,0.0319741363133,0.951904041476,0.0159883325853
269,0.000478147983239,0.00477963580628,0.0401724381714,0.109333004627,0.0127316878174,0.0217193340149,0.0229664099539,0.0270472887955,0.154104720093,0.175159390425,0.26111293334,0.170395008972,1,0.8,10,13,12,8,20,1.38170952807e-07,3.53717639185e-13,1.38170952807e-07,3.12357246892e-05,1.97214074724e-06,2.49776198375e-06,1.38170952807e-07,3.53717639185e-13,1.38170952807e-07,0.0319554754927,0.952018019222,0.0159902469737
270,0.0428305935078,0.00494950892749,0.0762713563381,0.0105000314262,0.0348292290556,0.162809171467,0.0653179282944,0.073305453279,0.196659974833,0.140865441783,0.178504876397,0.0131564346917,1,0.8,10,13,12,8,20,1.29273890742e-05,3.30941160298e-11,1.29273890742e-05,2.21983724636e-05,0.00045639901521,3.1010693823e-05,1.29273890742e-05,3.30941160298e-11,1.29273890742e-05,0.0319604907874,0.951496700684,0.0159814908242
271,0.0329858777903,0.0537384015171,0.116568005825,0.0430505776656,0.0235848049787,0.0237241387667,0.0461740133414,0.216182809317,0.153849052622,0.0623675061743,0.120914742686,0.106860069316,1,0.8,10,13,12,8,20,1.43623703541e-05,3.67676681064e-11,1.43623703541e-05,9.74484268675e-05,0.000671002458906,4.74860466237e-05,1.43623703541e-05,3.67676681064e-11,1.43623703541e-05,0.031900631412,0.95124865745,0.0159773246503
272,0.0236285445473,0.101144095038,0.00919794308371,0.0346550926041,0.0954749999662,0.0985888477945,0.0040958486689,0.0353499421352,0.078594391579,0.326257446919,0.133252985162,0.0597598625023,1,0.8,10,13,12,8,20,1.96897787936e-05,5.04058337117e-11,1.96897787936e-05,0.000266882556886,0.000737692037192,8.62658675032e-05,1.96897787936e-05,5.04058337117e-11,1.96897787936e-05,0.0319411770716,0.950917461422,0.0159717618288
273,0.0970324954309,0.000288263570442,0.20749469654,0.0649136968148,0.0754878886804,0.12844890814,0.0767983924912,0.0260335096826,0.157038585796,0.0579319397854,0.0656834630263,0.0428481600415,1,0.8,10,13,12,8,20,3.59016043322e-05,9.19081070903e-11,3.59016043322e-05,0.00034431657227,0.000440617602054,0.000185889218454,3.59016043322e-05,9.19081070903e-11,3.59016043322e-05,0.0319391229167,0.950973739997,0.0159727070928
274,0.023649720478,0.113874641653,0.0126925196163,0.00980048846825,0.19451358824,0.0600452454994,0.165490671175,0.0317484233031,0.120142922057,0.012092497293,0.131941067136,0.124008215081,1,0.8,10,13,12,8,20,1.36693532011e-06,3.49935441947e-12,1.36693532011e-06,1.72981331143e-05,7.6928572551e-06,5.12439226121e-06,1.36693532011e-06,3.49935441947e-12,1.36693532011e-06,0.0319773264627,0.951997193229,0.015989897177
275,0.13865812497,0.0303370519717,0.087462904484,0.0957111187317,0.02917939148,0.0468797943073,0.137611685253,0.0799080657699,0.10920270947,0.167223627545,0.0526150968631,0.0252104291531,1,0.8,10,13,12,8,20,2.30415442003e-06,5.89863531528e-12,2.30415442003e-06,3.42771371652e-05,4.11576484294e-05,6.00585523795e-05,2.30415442003e-06,5.89863531528e-12,2.30415442003e-06,0.0319742594355,0.951892885391,0.0159881452059
276,0.00671918526507,0.0110454560961,0.248410660992,0.162362508128,0.0551404929247,0.0712475383975,0.000251833417942,0.200273690855,0.0667092909536,0.138396568138,0.0299643184598,0.00947845637251,1,0.8,10,13,12,8,20,8.79648089787e-06,2.25189910985e-11,8.79648089787e-06,3.30425528443e-06,0.000201571783262,1.22007201117e-05,8.79648089787e-06,2.25189910985e-11,8.79648089787e-06,0.0319887597725,0.951772848454,0.0159861290463
277,0.046180507326,0.0207616591431,0.0517467078743,0.00557060531238,0.189286469392,0.309977857203,0.125498943462,0.0127374094606,0.0661222562512,0.0139831479312,0.151645536212,0.00648890043189,1,0.8,10,13,12,8,20,2.40174567189e-06,6.14846892005e-12,2.40174567189e-06,3.0593815624e-05,7.88821971608e-05,7.06674233967e-06,2.40174567189e-06,6.14846892005e-12,2.40174567189e-06,0.0319737803237,0.951911610215,0.015988459711
278,0.0002246937831,0.080192466678,0.0510287276024,0.0346059601524,0.0405714725104,0.0455935936584,0.278562333957,0.00809121638897,0.0812131983077,0.0972709426129,0.147499482758,0.135145911591,1,0.8,10,13,12,8,20,3.57562428761e-05,9.15359817627e-11,3.57562428761e-05,0.00195190399755,0.000171997081067,0.00127168820361,3.57562428761e-05,9.15359817627e-11,3.57562428761e-05,0.0318813007128,0.948646467007,0.0159336178433
279,0.00346457790925,0.0139480783469,0.0498816603235,0.0291190317084,0.00591575524174,0.0877369954738,0.11903140515,0.134884750758,0.263088291977,0.0265334430872,0.0826798134099,0.183716196614,1,0.8,10,13,12,8,20,2.61917364602e-06,6.7050845338e-12,2.61917364602e-06,5.6337601698e-05,1.63911379191e-05,2.5099175094e-05,2.61917364602e-06,6.7050845338e-12,2.61917364602e-06,0.0319738429319,0.95192909899,0.0159887534553
280,0.0151078976826,0.157327473738,0.00846787359909,0.0657152710599,0.10602884819,0.00155222347206,0.287931798399,0.0209689405671,0.0731226970342,0.177223651011,0.019366021695,0.0671873035525,1,0.8,10,13,12,8,20,3.70391006087e-06,9.48200975582e-12,3.70391006087e-06,3.18832347181e-05,1.66620793586e-05,6.21061117039e-05,3.70391006087e-06,9.48200975582e-12,3.70391006087e-06,0.0319525275264,0.951933183332,0.0159888220566
281,0.169847068871,0.096419912074,0.115264231731,0.00772958426793,0.000176463724249,0.0687470886781,0.0442225054145,0.120080736903,0.00899411151119,0.0501754864498,0.283535718626,0.0348070917495,1,0.8,10,13,12,8,20,5.68313711012e-06,1.45488310019e-11,5.68313711012e-06,6.74484624175e-05,0.00049834095635,5.57023159545e-06,5.68313711012e-06,1.45488310019e-11,5.68313711012e-06,0.0319360973201,0.951488458072,0.0159813523799
282,0.0137252998524,0.258889849197,0.057053687165,0.00481417028761,0.158338395575,0.0194298888503,0.0804534257884,0.0912227762417,0.0283433638083,0.0350259652074,0.107135272908,0.145567905119,1,0.8,10,13,12,8,20,6.143845387e-06,1.57282441907e-11,6.143845387e-06,4.74239297426e-05,6.27561303063e-05,2.6549903208e-05,6.143845387e-06,1.57282441907e-11,6.143845387e-06,0.0319727847861,0.951878014407,0.0159878954305
283,0.0556897949029,0.0230000967167,0.126876730195,0.0813718851636,0.0207373298483,0.0990828866542,0.104287148765,0.0644035814221,0.131225678137,0.109760607379,0.101600170076,0.0819640907395,1,0.8,10,13,12,8,20,8.50711820921e-06,2.17782226156e-11,8.50711820921e-06,9.36259295005e-06,0.000162574682554,2.49188718918e-06,8.50711820921e-06,2.17782226156e-11,8.50711820921e-06,0.0319897404588,0.951814965413,0.0159868364495
284,0.047258953834,0.0961861687231,0.309012605603,0.0291167903788,0.0204374928148,0.0405137477988,0.0742735444843,0.00623146847832,0.0754818300115,0.0383064929932,0.256291966366,0.00688893851386,1,0.8,10,13,12,8,20,2.3595853553e-05,6.04053850957e-11,2.3595853553e-05,2.30261243547e-05,0.000918199815011,0.000196306890924,2.3595853553e-05,6.04053850957e-11,2.3595853553e-05,0.031939447213,0.950857875409,0.0159707610126
285,0.025780067472,0.00795296901506,0.0631277031685,0.0654225246413,0.00312087902876,0.117114719701,0.0132112432664,0.0261317340779,0.0997273499221,0.0803250465359,0.350719214602,0.147366548569,1,0.8,10,13,12,8,20,1.43690064496e-06,3.67846565111e-12,1.43690064496e-06,1.66606204303e-05,7.15642514275e-05,4.02287087784e-06,1.43690064496e-06,3.67846565111e-12,1.43690064496e-06,0.0319751101897,0.95193799164,0.0159889028177
286,0.113241811773,0.0221480149438,0.0268580759635,0.0171048981472,0.228363970126,0.048393038876,0.0541904252278,0.0587453083905,0.0181397268502,0.139425509398,0.261968147791,0.011421072512,1,0.8,10,13,12,8,20,5.12371059184e-05,1.31166991151e-10,5.12371059184e-05,0.00144159615297,0.00151029354413,2.48388958868e-05,5.12371059184e-05,1.31166991151e-10,5.12371059184e-05,0.0318276580626,0.949050264567,0.0159404000917
287,0.0869555275692,0.223869001811,0.00750786728829,0.00613894097907,0.128022058218,0.152607642913,0.0916824985241,0.0347775299463,0.0845132215952,0.0649106020637,0.0184517864593,0.100563322632,1,0.8,10,13,12,8,20,3.28797217684e-06,8.41720877272e-12,3.28797217684e-06,2.58908995636e-05,2.5492785821e-05,2.40920527138e-05,3.28797217684e-06,8.41720877272e-12,3.28797217684e-06,0.0319758461236,0.951946480829,0.0159890454034
288,0.00159467085634,0.0582291336149,0.162710131818,0.0104890125753,0.0266936440275,0.00298199995776,0.166002725143,0.162823934218,0.0471388879603,0.129426706274,0.103238486989,0.128670666566,1,0.8,10,13,12,8,20,8.671693049e-06,2.21995342054e-11,8.671693049e-06,4.52915108859e-05,7.02578231863e-05,1.59665861787e-05,8.671693049e-06,2.21995342054e-11,8.671693049e-06,0.0319725778509,0.951873401462,0.0159878179507
289,0.0112871752376,0.033633466081,0.0266843946279,0.15040687136,0.0408134465039,0.0561984492077,0.0122746305023,0.267322102167,0.0330582987352,0.183003682813,0.150113371977,0.0352041107874,1,0.8,10,13,12,8,20,9.71776896955e-07,2.4877488562e-12,9.71776896955e-07,2.05036745872e-05,1.07190705064e-05,4.87557855464e-06,9.71776896955e-07,2.4877488562e-12,9.71776896955e-07,0.0319773007569,0.951992888926,0.0159898248813
290,0.133125311152,0.0707992314135,0.0113588896255,0.139329838552,0.0137044701717,0.125778666553,0.0226385072931,0.188752844736,0.0691184612628,0.0495008989026,0.140666700545,0.0352261797927,1,0.8,10,13,12,8,20,5.91414187458e-05,1.51402031989e-10,5.91414187458e-05,0.00249159236817,0.000926759360554,0.000476569766467,5.91414187458e-05,1.51402031989e-10,5.91414187458e-05,0.0318383606064,0.948105618259,0.0159245336612
291,0.0381909865101,0.0938898412175,0.0214687518507,0.249601610969,0.027922043871,0.0305748175855,0.107231536392,0.0352165432096,0.308571465409,0.0474476678193,0.0344337707179,0.00545096444878,1,0.8,10,13,12,8,20,3.63814425414e-05,9.3136492906e-11,3.63814425414e-05,0.000176029571535,0.00154370388082,0.000109264884898,3.63814425414e-05,9.3136492906e-11,3.63814425414e-05,0.0319282042378,0.950138591661,0.0159586798077
292,0.0416573412418,0.0146741102366,0.00119308133789,0.0390161791925,0.0181828394724,0.134663409142,0.0986813299065,0.0798214451454,0.113101370283,0.174563179192,0.199872536437,0.0845731784125,1,0.8,10,13,12,8,20,4.08867384452e-07,1.0467005042e-12,4.08867384452e-07,7.80274126862e-05,1.67652820217e-05,2.33031832278e-06,4.08867384452e-07,1.0467005042e-12,4.08867384452e-07,0.0319258324871,0.951985704812,0.0159897042157
293,0.0745451483749,0.0524171639057,0.228409238676,0.0644579713652,0.0708093693746,0.0112977766844,0.00108069514299,0.0913566805875,0.00260949857814,0.169148273968,0.172559699638,0.0613084837044,1,0.8,10,13,12,8,20,5.18826017571e-05,1.32819460498e-10,5.18826017571e-05,0.00032592807784,0.000939611832148,5.95901986994e-05,5.18826017571e-05,1.32819460498e-10,5.18826017571e-05,0.0319295668671,0.950571816038,0.0159659563137
294,0.234496689532,0.0294113732379,0.17170588016,0.146689384122,0.00667152940104,0.177331531858,0.042413606607,0.0761239241131,0.0454829158391,0.0159938427345,0.0386147459666,0.0150645764296,1,0.8,10,13,12,8,20,7.4871529915e-06,1.91671116582e-11,7.4871529915e-06,6.24794784748e-05,0.000297976059676,9.30641262533e-05,7.4871529915e-06,1.91671116582e-11,7.4871529915e-06,0.031979465833,0.9515546025,0.0159824633523
295,0.192278117709,0.141586718874,0.0114777741479,0.0483656308515,0.039035153101,0.119585876888,0.0975344487407,0.0398658416303,0.00117976740431,0.224816422181,0.00473124118031,0.0795430072918,1,0.8,10,13,12,8,20,2.79850360308e-06,7.16416922387e-12,2.79850360308e-06,0.000204065069934,7.51411030494e-05,5.18486787865e-05,2.79850360308e-06,7.16416922387e-12,2.79850360308e-06,0.031944717967,0.951727663048,0.015985370105
296,0.125151756299,0.170565983581,0.187666141546,0.0254779462361,0.00266772009554,0.108199631005,0.0237719832162,0.0315481387595,0.0603783462495,0.0134183938272,0.027023061934,0.224130897252,1,0.8,10,13,12,8,20,9.22067223409e-08,2.36049209193e-13,9.22067223409e-08,1.45155129544e-05,9.6128320107e-07,9.39820943178e-07,9.22067223409e-08,2.36049209193e-13,9.22067223409e-08,0.0319777485722,0.952015265266,0.0159902007178
297,0.111034433889,0.0408542898842,0.0840466782585,0.188634521625,0.108863141816,0.0142022069539,0.0451066778088,0.0445585422326,0.0668520336014,0.0963808044009,0.155615601664,0.0438510678661,1,0.8,10,13,12,8,20,0.000204630744987,5.23854707166e-10,0.000204630744987,0.00166900425158,0.00145467940643,0.000218364085697,0.000204630744987,5.23854707166e-10,0.000204630744987,0.0318454616447,0.948070030658,0.0159239359261
298,0.0249819228982,0.316793808398,0.134267683748,0.00391751447267,0.0018347147946,0.050035819185,0.00204194945968,0.141485226644,0.00464791774646,0.30019079398,0.00156710898452,0.0182355396893,1,0.8,10,13,12,8,20,9.42061975125e-05,2.41167865632e-10,9.42061975125e-05,0.00139411554277,0.00182209816873,0.000541163824643,9.42061975125e-05,2.41167865632e-10,9.42061975125e-05,0.0318646011815,0.948077140663,0.0159240553469
299,0.0115710643651,0.128021960431,0.0417588166898,0.0940356685516,0.0214560354068,0.0536978282575,0.077094828424,0.15508957594,0.000528564733914,0.189569213487,0.126985133714,0.10019131,1,0.8,10,13,12,8,20,5.79709895206e-06,1.48405733173e-11,5.79709895206e-06,2.38478642453e-05,0.000216947644853,3.5642474185e-05,5.79709895206e-06,1.48405733173e-11,5.79709895206e-06,0.0319685018545,0.951746190443,0.0159856812941
300,0.0312945092027,0.0483816805805,0.0794318996907,0.123124670729,0.258832066628,0.101930303524,0.0460314411061,0.0130435949378,0.1328341225,0.0613226888944,0.0280844989474,0.075688523258,1,0.8,10,13,12,8,20,0.000369666379104,9.46345930507e-10,0.000369666379104,0.0151709756931,0.0139418922458,0.00132927240502,0.000369666379104,9.46345930507e-10,0.000369666379104,0.0309578114949,0.921641345255,0.0154800354975
301,0.0897577923005,0.0585351832286,0.065678179897,0.0187559694372,0.00790022182816,0.281287914071,0.0216428092622,0.286554141555,0.063884003617,0.057851205607,0.046074215148,0.00207836404779,1,0.8,10,13,12,8,20,0.000108341843775,2.77355120064e-10,0.000108341843775,0.000219994702068,0.00394320266176,0.000396208169275,0.000108341843775,2.77355120064e-10,0.000108341843775,0.0317339771373,0.947361218791,0.0159120306086
302,0.0612994800791,0.0810537249821,0.0285801177405,0.19492779014,0.0750194481837,0.00347455670265,0.118631644311,0.12116155062,0.15836629029,0.120989112204,0.0272941654485,0.00920211929913,1,0.8,10,13,12,8,20,9.15755092162e-06,2.34433303593e-11,9.15755092162e-06,9.57739668973e-05,0.000419912560284,2.27498306782e-05,9.15755092162e-06,2.34433303593e-11,9.15755092162e-06,0.031976997225,0.951466945122,0.015980991045
303,0.0319643682927,0.0918120563309,0.345882318748,0.133736633415,0.117916305581,0.000554595329192,0.00488926334999,0.0463804500694,0.132485606835,0.00234370007127,0.0702440395407,0.0217906624374,1,0.8,10,13,12,8,20,0.000840895396114,2.15269221405e-09,0.000840895396114,0.0487412837384,0.0315076757922,0.00544502150223,0.000840895396114,2.15269221405e-09,0.000840895396114,0.0291473182539,0.867228997819,0.014566117004
304,0.0667805188149,0.179999226536,0.0815537052445,0.196571668227,0.0246428395364,0.0213753521774,0.064834528553,0.119492667162,0.00981524129697,0.000568703498537,0.225341128791,0.00902442016254,1,0.8,10,13,12,8,20,1.83240753238e-05,4.6909632829e-11,1.83240753238e-05,5.0825422432e-05,0.000485764075796,3.57594606846e-05,1.83240753238e-05,4.6909632829e-11,1.83240753238e-05,0.0319563586075,0.95141782994,0.0159801660985
305,0.090855784365,0.0102053039549,0.104667152766,0.0101632354251,0.0139007372197,0.209206792075,0.0359036944764,0.0263262214266,0.00881910406065,0.0797351000601,0.358234176153,0.0519826980167,1,0.8,10,13,12,8,20,2.84568011759e-06,7.28494110103e-12,2.84568011759e-06,4.15408226966e-05,0.000146870766511,1.69517820593e-05,2.84568011759e-06,7.28494110103e-12,2.84568011759e-06,0.0319709646879,0.951825279519,0.0159870096868
306,0.031354394349,0.0926362090785,0.110110834874,0.0798111045393,0.0762090661344,0.00532986211977,0.131318536045,0.133116719037,0.025345277447,0.0995326073942,0.133830963645,0.0814044253367,1,0.8,10,13,12,8,20,1.06815784215e-05,2.73448407591e-11,1.06815784215e-05,7.05027616016e-05,0.000133118328502,0.000146759022466,1.06815784215e-05,2.73448407591e-11,1.06815784215e-05,0.0319641257599,0.951658558348,0.0159842094114
307,0.0754721058874,0.0469005960646,0.0828425249882,0.156249345001,0.0873064923861,0.0423329912753,0.105085694799,0.077314276951,0.0274366557659,0.0141425673011,0.255185695957,0.0297310536231,1,0.8,10,13,12,8,20,5.42674790217e-06,1.38924746295e-11,5.42674790217e-06,1.36903894934e-05,0.000219602648886,2.39806124062e-05,5.42674790217e-06,1.38924746295e-11,5.42674790217e-06,0.0319877613062,0.95174755383,0.0159857041937
308,0.07692108898,0.0557812520528,0.186415500769,0.0341759579042,0.130552330834,0.108900157205,0.0348511924523,0.018232518508,0.0455202066411,0.0503822203461,0.131399335252,0.126868239055,1,0.8,10,13,12,8,20,7.45007572209e-06,1.90721938486e-11,7.45007572209e-06,6.53704497603e-05,0.000101200500401,6.63478672685e-05,7.45007572209e-06,1.90721938486e-11,7.45007572209e-06,0.0319693145944,0.951781688718,0.0159862775288
309,0.0624843569174,0.0634390933681,0.00654652077325,0.0157065884461,0.121966406441,0.391519586161,0.134158755284,0.0187515797978,0.0229043417955,0.0248240300184,0.0382652207258,0.099433520272,1,0.8,10,13,12,8,20,0.000149506242657,3.82735981202e-10,0.000149506242657,0.00518302991873,0.00274976485411,0.000539442782684,0.000149506242657,3.82735981202e-10,0.000149506242657,0.0317021207742,0.943382413968,0.0158452019662
310,0.0928965570825,0.0315162443887,0.100769029626,0.131957092012,0.0143372459635,0.0419473218509,0.0195345439348,0.221201758429,0.145310997999,0.000642609995018,0.0319521356881,0.16793446303,1,0.8,10,13,12,8,20,1.00260746686e-05,2.56667511515e-11,1.00260746686e-05,0.000139610415703,0.00065449535186,1.65837204138e-05,1.00260746686e-05,2.56667511515e-11,1.00260746686e-05,0.031967784117,0.951204833469,0.0159765885757
311,0.0319593224822,0.0110613195387,0.248902959294,0.0328645043458,0.152487486878,0.163381172325,0.0792279271811,0.0129654916745,0.0593394061073,0.0374467379331,0.0599877480813,0.110375924159,1,0.8,10,13,12,8,20,8.30548063243e-08,2.1262030419e-13,8.30548063243e-08,1.23564193891e-05,1.53412158497e-06,6.68405474367e-07,8.30548063243e-08,2.1262030419e-13,8.30548063243e-08,0.03197805899,0.952016822963,0.0159902268812
312,0.0494082169416,0.0157896465697,0.0758289833976,0.162470989367,0.0168253996595,0.0504870745226,0.0249353070517,0.117735393675,0.172275131437,0.0753958136762,0.0873864346954,0.151461609007,1,0.8,10,13,12,8,20,0.000127455175096,3.26285248245e-10,0.000127455175096,0.00219068884485,0.00201662449069,0.00123299295038,0.000127455175096,3.26285248245e-10,0.000127455175096,0.031766496902,0.94638769629,0.0158956791689
313,0.000155040276927,0.00911040295163,0.00404073059995,0.139500814055,0.0693950930835,0.0025144241966,0.136486089839,0.144288114563,0.051042571039,0.289394230766,0.0527686144443,0.101303874185,1,0.8,10,13,12,8,20,1.73328568712e-06,4.43721135902e-12,1.73328568712e-06,8.50709691535e-05,4.08277634987e-05,3.56645199124e-06,1.73328568712e-06,4.43721135902e-12,1.73328568712e-06,0.0319249481507,0.951949556451,0.0159890970621
314,0.0583307608517,0.0370497726984,0.0155107767423,0.0382238695391,0.141099744707,0.0381434656401,0.0160503966169,0.00916361774877,0.0390262571574,0.0925940109275,0.328814124049,0.185993203321,1,0.8,10,13,12,8,20,1.6565517698e-06,4.24077253069e-12,1.6565517698e-06,6.0267803714e-05,2.21753810682e-05,1.12175067495e-05,1.6565517698e-06,4.24077253069e-12,1.6565517698e-06,0.0319260637079,0.951983974236,0.0159896751487
315,0.285168248773,0.101119796294,0.12803721769,0.0249268868902,0.141239235566,0.0146138125023,0.0216883662661,0.107563066458,0.00896537407298,0.0921662325424,0.021174677397,0.053337085549,1,0.8,10,13,12,8,20,4.48856685352e-06,1.1490731145e-11,4.48856685352e-06,6.44883476364e-05,0.000150904386753,3.12648774926e-05,4.48856685352e-06,1.1490731145e-11,4.48856685352e-06,0.0319684144426,0.951780712523,0.0159862611324
316,0.0278497364522,0.0170272162792,0.0237877202529,0.141774444897,0.00743808723389,0.026715441463,0.164488554993,0.123106004235,0.038313682143,0.298249766721,0.0784040536382,0.0528452916917,1,0.8,10,13,12,8,20,3.22151794239e-06,8.24708593252e-12,3.22151794239e-06,2.57483770757e-05,6.20713076082e-05,1.15407385079e-05,3.22151794239e-06,8.24708593252e-12,3.22151794239e-06,0.0319931382184,0.951906245663,0.0159883696072
317,0.0175690547807,0.09259225956,0.0639432580125,0.0693590490161,0.0665539007208,0.057478290764,0.1813516366,0.00867010655369,0.0763605020929,0.230077963674,0.0525554112786,0.0834885669457,1,0.8,10,13,12,8,20,4.74036923033e-06,1.21353452296e-11,4.74036923033e-06,8.74402710356e-06,0.000457736519967,1.38261722852e-05,4.74036923033e-06,1.21353452296e-11,4.74036923033e-06,0.0319803085307,0.951538234811,0.015982188438
318,0.0847186113485,0.105243335813,0.0356461583161,0.039805647547,0.135527571474,0.203373045876,0.0761737923756,0.0968571312267,0.0473780609117,0.0546589335176,0.040592066194,0.080025645401,1,0.8,10,13,12,8,20,9.29727309728e-06,2.3801019129e-11,9.29727309728e-06,0.000145479641416,0.000313693408041,1.12617011994e-05,9.29727309728e-06,2.3801019129e-11,9.29727309728e-06,0.0319600502967,0.95154994076,0.015982385053
319,0.0815958651685,0.0877640535617,0.00665034488784,0.0506628751673,0.0630593236833,0.142976684351,0.124614299902,0.195348798841,0.0627974055662,0.00839794759314,0.00398729132404,0.172145109954,1,0.8,10,13,12,8,20,1.10444211941e-05,2.82737182569e-11,1.10444211941e-05,5.22482939303e-05,0.000215919024156,1.0048094775e-05,1.10444211941e-05,2.82737182569e-11,1.10444211941e-05,0.0319851098819,0.95170746609,0.0159850308736
320,0.0640864270589,0.0321164394121,0.115459691431,0.0545562729842,0.0784597251569,0.0798722098002,0.13923611229,0.0149373127244,0.177687130676,0.0536323098514,0.183957250746,0.00599911786827,1,0.8,10,13,12,8,20,2.39245687445e-06,6.12468959858e-12,2.39245687445e-06,1.84011134612e-05,0.000144933128835,1.52762088977e-05,2.39245687445e-06,6.12468959858e-12,2.39245687445e-06,0.0319898945207,0.951834756328,0.0159871688608
321,0.077514408549,0.209586225621,0.115899530755,0.0384968918619,0.000151682608141,0.0410781003249,0.00850063809101,0.048720831805,0.14360293406,0.119809579048,0.0402643465122,0.156374830764,1,0.8,10,13,12,8,20,1.56474017556e-05,4.00573484944e-11,1.56474017556e-05,2.40980397753e-05,0.000230958768147,2.15641138315e-05,1.56474017556e-05,4.00573484944e-11,1.56474017556e-05,0.0319859131691,0.95169013642,0.0159847398017
322,0.043089668007,0.0914722311791,0.0132112036659,0.0358323774053,0.115523840815,0.268875862485,0.10734886619,0.0397670466656,0.130362904821,0.133726154686,0.0194196674661,0.00137017661347,1,0.8,10,13,12,8,20,0.000497055264584,1.27246147733e-09,0.000497055264584,0.0117784743836,0.0125408889001,0.00163301672911,0.000497055264584,1.27246147733e-09,0.000497055264584,0.0310847202122,0.925430989208,0.0155436869637
323,0.290064633915,0.0309408658857,0.00972038603026,0.0173355748688,0.0803714933327,0.113325197719,0.0629604972632,0.14506211073,0.0573910505334,0.00957049036731,0.142817424637,0.0404402747172,1,0.8,10,13,12,8,20,1.89509223823e-05,4.85143612987e-11,1.89509223823e-05,0.000253179626923,0.00176788371746,0.000260425166415,1.89509223823e-05,4.85143612987e-11,1.89509223823e-05,0.0319019949489,0.949787922836,0.015952789918
324,0.21515804373,0.0301453479099,0.0160171028359,0.078501549537,0.175735662762,0.0785452657005,0.00545857528494,0.043283338507,0.00436448439081,0.251018052661,0.0109257470157,0.0908468296652,1,0.8,10,13,12,8,20,9.06486350916e-07,2.32060505835e-12,9.06486350916e-07,4.1693436296e-05,8.90482099236e-05,2.42045984159e-06,9.06486350916e-07,2.32060505835e-12,9.06486350916e-07,0.031952647328,0.951921931546,0.0159886330698
325,0.0778357077665,0.0823853238057,0.137196336411,0.0189378880875,0.29395941407,0.0470912679611,0.114018360503,0.0563548676334,0.118452616294,0.0255444534686,0.0241413144221,0.00408244957598,1,0.8,10,13,12,8,20,5.51014172675e-05,1.41059628205e-10,5.51014172675e-05,0.000253182227856,0.00833274257686,8.56159250348e-05,5.51014172675e-05,1.41059628205e-10,5.51014172675e-05,0.0316890628792,0.943570627214,0.015848363226
326,0.0681242385907,0.0704390833115,0.00880520182092,0.16320799897,0.10568800883,0.0220920110764,0.26550487907,0.029990138343,0.0902302875702,0.0060597720834,0.139671619643,0.0301867606911,1,0.8,10,13,12,8,20,0.000179286324394,4.58972990448e-10,0.000179286324394,0.000852790759902,0.00535703716741,0.00110796028851,0.000179286324394,4.58972990448e-10,0.000179286324394,0.0317216333752,0.944381450254,0.0158619819395
327,0.0165556995535,0.0425734777219,0.0568296359208,0.0718435300019,0.00250521121377,0.0140275636591,0.20144808948,0.0574793517916,0.115466331032,0.372545241141,0.0159974773653,0.0327283911184,1,0.8,10,13,12,8,20,1.8226154585e-06,4.66589557377e-12,1.8226154585e-06,8.64968216443e-05,3.02432163389e-05,1.25722310316e-05,1.8226154585e-06,4.66589557377e-12,1.8226154585e-06,0.0319235122844,0.951950767571,0.0159891174042
328,0.108627594988,0.158340173405,0.0189991996974,0.179149645074,0.0193203928543,0.183242139658,0.0454515029235,0.0476782778876,0.0321613512706,0.0835427229673,0.120467939898,0.00301905937577,1,0.8,10,13,12,8,20,1.7445901717e-05,4.46615083955e-11,1.7445901717e-05,0.000369520163707,0.000238946685802,0.00015137903008,1.7445901717e-05,4.46615083955e-11,1.7445901717e-05,0.0319486905858,0.951244426256,0.0159772535825
329,0.410941342663,0.0412673624064,0.0483694386897,0.0158604987829,0.0398720906918,0.0463653671049,0.00123530063371,0.0704544500773,0.0233324454203,0.184983531439,0.071961962468,0.0453562096233,1,0.8,10,13,12,8,20,8.81314085404e-06,2.25616405863e-11,8.81314085404e-06,0.000108041682509,7.22645846311e-05,8.88738256114e-05,8.81314085404e-06,2.25616405863e-11,8.81314085404e-06,0.0319456154262,0.951763971918,0.0159859799546
330,0.0571828605699,0.00932208385849,0.018458699631,0.0901507799212,0.101285490594,0.201888332538,0.000411916799277,0.114648993646,0.0973911012369,0.148837231717,0.10018225776,0.0602402517286,1,0.8,10,13,12,8,20,5.26787709357e-05,1.34857653595e-10,5.26787709357e-05,0.000177051426455,0.00132916210625,3.7239380991e-05,5.26787709357e-05,1.34857653595e-10,5.26787709357e-05,0.0319218174048,0.950361589021,0.0159624253071
331,0.0755416215293,0.156845512383,0.0221473527425,0.0350296345613,0.0117954201656,0.290830278053,0.0224819664738,0.00783358515285,0.0215732603724,0.0350210700245,0.229557725015,0.0913425735259,1,0.8,10,13,12,8,20,1.35457419486e-06,3.46770993884e-12,1.35457419486e-06,3.82398071043e-05,8.19632320868e-05,4.99830688114e-06,1.35457419486e-06,3.46770993884e-12,1.35457419486e-06,0.0319718542492,0.951909108411,0.0159884176903
332,0.0552567148918,0.349513050451,0.0800815696257,0.0234429210964,0.0296043550431,0.129785905014,0.106896689886,0.0092896154415,0.115772917818,0.0153299387915,0.0663155311105,0.0187107908298,1,0.8,10,13,12,8,20,1.97442651229e-05,5.05453187146e-11,1.97442651229e-05,8.87606663371e-05,0.000190818995922,0.000100251447885,1.97442651229e-05,5.05453187146e-11,1.97442651229e-05,0.0319609998579,0.951597016132,0.0159831757385
333,0.111750098883,0.00899391984355,0.0570394821481,0.346945630577,0.00198356459857,0.0516048666488,0.0199358834485,0.0170315602269,0.07074339292,0.15389417195,0.00801133228516,0.152066096471,1,0.8,10,13,12,8,20,6.94812397187e-05,1.7787197368e-10,6.94812397187e-05,0.00117996712474,0.000422625487254,0.00216598214571,6.94812397187e-05,1.7787197368e-10,6.94812397187e-05,0.031847209062,0.948180499487,0.0159257913783
334,0.0748822880677,0.0517704070222,0.0310926781816,0.000915585193328,0.194975743522,0.0663745799934,0.186980650402,0.0240381333455,0.132689255027,0.0213093987795,0.100569651815,0.114401628651,1,0.8,10,13,12,8,20,6.45800026235e-05,1.65324806716e-10,6.45800026235e-05,0.00386296934278,0.00248754729123,0.000438544546301,6.45800026235e-05,1.65324806716e-10,6.45800026235e-05,0.0317476097056,0.94532714283,0.0158778659433
335,0.0145931024533,0.309513568325,0.0463270795726,0.173718221519,0.0457292086527,0.16489049638,0.00321146782416,0.00521603416208,0.0412509314565,0.0170951068528,0.14351305046,0.0349417323413,1,0.8,10,13,12,8,20,4.07323027945e-06,1.04274695154e-11,4.07323027945e-06,3.14716437876e-05,8.11363560466e-05,2.7389167609e-06,4.07323027945e-06,1.04274695154e-11,4.07323027945e-06,0.0319737164621,0.951906273603,0.0159883700764
336,0.0938087867217,0.00990156940459,0.0513517712839,0.054851838588,0.0279970634315,0.101111982198,0.00144501383239,0.0342063135042,0.0106170156611,0.354677564233,0.108677796602,0.151353284539,1,0.8,10,13,12,8,20,4.10942371523e-07,1.0520124711e-12,4.10942371523e-07,1.92877363186e-05,8.6640834667e-06,1.98958821446e-06,4.10942371523e-07,1.0520124711e-12,4.10942371523e-07,0.0319775652114,0.952000890335,0.0159899592742
337,0.105025162622,0.0603680220022,0.163181657529,0.036865085921,0.0787515652818,0.0348588156209,0.129179522472,0.114954496964,0.0400608259818,0.09394338173,0.077258559863,0.0655529040131,1,0.8,10,13,12,8,20,1.55410348509e-05,3.97850492184e-11,1.55410348509e-05,6.09135444526e-05,0.000455812932338,6.84776406189e-06,1.55410348509e-05,3.97850492184e-11,1.55410348509e-05,0.0319766503026,0.951456790747,0.0159808204905
338,0.107686164378,0.0876510905128,0.0236614328351,0.136931427497,0.143252874636,0.294268856466,0.0206966571723,0.105783028715,0.0230981920478,0.0417028680181,0.0081037815434,0.00716362617813,1,0.8,10,13,12,8,20,0.00211551227027,5.41571141188e-09,0.00211551227027,0.0279685559826,0.0489364598567,0.00210708423581,0.00211551227027,5.41571141188e-09,0.00211551227027,0.0291812517004,0.868752876006,0.0145917123059
339,0.240872534441,0.188673646903,0.0870272670028,0.0130059990828,0.0941427358709,0.044862824869,0.0615424526204,0.0163374042805,0.0159965727935,0.165926009219,0.0420553776447,0.0295571752719,1,0.8,10,13,12,8,20,3.17164200464e-05,8.11940353189e-11,3.17164200464e-05,0.000246829963934,0.000746388202082,0.000129603119955,3.17164200464e-05,8.11940353189e-11,3.17164200464e-05,0.0319552835914,0.950824823414,0.015970205866
340,0.068933749274,0.0124538138292,0.00962405172573,0.0137066602399,0.0760186490881,0.186468319722,0.093853816203,0.285202086613,0.0910046061781,0.0238999242984,0.0659651486141,0.0728691742147,1,0.8,10,13,12,8,20,0.000223213616174,5.71426857406e-10,0.000223213616174,0.0138401997579,0.00775375648277,0.0015337470021,0.000223213616174,5.71426857406e-10,0.000223213616174,0.0311830038156,0.929189619809,0.0156068175247
341,0.0214847497964,0.0357305639581,0.0482852401742,0.0763650012777,0.0481119347508,0.0379228543971,0.0592411355726,0.199879498057,0.165065139085,0.0338410753913,0.223165629715,0.0509071778253,1,0.8,10,13,12,8,20,5.44107700316e-05,1.39291571281e-10,5.44107700316e-05,0.00163198804526,0.000317737172036,0.000973001049655,5.44107700316e-05,1.39291571281e-10,5.44107700316e-05,0.0318742517104,0.94904506589,0.0159403127739
342,0.215270406436,0.0317514962273,0.0104045538151,0.00611133863019,0.0897914361606,0.0136239056858,0.0236372103981,0.0842185114588,0.288029416937,0.0323850075455,0.094665817777,0.110110898929,1,0.8,10,13,12,8,20,2.35511277685e-05,6.02908870874e-11,2.35511277685e-05,6.8178872025e-05,0.00080126536379,3.4332811594e-05,2.35511277685e-05,6.02908870874e-11,2.35511277685e-05,0.0319456531727,0.951081842351,0.0159745227972
343,0.0783692631654,0.055510668981,0.0260111114482,0.0531077085038,0.0364032929353,0.13412765526,0.10058489258,0.0732386738473,0.0184115920231,0.124535720992,0.163412260328,0.136287159936,1,0.8,10,13,12,8,20,3.19066136471e-05,8.16809309367e-11,3.19066136471e-05,0.000393387824375,0.00109362531748,0.000229076509086,3.19066136471e-05,8.16809309367e-11,3.19066136471e-05,0.0319188033999,0.950276484454,0.0159609958771
344,0.037923651013,0.192740649502,0.0800003949072,0.0120426995392,0.109379212973,0.0822325227133,0.030434990413,0.0334617699979,0.0316005839249,0.00978905840078,0.176414456423,0.203980010192,1,0.8,10,13,12,8,20,8.00858836973e-07,2.05019862265e-12,8.00858836973e-07,2.5927243104e-05,2.89140340759e-05,1.78084253181e-06,8.00858836973e-07,2.05019862265e-12,8.00858836973e-07,0.0319753471244,0.951975297897,0.0159895294195
345,0.0416212051729,0.029866198318,0.0108325804206,0.175299759779,0.0826289120317,0.131013420909,0.0204783097505,0.0172849202591,0.19262908144,0.182512045775,0.0144446941664,0.101388871977,1,0.8,10,13,12,8,20,1.6551739236e-06,4.23724524442e-12,1.6551739236e-06,3.41266660219e-05,1.13285337968e-05,6.56152600793e-06,1.6551739236e-06,4.23724524442e-12,1.6551739236e-06,0.0319531989856,0.95199824868,0.0159899149045
346,0.14463338797,0.0497954507908,0.0151624558999,0.363749094012,0.0324221450296,0.0332532388649,0.0626826723217,0.0579351899695,0.0842619325311,0.0187615790228,0.0949101987817,0.0424326548066,1,0.8,10,13,12,8,20,5.71028654836e-06,1.46183335638e-11,5.71028654836e-06,4.19998607435e-05,3.90281498682e-05,1.42105882702e-05,5.71028654836e-06,1.46183335638e-11,5.71028654836e-06,0.0319481933104,0.951944711234,0.015989015681
347,0.0512822704474,0.0138554981319,0.0142105813675,0.372239713102,0.0380956718304,0.0282784686292,0.195764912871,0.132585442729,0.0179030999277,0.0372468453068,0.0179118742845,0.080625621373,1,0.8,10,13,12,8,20,9.64084735752e-06,2.46805692352e-11,9.64084735752e-06,7.02049869701e-05,0.000493898509051,6.6111589823e-05,9.64084735752e-06,2.46805692352e-11,9.64084735752e-06,0.0319740155571,0.95137771362,0.0159794922984
348,0.00739461113172,0.00929190744606,0.0721765322345,0.133117788495,0.10094475634,0.21237080334,0.0674341260232,0.012052000691,0.00458333670173,0.0162009562946,0.3219228705,0.0425103108038,1,0.8,10,13,12,8,20,2.24373463769e-06,5.74396067248e-12,2.24373463769e-06,0.000109173070026,0.000118824075711,1.30036009024e-05,2.24373463769e-06,5.74396067248e-12,2.24373463769e-06,0.0319196687587,0.951843047425,0.0159873081194
349,0.0723464964025,0.0542508796941,0.100527525798,0.0811188318816,0.122734377486,0.00308821974146,0.217433171966,0.144372840294,0.0241358199545,0.0248478989022,0.0458022832977,0.109341654583,1,0.8,10,13,12,8,20,0.000811003795845,2.07616971736e-09,0.000811003795845,0.0272121398194,0.00584413080114,0.00626810719408,0.000811003795845,2.07616971736e-09,0.000811003795845,0.0306351211044,0.911487000251,0.0153094814941
350,0.212671593197,0.0196496975404,0.0127486011513,0.000871017042121,0.0195254019057,0.0380460957608,0.00784489469892,0.214762897653,0.219274645529,0.0790220470074,0.135652706988,0.0399304015258,1,0.8,10,13,12,8,20,5.58189988938e-06,1.42896637168e-11,5.58189988938e-06,1.47461414698e-05,5.08304514981e-05,2.76421191858e-06,5.58189988938e-06,1.42896637168e-11,5.58189988938e-06,0.0319938420811,0.951926775064,0.0159887144223
351,0.0819819941927,0.155527781202,0.0156570107728,0.296719749766,0.00632107517629,0.136876469743,0.0205987954638,0.00122326301697,0.0513448540309,0.213692166873,0.00341835854062,0.0166384812217,1,0.8,10,13,12,8,20,1.0753869655e-06,2.75299063169e-12,1.0753869655e-06,4.10335130117e-06,1.24126262611e-05,1.21568903118e-06,1.0753869655e-06,2.75299063169e-12,1.0753869655e-06,0.031995771797,0.951992378672,0.015989816311
352,0.171665799359,0.0781524969893,0.109156646217,0.0344514522184,0.0091460513986,0.0295578517085,0.0132371789616,0.163544198319,0.0391075932453,0.193538071616,0.10559342267,0.052849237298,1,0.8,10,13,12,8,20,3.95935775491e-05,1.01359558526e-10,3.95935775491e-05,9.48439713412e-05,0.000679148774197,6.97599106219e-05,3.95935775491e-05,1.01359558526e-10,3.95935775491e-05,0.0319649248351,0.95105881202,0.0159741359761
353,0.150125730544,0.0703627891436,0.0943650480145,0.16499710703,0.256083365085,0.0499749944708,0.109074043615,0.0326365617687,0.0137900002104,0.037722551315,0.00560538868287,0.0152624201206,1,0.8,10,13,12,8,20,7.7461950421e-07,1.98302593078e-12,7.7461950421e-07,3.99084127345e-05,4.10823116756e-05,5.69675424052e-06,7.7461950421e-07,1.98302593078e-12,7.7461950421e-07,0.0319747950431,0.951946375364,0.015989043632
354,0.0665832321442,0.1562341215,0.0745156236121,0.0994661186707,0.0999250250805,0.00436399780481,0.122369180674,0.00490470734235,0.00828801925488,0.232800263324,0.0908165726206,0.0397331379719,1,0.8,10,13,12,8,20,8.90018102675e-07,2.27844634285e-12,8.90018102675e-07,3.03392326331e-05,0.000262591569055,4.6641647064e-06,8.90018102675e-07,2.27844634285e-12,8.90018102675e-07,0.0319681648344,0.951745018512,0.0159856616101
355,0.0333914051462,0.130232119927,0.214767432762,0.00291961277882,0.0471146940793,0.071768704943,0.0282277008485,0.226291438223,0.0330446514634,0.105522036592,0.0772314838351,0.0294887194027,1,0.8,10,13,12,8,20,2.84787642378e-07,7.29056364487e-13,2.84787642378e-07,4.04218936605e-05,8.77320721202e-06,1.99314711107e-06,2.84787642378e-07,7.29056364487e-13,2.84787642378e-07,0.0319547069179,0.952002971453,0.015989994229
356,0.000718068565331,0.123007863499,0.0667000396284,0.070636990211,0.0791094188326,0.0297476610224,0.0486332663017,0.0445896005212,0.0743415533874,0.0315982874092,0.0125242006178,0.418393050004,1,0.8,10,13,12,8,20,2.65416920222e-07,6.79467315769e-13,2.65416920222e-07,1.95402784083e-05,2.89946636082e-06,1.7699401511e-06,2.65416920222e-07,6.79467315769e-13,2.65416920222e-07,0.0319775235358,0.952007140851,0.0159900642589
357,0.0419426823798,0.152089806099,0.0557268595226,0.0145214562545,0.128562164251,0.0378161530612,0.117238911649,0.0949175121275,0.032293706276,0.016005827134,0.118799431423,0.190085489822,1,0.8,10,13,12,8,20,2.64087571169e-06,6.76064182193e-12,2.64087571169e-06,3.11983153065e-05,8.82626774899e-05,1.09852321761e-05,2.64087571169e-06,6.76064182193e-12,2.64087571169e-06,0.031951306665,0.951919098115,0.015988585479
358,0.153167811041,0.0587773713195,0.0919922154353,0.0637888490342,0.000552199629467,0.0174121400935,0.027211295911,0.273699186618,0.0026960601563,0.108786197348,0.0677614700189,0.134155203396,1,0.8,10,13,12,8,20,0.000113045329471,2.89396043445e-10,0.000113045329471,0.00741103194336,0.00506687574237,0.000659674292867,0.000113045329471,2.89396043445e-10,0.000113045329471,0.0315220018369,0.939114713305,0.015773520983
359,7.26333314619e-05,0.0483641819276,0.11022751862,0.219822074633,0.0752350079736,0.0281608192445,0.181827131645,0.00986528531204,0.127947976327,0.150226054463,0.0341525835214,0.0140987330016,1,0.8,10,13,12,8,20,5.79578364063e-06,1.483720612e-11,5.79578364063e-06,7.92160843479e-06,5.02002516326e-05,4.31899942784e-06,5.79578364063e-06,1.483720612e-11,5.79578364063e-06,0.0319938983244,0.951931680832,0.0159887968203
360,0.062398125298,0.211461813988,0.0482156646456,0.00891751452544,0.141469988154,0.136980137167,0.0288467355911,0.030396344742,0.0405114524535,0.0479026456739,0.105253790223,0.137645787538,1,0.8,10,13,12,8,20,1.66444121295e-07,4.26096950514e-13,1.66444121295e-07,1.2412028301e-05,1.04863939054e-05,5.73965357462e-07,1.66444121295e-07,4.26096950514e-13,1.66444121295e-07,0.0319777921084,0.952007991185,0.0159900785412
361,0.0095469851756,0.0488902152637,0.0681062181646,0.0122554216443,0.163215489971,0.000301414489577,0.160096452737,0.105570642861,0.0525558455432,0.00114867494689,0.336117109975,0.0421955292285,1,0.8,10,13,12,8,20,1.4027124151e-05,3.59094378266e-11,1.4027124151e-05,0.00108986852954,0.00126803660348,5.07733045337e-05,1.4027124151e-05,3.59094378266e-11,1.4027124151e-05,0.0319155547359,0.949668868004,0.015950790254
362,0.0642642795794,0.291914864909,0.0133061880873,0.012724763669,0.145383533112,0.0264426303048,0.0369035678854,0.0821408253097,0.271428302291,0.0470051159126,0.00594206466503,0.00254386427482,1,0.8,10,13,12,8,20,0.00261380618782,6.69134384081e-09,0.00261380618782,0.0115179039804,0.0555831575894,0.00325734382597,0.00261380618782,6.69134384081e-09,0.00261380618782,0.0293942736559,0.875093866222,0.0146982165921
363,0.197308997712,0.108604321374,0.00530460125824,0.0490615024018,0.231179734022,0.0102840443086,0.032758711154,0.126112436702,0.0180521588089,0.0212101855221,0.110607197936,0.0895161088004,1,0.8,10,13,12,8,20,0.000281093989684,7.19600613591e-10,0.000281093989684,0.0117890565298,0.0074249783283,0.00183641294434,0.000281093989684,7.19600613591e-10,0.000281093989684,0.0312873575011,0.930902234425,0.0156355828738
364,0.0247415882824,0.0359685742992,0.133676840132,0.176937039056,0.0152477431797,0.0609381264865,0.191636448379,0.0754148920654,0.215336796108,0.0227728707944,0.0238322295052,0.0234968517114,1,0.8,10,13,12,8,20,9.45541217867e-06,2.42058551774e-11,9.45541217867e-06,0.000413350951726,0.000140614904842,2.34134075198e-05,9.45541217867e-06,2.42058551774e-11,9.45541217867e-06,0.0319317012328,0.951472021497,0.0159810763086
365,0.0791562362645,0.241510866535,0.0430202592021,0.0521478824873,0.108151263645,0.0795555866409,0.0108829169312,0.019867281697,0.0408161802814,0.121052796026,0.166471893248,0.0373668370424,1,0.8,10,13,12,8,20,1.08073529396e-06,2.76668235254e-12,1.08073529396e-06,7.95500266937e-06,4.61612225215e-05,6.52009952641e-07,1.08073529396e-06,2.76668235254e-12,1.08073529396e-06,0.0319948647444,0.951956824929,0.0159892191446
366,0.0907754928489,0.132820956511,0.0139881287378,0.109221972907,0.0400881330473,0.0557563224398,0.0223367323875,0.00977931642879,0.202432001885,0.121249597081,0.0914750495912,0.110076296134,1,0.8,10,13,12,8,20,2.7651020763e-07,7.07866131532e-13,2.7651020763e-07,2.92297015724e-05,4.59639501217e-06,2.39418506435e-06,2.7651020763e-07,7.07866131532e-13,2.7651020763e-07,0.0319549207474,0.952017514433,0.0159902384952
367,0.00276645397353,0.0210004908056,0.147829912524,0.023194911604,0.031123712508,0.100534825283,0.0767613877182,0.113462880224,0.0493698858124,0.0260507254429,0.112696639236,0.295208174869,1,0.8,10,13,12,8,20,3.37787086714e-06,8.64734941987e-12,3.37787086714e-06,4.22180148292e-05,6.82774401998e-05,1.37440085693e-05,3.37787086714e-06,8.64734941987e-12,3.37787086714e-06,0.0319513767425,0.951922234141,0.0159886381522
368,0.108451531659,0.0460239404567,0.375752770966,0.146732917225,0.00343106067962,0.0090965406634,0.0182286018127,0.0248870477065,0.0744089475181,0.0252479023573,0.077649168764,0.0900895701914,1,0.8,10,13,12,8,20,2.01209151066e-07,5.15095426728e-13,2.01209151066e-07,6.4884339492e-06,2.17947531009e-05,4.46186010304e-07,2.01209151066e-07,5.15095426728e-13,2.01209151066e-07,0.0319958969552,0.951984878497,0.0159896903368
369,0.0361967623401,0.146356524717,0.0835998981469,0.0373527780529,0.0152651442859,0.108925448574,0.0195520996866,0.172096997901,0.180079371875,0.0818565536719,0.0904763291208,0.0282420916285,1,0.8,10,13,12,8,20,0.000264213324096,6.76386109686e-10,0.000264213324096,0.00108364268647,0.00127363402636,0.00157673838183,0.000264213324096,6.76386109686e-10,0.000264213324096,0.0318189784932,0.94727949382,0.0159106579429
370,0.0257711332544,0.0358051786744,0.224656847117,0.0222635934846,0.348922909853,0.0228529787349,0.00306247029681,0.0110513846959,0.0277245120941,0.0537019969378,0.0454064591932,0.178780535663,1,0.8,10,13,12,8,20,0.000313510226086,8.0258617878e-10,0.000313510226086,0.0102367606867,0.004393262973,0.000526213665692,0.000313510226086,8.0258617878e-10,0.000313510226086,0.0314538017696,0.936407862118,0.0157280562774
371,0.0208514854584,0.190868094293,0.155017879258,0.00291053483405,0.0405390485365,0.0854891979402,0.0902194489257,0.0251174756701,0.104422117196,0.025723793301,0.00473078854939,0.254110136038,1,0.8,10,13,12,8,20,9.52042465199e-06,2.43722871091e-11,9.52042465199e-06,4.5769326035e-05,0.000409360507437,3.12979625814e-05,9.52042465199e-06,2.43722871091e-11,9.52042465199e-06,0.031960713281,0.951532682003,0.0159820951722
372,0.0801927216164,0.0308319860251,0.138496461364,0.00550634645648,0.214471898727,0.0501665111558,0.148728322658,0.0130492444604,0.0314770713823,0.0689832069402,0.0319252956399,0.186170933575,1,0.8,10,13,12,8,20,1.44585899553e-05,3.70139902856e-11,1.44585899553e-05,3.17462816835e-05,0.000366153715653,2.91707982674e-05,1.44585899553e-05,3.70139902856e-11,1.44585899553e-05,0.0319629375069,0.951569444621,0.015982712643
373,0.0713758949252,0.0703958393625,0.0739850370117,0.0308725491574,0.136171084444,0.117359070361,0.0483736610359,0.0733020501461,0.0308640926118,0.0771920731211,0.243426439589,0.0266822082344,1,0.8,10,13,12,8,20,9.1512501889e-06,2.34272004836e-11,9.1512501889e-06,7.44719798742e-05,0.000255880504874,7.32162339759e-06,9.1512501889e-06,2.34272004836e-11,9.1512501889e-06,0.0319709561304,0.951670357128,0.0159844075856
374,0.101125905442,0.383956758805,0.0280361223309,0.0151282224451,0.0209136484025,0.0212813663405,0.104438902279,0.0951059512568,0.105117986163,0.0552702523108,0.0302168325165,0.0394080517092,1,0.8,10,13,12,8,20,2.2175545672e-05,5.67693969203e-11,2.2175545672e-05,6.51802449316e-05,0.000626150604337,2.45889822913e-05,2.2175545672e-05,5.67693969203e-11,2.2175545672e-05,0.0319692754788,0.951248775756,0.0159773266374
375,0.0446123682931,0.0572655302348,0.0352411831949,0.00814021554747,0.0507672891744,0.0543750195265,0.537109823667,0.0389334617826,0.114685609623,0.0174972627287,0.00815134221771,0.0332208940097,1,0.8,10,13,12,8,20,3.99412767817e-05,1.02249668561e-10,3.99412767817e-05,8.96366862825e-05,0.000344680632084,0.000112486068514,3.99412767817e-05,1.02249668561e-10,3.99412767817e-05,0.0319709245061,0.951343587682,0.0159789191137
376,0.0766488968361,0.154455414611,0.127187924913,0.10429972307,0.0655844614683,0.105353474547,0.0198906164248,0.0168102479896,0.0151853717373,0.0721907733935,0.0651844881947,0.177208606814,1,0.8,10,13,12,8,20,1.06856437238e-05,2.73552479328e-11,1.06856437238e-05,3.04694823859e-05,0.000193384198942,1.11312187378e-05,1.06856437238e-05,2.73552479328e-11,1.06856437238e-05,0.031947846189,0.951788042041,0.0159863842402
377,0.0420160071146,0.268369099418,0.096265076537,0.0105761371447,0.0223289228921,0.248110933,0.0115746538485,0.113975606395,0.0501554717205,0.116852095004,0.0185906811579,0.00118531576793,1,0.8,10,13,12,8,20,9.47317531778e-06,2.42513288135e-11,9.47317531778e-06,4.10304477163e-05,0.00237401952268,4.27730431601e-05,9.47317531778e-06,2.42513288135e-11,9.47317531778e-06,0.0318982598207,0.949655459375,0.0159505650405
378,0.0271640176715,0.103278928097,0.123624059903,0.154108876083,0.0353859177245,0.0495581992819,0.0484089870455,0.1068775349,0.0548790012033,0.254980737994,0.0259000275023,0.0158337125936,1,0.8,10,13,12,8,20,0.000144001682035,3.68644306009e-10,0.000144001682035,0.0158211474396,0.00232387089101,0.00113162437975,0.000144001682035,3.68644306009e-10,0.000144001682035,0.0313344882097,0.933139697946,0.015673163669
379,0.0190657613157,0.124543008221,0.00859316917985,0.022580347065,0.0203247345263,0.000989847219298,0.0377683258172,0.0704118678415,0.0400451674751,0.38137622733,0.239455071736,0.0348464722728,1,0.8,10,13,12,8,20,9.21689558843e-06,2.35952527064e-11,9.21689558843e-06,0.000376568236145,0.000465623095931,4.82830421202e-05,9.21689558843e-06,2.35952527064e-11,9.21689558843e-06,0.0318998955932,0.951196316873,0.0159764455296
380,0.0675161142161,0.0251786615997,0.100524911863,0.148356023083,0.216784457483,0.0309844307522,0.00159781079001,0.154349341989,0.0227068284594,0.118814656772,0.103958415101,0.00922834789118,1,0.8,10,13,12,8,20,2.65442070647e-06,6.79531700856e-12,2.65442070647e-06,1.53878960167e-05,7.60188456862e-05,1.9350744286e-06,2.65442070647e-06,6.79531700856e-12,2.65442070647e-06,0.031993736379,0.951913807492,0.0159884966168
381,0.0267777862516,0.0814007012311,0.068113445617,0.0472623624615,0.0213169469093,0.0486825241556,0.193184677292,0.231619315859,0.0157495750437,0.00731587122008,0.226352368355,0.032224425604,1,0.8,10,13,12,8,20,9.53785127265e-07,2.4416899258e-12,9.53785127265e-07,8.34734459901e-06,1.7125216238e-05,4.77999025571e-06,9.53785127265e-07,2.4416899258e-12,9.53785127265e-07,0.0319949752207,0.951981326408,0.0159896306754
382,0.037475854691,0.143926087422,0.0250580262915,0.0266496841391,0.121922140681,0.0354205226077,0.0557897423983,0.100945042854,0.0445348969868,0.21783372163,0.115178423714,0.075265856584,1,0.8,10,13,12,8,20,2.14741209627e-06,5.49737496646e-12,2.14741209627e-06,2.35963009214e-05,2.57067996843e-05,5.27935958022e-06,2.14741209627e-06,5.49737496646e-12,2.14741209627e-06,0.0319768667238,0.95197051212,0.0159894490368
383,0.0939094250972,0.0381724567036,0.310544612065,0.106405987844,0.0489863027291,0.16949870443,0.0226247796679,0.0817182136033,0.0541113094801,0.0350447277268,0.00101955635535,0.0379639242984,1,0.8,10,13,12,8,20,1.95241001485e-05,4.99816963803e-11,1.95241001485e-05,6.96838260711e-05,0.00269737513011,0.00027534579763,1.95241001485e-05,4.99816963803e-11,1.95241001485e-05,0.0318566909583,0.949081876733,0.0159409310547
384,0.220890707424,0.00421634323615,0.0840239628922,0.314177124314,0.0326150996091,0.1341795698,0.0138007583776,0.00810758817637,0.0243212966023,0.0338384149036,0.105242497983,0.0245866366826,1,0.8,10,13,12,8,20,1.31817764451e-06,3.37453476993e-12,1.31817764451e-06,3.28884073471e-05,6.28102116057e-05,2.38049965846e-06,1.31817764451e-06,3.37453476993e-12,1.31817764451e-06,0.0319525574084,0.951954903877,0.0159891868783
385,0.0629548383958,0.00240258421897,0.0837863198811,0.0715024910264,0.0983935299217,0.0214492656965,0.036168529597,0.387639800994,0.102029407248,0.0611285683606,0.0442241157469,0.0283205489125,1,0.8,10,13,12,8,20,7.79870319126e-05,1.99646801696e-10,7.79870319126e-05,0.000138733517287,0.00172069105548,0.000419056024138,7.79870319126e-05,1.99646801696e-10,7.79870319126e-05,0.0318721872769,0.949587952416,0.0159494311829
386,0.115264969503,0.13842380495,0.0764860893209,0.00271412031246,0.109633539866,0.00869943503349,0.0600491079561,0.0553249921204,0.0195592598022,0.270065647709,0.13519633405,0.00858269937751,1,0.8,10,13,12,8,20,3.96789173057e-06,1.01578028303e-11,3.96789173057e-06,4.0620609323e-05,5.27836554935e-05,6.84636915283e-05,3.96789173057e-06,1.01578028303e-11,3.96789173057e-06,0.0319721656264,0.951862460643,0.015987634187
387,0.0505294660595,0.0278379169108,0.229610041866,0.0386195032041,0.0388400726336,0.0393547056741,0.170706056421,0.0738211112746,0.15214286048,0.0227538432846,0.0118280367417,0.143956385451,1,0.8,10,13,12,8,20,8.52498020105e-06,2.18239493147e-11,8.52498020105e-06,5.77883962092e-05,8.39777593647e-05,1.87358038318e-05,8.52498020105e-06,2.18239493147e-11,8.52498020105e-06,0.0319897772857,0.95182855607,0.0159870647203
388,0.161704603649,0.0068703570107,0.0745429880722,0.0344683840098,0.07469064341,0.0543696698961,0.0664442379273,0.200160940712,0.0575602182294,0.0543058040874,0.154446090986,0.0604360620103,1,0.8,10,13,12,8,20,5.8469446877e-06,1.49681784005e-11,5.8469446877e-06,5.55152427925e-05,0.000175183828959,4.06306414784e-05,5.8469446877e-06,1.49681784005e-11,5.8469446877e-06,0.0319862675118,0.951733546049,0.0159854689168
389,0.014878087346,0.125259790395,0.262084653795,0.0128184509722,0.0575862767034,0.0536806517517,0.146764742988,0.0707240632777,0.000545016654599,0.0713307551356,0.139733134994,0.0445943759866,1,0.8,10,13,12,8,20,5.47214930872e-06,1.40087022303e-11,5.47214930872e-06,4.67895408968e-05,3.4237661538e-05,9.74041128563e-05,5.47214930872e-06,1.40087022303e-11,5.47214930872e-06,0.0319711641879,0.951841238141,0.0159872777304
390,0.133096382665,0.0854515785961,0.0979918822853,0.00741652008929,0.0683301946468,0.0141600876294,0.0951313448876,0.0664199126326,0.164507780587,0.00836369171059,0.160386169874,0.0987444543964,1,0.8,10,13,12,8,20,5.72949188589e-06,1.46674992279e-11,5.72949188589e-06,7.35879060959e-05,0.000126845098002,1.36142751838e-05,5.72949188589e-06,1.46674992279e-11,5.72949188589e-06,0.0319880017416,0.95178863872,0.0159863942621
391,0.113590767914,0.113685469889,0.139031636729,0.0902425840914,0.0220434124466,0.052189803908,0.0400582967032,0.165802422231,0.0245712893634,0.0197341597444,0.14494411339,0.0741060435912,1,0.8,10,13,12,8,20,4.36248730479e-06,1.11679675003e-11,4.36248730479e-06,3.45276865508e-05,3.85564151016e-05,1.95705312727e-05,4.36248730479e-06,1.11679675003e-11,4.36248730479e-06,0.0319929038818,0.951908582654,0.0159884088596
392,0.169539690314,0.0310245430194,0.0442641882359,0.118409703597,0.110358189703,0.158826856443,0.099020714764,0.00174735783064,0.00401161460283,0.15324499401,0.0696610425999,0.0398911048801,1,0.8,10,13,12,8,20,5.68845879194e-06,1.45624545074e-11,5.68845879194e-06,0.000137952121555,8.78632597519e-05,0.000139369930812,5.68845879194e-06,1.45624545074e-11,5.68845879194e-06,0.0319828656275,0.951645209986,0.0159839852102
393,0.160485140636,0.177539818128,0.00296567843511,0.0996649403142,0.0319516594329,0.0122442560114,0.137475792658,0.00590039047375,0.0614404050834,0.195326053658,0.0339578483361,0.0810480168327,1,0.8,10,13,12,8,20,0.000125503391071,3.21288681143e-10,0.000125503391071,0.00681810139039,0.00437312395214,0.00124419089421,0.000125503391071,3.21288681143e-10,0.000125503391071,0.0315823471107,0.939696922582,0.0157832998632
394,0.180669360957,0.0034521073108,0.00594414304485,0.104628811782,0.056916354836,0.0599598427927,0.079197766806,0.109364974109,0.228484600171,0.0997905332479,0.000677177739266,0.070914327204,1,0.8,10,13,12,8,20,0.00041311740493,1.05758055662e-09,0.00041311740493,0.0161451252003,0.0106223598919,0.00400821488934,0.00041311740493,1.05758055662e-09,0.00041311740493,0.0309418697511,0.921158040696,0.0154719178368
395,0.0229136661697,0.158795187206,0.204895216027,0.158764720919,0.00467651625176,0.0165337388255,0.0486830540089,0.0202219155964,0.0687707260975,0.106115294352,0.15930419034,0.0303257742061,1,0.8,10,13,12,8,20,6.15708408222e-06,1.57621352505e-11,6.15708408222e-06,6.76791082839e-05,0.000245500923499,2.60158744833e-05,6.15708408222e-06,1.57621352505e-11,6.15708408222e-06,0.0319437023785,0.951707442864,0.0159850304835
396,0.0380580560109,0.0194466246306,0.00939542143302,0.083990069957,0.0224106182931,0.323429162951,0.0572413901341,0.00643728409007,0.221768418168,0.169849461284,0.0116785127827,0.0362949802662,1,0.8,10,13,12,8,20,0.000135189719039,3.46085680739e-10,0.000135189719039,0.00804390407164,0.00138187568755,0.000707684372289,0.000135189719039,3.46085680739e-10,0.000135189719039,0.0316499236204,0.941856283839,0.0158195688404
397,0.0657684010162,0.0161427896616,0.0432761233122,0.021258571701,0.0892006296606,0.00894271773174,0.0611518727338,0.0878453435213,0.235576649966,0.0342523106688,0.328083292778,0.00850129724829,1,0.8,10,13,12,8,20,6.71979907684e-06,1.72026856367e-11,6.71979907684e-06,8.06326126837e-05,0.000166574095219,1.60207351032e-05,6.71979907684e-06,1.72026856367e-11,6.71979907684e-06,0.0319194965762,0.951803748698,0.0159866480517
398,0.0446814786441,0.170663841351,0.218748151803,0.0168541160323,0.0115372155616,0.0263892042732,0.179725700505,0.0633301648121,0.0144848099676,0.0971626370822,0.0868803522062,0.0695423277617,1,0.8,10,13,12,8,20,0.000107546309191,2.75318551528e-10,0.000107546309191,0.00541303412092,0.005393972904,0.000927784699541,0.000107546309191,2.75318551528e-10,0.000107546309191,0.0315898642658,0.940449222608,0.0157959356148
399,0.453356735229,0.0355163458267,0.0272561626403,0.0793953382432,0.0258376142054,0.00981666829448,0.131979378232,0.0427690078015,0.0566779710037,0.0382188044872,0.00801191616071,0.0911640578758,1,0.8,10,13,12,8,20,7.54970800964e-06,1.93272525047e-11,7.54970800964e-06,8.09192395029e-05,4.82195639635e-05,4.67291369913e-05,7.54970800964e-06,1.93272525047e-11,7.54970800964e-06,0.031970423904,0.951836314257,0.0159871950281
400,0.132454240239,0.0084050984935,0.210023133125,0.000168358453866,0.0374192275434,0.0308727314262,0.0399373452343,0.0397458589958,0.027676828403,0.100340624451,0.334718897488,0.0382376561469,1,0.8,10,13,12,8,20,4.01429563202e-05,1.0276596818e-10,4.01429563202e-05,0.00262255776999,0.00183465085859,0.00063542131928,4.01429563202e-05,1.0276596818e-10,4.01429563202e-05,0.0318153661628,0.947025047634,0.0159063842241
401,0.0142025161382,0.169913174047,0.0010190152356,0.162874030799,0.0166819312849,0.11834527788,0.146650931947,0.0233483681215,0.111861821679,0.0835702069032,0.140257865381,0.0112748605832,1,0.8,10,13,12,8,20,2.95829066337e-08,7.57322409822e-14,2.95829066337e-08,5.37389514562e-08,7.08063146415e-08,2.74454902885e-07,2.95829066337e-08,7.57322409822e-14,2.95829066337e-08,0.0319971681556,0.952012165853,0.0159901486596
402,0.0527911773156,0.0226915966592,0.0327366562737,0.0886438246227,0.117962953502,0.0367403111007,0.0269589573993,0.0653313478146,0.0983042516473,0.148791096089,0.0266888820382,0.282358945537,1,0.8,10,13,12,8,20,0.000101077470738,2.5875832509e-10,0.000101077470738,0.00287791825401,0.000563547540041,0.00146175494367,0.000101077470738,2.5875832509e-10,0.000101077470738,0.0318266918781,0.946960477293,0.0159052996903
403,0.00140693473185,0.00458415070001,0.168297550614,0.103990661992,0.0810791043277,0.0223320854328,0.115540843382,0.00571856964111,0.119121036491,0.013082462181,0.0988684985903,0.265978101916,1,0.8,10,13,12,8,20,4.0359935982e-06,1.03321436114e-11,4.0359935982e-06,9.29965442941e-06,9.51664874128e-05,1.81711976069e-05,4.0359935982e-06,1.03321436114e-11,4.0359935982e-06,0.0319917280395,0.951881536046,0.0159879545805
404,0.0354850817571,0.0528879771702,0.0320548025998,0.126335810104,0.108270233656,0.027602149949,0.326314558484,0.0084957302578,0.138390621267,0.00888588785497,0.0150930536297,0.12018409327,1,0.8,10,13,12,8,20,0.000342757972346,8.77460409205e-10,0.000342757972346,0.00134447911829,0.00713398800148,0.00102376532539,0.000342757972346,8.77460409205e-10,0.000342757972346,0.031631171685,0.941678971551,0.0158165906748
405,0.138196100658,0.0829746642916,0.00406342833303,0.0100828327763,0.101785210922,0.00369698623535,0.495768613812,0.0274018745045,0.0124980254108,0.0779364317739,0.0347089570964,0.0108868741865,1,0.8,10,13,12,8,20,3.88416163894e-05,9.94345379569e-11,3.88416163894e-05,0.000382089698036,0.000466843804743,0.00032517257944,3.88416163894e-05,9.94345379569e-11,3.88416163894e-05,0.0319087199327,0.950792150239,0.0159696570822
406,0.00332007833736,0.100013725374,0.362810421169,0.175998313806,0.0109762187998,0.0868695311405,0.0827662201378,0.0473241358423,0.0146045717412,0.0275287573309,0.0323191854449,0.0554688408759,1,0.8,10,13,12,8,20,1.20029688133e-05,3.0727600162e-11,1.20029688133e-05,2.32535084184e-05,0.000203247191361,2.10279676354e-05,1.20029688133e-05,3.0727600162e-11,1.20029688133e-05,0.0319867484231,0.951732263596,0.0159854473765
407,0.0188352019214,0.137595653249,0.0438543751092,0.176967892171,0.0680417909102,0.117172713185,0.0622987948129,0.110307296006,0.117424425845,0.104450999515,0.0136160595265,0.029434797749,1,0.8,10,13,12,8,20,7.05824751955e-06,1.806911365e-11,7.05824751955e-06,4.95209554725e-05,4.17527730527e-05,2.27952646227e-05,7.05824751955e-06,1.806911365e-11,7.05824751955e-06,0.0319510826521,0.951918047496,0.0159885678326
408,0.0210307534035,0.051581484266,0.0384726156664,0.00299334574525,0.114325976054,0.122411078928,0.152524822651,0.0396286813283,0.087902091546,0.0054618326686,0.34366425264,0.0200030651018,1,0.8,10,13,12,8,20,2.99708622137e-06,7.67254072672e-12,2.99708622137e-06,3.69275513756e-05,0.000101010348547,4.25915062759e-06,2.99708622137e-06,7.67254072672e-12,2.99708622137e-06,0.0319915358279,0.951866575461,0.0159877033001
409,0.00973774647315,0.00683381477602,0.269717048497,0.0139699086114,0.109842585761,0.0211394468798,0.00960450479872,0.0134047486653,0.00435538731695,0.00358638982336,0.0263905112595,0.511417907138,1,0.8,10,13,12,8,20,4.32542925658e-06,1.10730988968e-11,4.32542925658e-06,3.90241259956e-06,0.000118899527134,2.16307932702e-05,4.32542925658e-06,1.10730988968e-11,4.32542925658e-06,0.0319919810405,0.951858713242,0.015987571245
410,0.159508117654,0.291513711118,0.0430687207113,0.027359611294,0.0100774954232,0.153385558892,0.0960890621259,0.0406571354771,0.0567476813723,0.00293056553436,0.0355885239074,0.0830738164903,1,0.8,10,13,12,8,20,0.000778755943531,1.99361521544e-09,0.000778755943531,0.00500232714276,0.00831176747965,0.00381939883864,0.000778755943531,1.99361521544e-09,0.000778755943531,0.0313095684073,0.932774874337,0.0156670360333
411,0.0183360617275,0.0046477507946,0.014650571842,0.142102719776,0.0181000990953,0.131090743946,0.191002719605,0.312570571997,0.0330977800341,0.0509587209828,0.00968881903435,0.0737534411656,1,0.8,10,13,12,8,20,1.32822410647e-06,3.40025371257e-12,1.32822410647e-06,3.94426734131e-05,5.5812250011e-05,7.41729177816e-06,1.32822410647e-06,3.40025371257e-12,1.32822410647e-06,0.0319921363448,0.951911421987,0.0159884565495
412,0.0281373543684,0.117949679184,0.0293718846188,0.107975645414,0.0385173896284,0.111125109612,0.351502092575,0.00293079049773,0.0834151291174,0.115167884459,0.00689752252772,0.00700951799705,1,0.8,10,13,12,8,20,2.33139889508e-05,5.96838117141e-11,2.33139889508e-05,0.000113834959951,0.000665274460612,3.33183719292e-05,2.33139889508e-05,5.96838117141e-11,2.33139889508e-05,0.0319256957124,0.951192243311,0.0159763771094
413,0.0537212086157,0.0486262544409,0.0157780156398,0.00110615750679,0.00312995749963,0.113948053735,0.16161807867,0.312038801141,0.00398898158848,0.120251131794,0.0198522680331,0.145941091335,1,0.8,10,13,12,8,20,1.63781017488e-05,4.19279404769e-11,1.63781017488e-05,3.66059251253e-05,0.000251471348442,2.82333990178e-05,1.63781017488e-05,4.19279404769e-11,1.63781017488e-05,0.0319656867144,0.95166812011,0.0159843700123
414,0.0291952721112,0.0647610095875,0.124898424334,0.00812245869807,0.0322079825756,0.219407489071,0.0440333112959,0.0890090097481,0.0350052983958,0.141760706812,0.125446315619,0.0861527217518,1,0.8,10,13,12,8,20,2.40901231251e-06,6.16707152002e-12,2.40901231251e-06,0.00014359079252,0.000496426872223,9.53181587474e-05,2.40901231251e-06,6.16707152002e-12,2.40901231251e-06,0.0319311790755,0.951344907754,0.0159789412858
415,0.0394184599756,0.153264484391,0.0700516222701,0.0672050708124,0.0986465196076,0.0118776797104,0.0103431175472,0.0174872594983,0.133580358055,0.0256775144181,0.0465498757729,0.325898037941,1,0.8,10,13,12,8,20,2.67127702982e-06,6.83846919633e-12,2.67127702982e-06,7.9019337252e-05,0.000137578425072,1.93417852098e-05,2.67127702982e-06,6.83846919633e-12,2.67127702982e-06,0.031987060528,0.951780064554,0.0159862502491
416,0.0221969095558,0.12176792562,0.154144394466,0.00250897205715,0.0461381332254,0.121875232112,0.142141777286,0.0451170636914,0.11790334331,0.0495010142756,0.172454356365,0.00425087803545,1,0.8,10,13,12,8,20,2.42359482757e-05,6.20440275857e-11,2.42359482757e-05,9.40576710472e-05,0.000662883079242,8.77268445616e-05,2.42359482757e-05,6.20440275857e-11,2.42359482757e-05,0.031946575083,0.951136374674,0.0159754387308
417,0.0951383958342,0.026266074726,0.0170907969584,0.110014802383,0.00262776435068,0.00150332620163,0.0585404570291,0.00121751858764,0.148271456329,0.116349971365,0.264218718287,0.158760717948,1,0.8,10,13,12,8,20,3.22739945848e-06,8.2621426137e-12,3.22739945848e-06,4.70412961419e-06,0.000138312116065,1.0006177737e-06,3.22739945848e-06,8.2621426137e-12,3.22739945848e-06,0.0319920904243,0.951863334238,0.01598764886
418,0.086578043289,0.0338556784538,0.0514725079965,0.0872637496812,0.0879159587782,0.0568401325942,0.0579429337885,0.075962159699,0.00315919006296,0.244424760402,0.20731369374,0.0072711915149,1,0.8,10,13,12,8,20,1.3356228238e-06,3.41919442894e-12,1.3356228238e-06,2.17301062757e-05,1.54144353455e-05,6.61406422577e-06,1.3356228238e-06,3.41919442894e-12,1.3356228238e-06,0.0319765846887,0.951984628077,0.0159896861307
419,0.0737785608748,0.0560506801254,0.109978441217,0.0486377166703,0.137155946926,0.114309502862,0.000960107567701,0.00315078841379,0.329857297581,0.0896631825784,0.0243939716218,0.0120638035617,1,0.8,10,13,12,8,20,1.58569107018e-06,4.05936913966e-12,1.58569107018e-06,5.35009670701e-05,2.40202442911e-05,7.02910010939e-05,1.58569107018e-06,4.05936913966e-12,1.58569107018e-06,0.0319517192276,0.951905764266,0.0159883615215
420,0.0410939658487,0.00287660530668,0.256475549531,0.145287737047,0.00887414627535,0.122513346085,0.174834698489,0.0242841374629,0.110972219889,0.0343453309151,0.0775449949634,0.000897268187353,1,0.8,10,13,12,8,20,1.93540871883e-05,4.9546463202e-11,1.93540871883e-05,9.07511346158e-05,0.000261918829601,2.04947110986e-05,1.93540871883e-05,4.9546463202e-11,1.93540871883e-05,0.0319140922745,0.951651240109,0.0159840864931
421,0.0246699750366,0.0837139114012,0.157300448558,0.0582007039495,0.0839709038649,0.0372083194036,0.0138632266923,0.0174574080402,0.213155145007,0.0922585325893,0.103644935469,0.114556489988,1,0.8,10,13,12,8,20,1.40819422436e-05,3.60497721436e-11,1.40819422436e-05,3.01006030115e-05,0.000101820694622,5.19905223891e-05,1.40819422436e-05,3.60497721436e-11,1.40819422436e-05,0.0319886514264,0.951784779471,0.0159863294416
422,0.162731513516,0.0928112908893,0.105435802879,0.00821485106952,0.109727513224,0.0249660078153,0.13013641889,0.0250684774943,0.105143905187,0.0617193901161,0.0822970208111,0.0917478081078,1,0.8,10,13,12,8,20,1.48030485393e-05,3.78958042607e-11,1.48030485393e-05,3.9653929352e-05,0.000997651108525,2.07510597534e-05,1.48030485393e-05,3.78958042607e-11,1.48030485393e-05,0.0319601424813,0.950950276161,0.0159723129904
423,0.00570210428704,0.123076150314,0.230921003278,0.0375926597977,0.102624611722,0.0758053573502,0.224453686314,0.0220269837501,0.0139191446127,0.0375095182708,0.0423459017868,0.0840228785166,1,0.8,10,13,12,8,20,4.18447858861e-06,1.07122651868e-11,4.18447858861e-06,0.000113748655763,9.15046247646e-05,1.13268442762e-05,4.18447858861e-06,1.07122651868e-11,4.18447858861e-06,0.031969179963,0.951810736556,0.0159867654209
424,0.0891331439207,0.0207990426365,0.0456824529694,0.000155115588,0.0376244997308,0.0889319375988,0.261548817462,0.135883309301,0.0885056029805,0.0778645266947,0.0624233976184,0.0914481534993,1,0.8,10,13,12,8,20,6.89174614589e-06,1.76428701335e-11,6.89174614589e-06,6.83345331402e-05,6.26742740401e-05,0.000136667796548,6.89174614589e-06,1.76428701335e-11,6.89174614589e-06,0.0319472102418,0.951771440733,0.015986105402
425,0.00578325185298,0.14539432863,0.31325891184,0.0276628519985,0.0377413417316,0.00762716581858,0.0331446417181,0.0344109856603,0.0949113983539,0.0567520210561,0.034313941486,0.208999159854,1,0.8,10,13,12,8,20,1.84910650249e-05,4.73371264637e-11,1.84910650249e-05,6.71077644941e-05,0.000324927880901,4.73785243714e-05,1.84910650249e-05,4.73371264637e-11,1.84910650249e-05,0.0319396485287,0.951564345942,0.0159826270047
426,0.171905649137,0.0132044888771,0.209244984299,0.151452525046,0.0104414495104,0.110149282343,0.0579297801111,0.108982719172,0.0483868771555,0.0190923510015,0.0962230161555,0.00298687719165,1,0.8,10,13,12,8,20,5.61666097261e-06,1.43786520899e-11,5.61666097261e-06,5.54858149281e-05,7.97324725113e-05,2.58207457907e-05,5.61666097261e-06,1.43786520899e-11,5.61666097261e-06,0.0319897129774,0.951839532239,0.0159872490778
427,0.186774089098,0.0456031951723,0.0771370117608,0.0266892636525,0.00295050521911,0.0187775011686,0.0225103440174,0.00728567852534,0.0691194808273,0.00988520031876,0.505105477389,0.0281622528511,1,0.8,10,13,12,8,20,3.28629762524e-05,8.41292192062e-11,3.28629762524e-05,0.000460494233117,0.000168349719825,0.000464876227189,3.28629762524e-05,8.41292192062e-11,3.28629762524e-05,0.0319573508658,0.950846900209,0.0159705766714
428,0.0698287869383,0.00207890726888,0.0661611064496,0.0133709185736,0.0523908607915,0.298007029678,0.242678966536,0.138512899817,0.0714634169196,0.0322105582457,0.0125975053197,0.000699043462016,1,0.8,10,13,12,8,20,7.7948213138e-06,1.99547425633e-11,7.7948213138e-06,3.35622085018e-05,4.06260036183e-05,0.000127741109513,7.7948213138e-06,1.99547425633e-11,7.7948213138e-06,0.0319890557392,0.951791395056,0.015986440558
429,0.00593164052172,0.0157234978937,0.0920043783288,0.240131246823,0.052625517897,0.0460582995506,0.178095815259,0.082710492835,0.0345553003681,0.0425241409939,0.04336262817,0.166277041359,1,0.8,10,13,12,8,20,5.06922498748e-09,1.2977215968e-14,5.06922498748e-09,3.44746550666e-08,2.91829808272e-08,1.41294144732e-08,5.06922498748e-09,1.2977215968e-14,5.06922498748e-09,0.031997184939,0.952012561689,0.0159901553081
430,0.0376940883039,0.00249125110636,0.0520004098031,0.364626110259,0.0631432413889,0.0698515978283,0.0376069314169,0.0242778297529,0.203780249245,0.0198055837438,0.118800665846,0.00592204130624,1,0.8,10,13,12,8,20,0.000501897250226,1.28485696058e-09,0.000501897250226,0.00446282762495,0.00721587116241,0.0026709431239,0.000501897250226,1.28485696058e-09,0.000501897250226,0.0314558005073,0.936458066493,0.0157288995181
431,0.027972439147,0.0300393654124,0.0490600635671,0.00242526335814,0.00931476865047,0.143596980964,0.14347095804,0.000278069013738,0.153266057254,0.0242295964341,0.38367826594,0.0326681722194,1,0.8,10,13,12,8,20,4.12932660234e-05,1.0571076102e-10,4.12932660234e-05,0.00237368190728,0.00222397261251,0.000302938548385,4.12932660234e-05,1.0571076102e-10,4.12932660234e-05,0.0317947638172,0.947229649096,0.015909820743
432,0.0396177437262,0.0505925119861,0.0182548106067,0.0284907247828,0.0411552774542,0.4680908572,0.0154070496258,0.101044503518,0.0500720677231,0.0691023477664,0.0566197316788,0.0615523739326,1,0.8,10,13,12,8,20,0.000380303628529,9.73577289035e-10,0.000380303628529,0.00410413345306,0.00598477338964,0.00135046075069,0.000380303628529,9.73577289035e-10,0.000380303628529,0.0315424663726,0.939713373399,0.0157835761737
433,0.240563045971,0.190993496837,0.0446577652022,0.112047388889,0.0125730168978,0.0107688029563,0.081438103934,0.0776140399961,0.14048555189,0.0341334008215,0.0447787036071,0.00994668299711,1,0.8,10,13,12,8,20,4.05410159727e-05,1.0378500089e-10,4.05410159727e-05,0.000122337925891,0.00095490227754,0.000253860971329,4.05410159727e-05,1.0378500089e-10,4.05410159727e-05,0.0319491029751,0.950591347216,0.0159662843625
434,0.0450198148491,0.00238932514954,0.129653345295,0.0401780799423,0.0528014404074,0.0343534998619,0.0241635986944,0.0252415688989,0.355660778103,0.0406615279552,0.156719913364,0.0931571074804,1,0.8,10,13,12,8,20,1.22380914558e-05,3.13295141267e-11,1.22380914558e-05,0.000113622546937,6.59837423507e-05,2.4055449771e-05,1.22380914558e-05,3.13295141267e-11,1.22380914558e-05,0.0319693531775,0.951791588842,0.0159864438128
435,0.0806368753536,0.01738228986,0.0600968010826,0.0752617781411,0.301762946752,0.0261259674173,0.112468425694,0.0104322436973,0.0218726203322,0.211666007278,0.0535359223547,0.0287581220367,1,0.8,10,13,12,8,20,0.0001392187052,3.56399885311e-10,0.0001392187052,0.000920960201105,0.00107458147929,0.000355670964679,0.0001392187052,3.56399885311e-10,0.0001392187052,0.0318637102402,0.949283877686,0.015944323895
436,0.126878556101,0.0276914116527,0.115782539432,0.144103609677,0.167023890171,0.00470366470683,0.062495103561,0.00341563177168,0.00326224343943,0.0610227751407,0.0128057561188,0.270814818228,1,0.8,10,13,12,8,20,4.22791268085e-05,1.0823456463e-10,4.22791268085e-05,0.00624998804318,0.00097561748899,0.000722158805865,4.22791268085e-05,1.0823456463e-10,4.22791268085e-05,0.0317107711726,0.944311540049,0.0158608077165
437,0.0580815086591,0.0199443473655,0.121501860123,0.113076958245,0.0926282374324,0.0164758683202,0.176416037762,0.0133698342396,0.100543153542,0.080637403621,0.00735807327532,0.199966717415,1,0.8,10,13,12,8,20,0.000133300078286,3.41248200411e-10,0.000133300078286,0.00216135656458,0.00266782507795,0.00109169729719,0.000133300078286,3.41248200411e-10,0.000133300078286,0.0317718208107,0.945886832671,0.0158872665834
438,0.329601981347,0.0337470910908,6.97786694893e-05,0.0269623015634,0.0402562579326,0.206570017288,0.0877154264337,0.0125749062821,0.0840795817795,0.029596958496,0.0248937196896,0.123931979427,1,0.8,10,13,12,8,20,3.47421132285e-05,8.8939809865e-11,3.47421132285e-05,5.27101831744e-05,0.00160161775367,0.000108474399477,3.47421132285e-05,8.8939809865e-11,3.47421132285e-05,0.031894649135,0.950243144012,0.0159604358857
439,0.0231007417361,0.276322850822,0.0589185166449,0.0118666542551,0.0495888126215,0.154182066238,0.101902962711,0.0128927154522,0.082565321692,0.110604972424,0.0798264196041,0.0382279657992,1,0.8,10,13,12,8,20,1.40742983919e-05,3.60302038832e-11,1.40742983919e-05,0.000121993141815,0.000430459580421,0.000123111621099,1.40742983919e-05,3.60302038832e-11,1.40742983919e-05,0.0319714315078,0.951318213951,0.0159784929324
440,0.0116303277273,0.119346328828,0.082619171073,0.0367477527136,0.0105121838581,0.0665004294112,0.0581977740183,0.0809080140876,0.250359195528,0.145152458796,0.0918979228657,0.0461284410934,1,0.8,10,13,12,8,20,6.45673394228e-05,1.65292388922e-10,6.45673394228e-05,4.07982398141e-05,0.000666754904344,0.000111928354952,6.45673394228e-05,1.65292388922e-10,6.45673394228e-05,0.0319623983556,0.950986921958,0.0159729284991
441,0.124336716797,0.025660250476,0.150018032027,0.0645217520203,0.225385712214,0.0307254349386,0.0326694368348,0.144983767571,0.00963219577376,0.039008457627,0.0762112245406,0.0768470191798,1,0.8,10,13,12,8,20,6.28365112255e-06,1.60861468737e-11,6.28365112255e-06,5.21671035573e-05,0.00012214372869,5.52215160433e-05,6.28365112255e-06,1.60861468737e-11,6.28365112255e-06,0.0319704361221,0.951788504879,0.0159863920141
442,0.0668705844832,0.116007335367,0.0395578978951,0.358626213126,0.157109699606,0.0177479839882,0.0223681715235,0.0568031563668,0.0640439577291,0.0149419671602,0.0109595748241,0.0749634579304,1,0.8,10,13,12,8,20,1.68570189867e-05,4.3153968606e-11,1.68570189867e-05,1.72674458174e-05,0.000246631910208,2.08016481662e-05,1.68570189867e-05,4.3153968606e-11,1.68570189867e-05,0.0319854807437,0.951677856543,0.015984533547
443,0.0946868526816,0.088791563116,0.164420209899,0.149168447939,0.100124874839,0.0960679870797,0.0105806899125,0.019853108737,0.136093876059,0.0651525953332,0.0389878813139,0.03607191309,1,0.8,10,13,12,8,20,1.2541894766e-05,3.2107250601e-11,1.2541894766e-05,9.62989878008e-05,0.000380460501448,1.45561446452e-05,1.2541894766e-05,3.2107250601e-11,1.2541894766e-05,0.0319374815635,0.951538836613,0.015982198546
444,0.327814233581,0.0776571111792,0.195112516476,0.0462872917325,0.102494795785,0.022802008501,0.00690899664982,0.00860436944824,0.0489028935526,0.0240231510349,0.0413352492873,0.0980573827716,1,0.8,10,13,12,8,20,4.82998904095e-06,1.23647719448e-11,4.82998904095e-06,3.04326738642e-05,0.000192330722619,5.92896249626e-06,4.82998904095e-06,1.23647719448e-11,4.82998904095e-06,0.0319886814619,0.951777105647,0.0159862005508
445,0.022063481045,0.213858531741,0.00943558997519,0.00362655634376,0.0361081635724,0.0816658422347,0.163641423203,0.107514063662,0.275080093022,0.0693618647981,0.00194063400561,0.0157037563976,1,0.8,10,13,12,8,20,0.000112220996151,2.87285750148e-10,0.000112220996151,0.000297387352129,0.0058045959759,0.00013435475972,0.000112220996151,2.87285750148e-10,0.000112220996151,0.0317123451157,0.945718001371,0.0158844308659
446,0.128314518175,0.0045130979785,0.0721244825019,0.0341168148294,0.126888415979,0.17884188652,0.0960923978012,0.163780651389,0.0174889256925,0.0755803385004,0.0450267876613,0.0572316829728,1,0.8,10,13,12,8,20,7.65638846267e-06,1.96003544644e-11,7.65638846267e-06,3.11320703629e-05,0.000125043932099,3.03654356912e-05,7.65638846267e-06,1.96003544644e-11,7.65638846267e-06,0.0319714716479,0.951824366962,0.0159869943594
447,0.0121239326597,0.176947951218,0.000253977968129,0.0684387426617,0.0433621457049,0.0517922087478,0.423740935818,0.0288276676376,0.0153251915993,0.00436230538579,0.129767721452,0.0450572191466,1,0.8,10,13,12,8,20,7.70715938831e-06,1.97303280341e-11,7.70715938831e-06,0.000133253273736,0.000837556834041,1.40142078739e-05,7.70715938831e-06,1.97303280341e-11,7.70715938831e-06,0.0319223352661,0.95108739567,0.0159746160716
448,0.183382179923,0.00822033769654,0.112254847466,0.00915686609396,0.124838574882,0.0343554906049,0.194470884905,0.0710053865372,0.0733857476162,0.169559387427,0.00948480014862,0.009885496699,1,0.8,10,13,12,8,20,7.26054799621e-05,1.85870028703e-10,7.26054799621e-05,0.0117818472806,0.00365017293956,0.000403249179715,7.26054799621e-05,1.85870028703e-10,7.26054799621e-05,0.0314010048174,0.936739674048,0.0157336294436
449,0.122651968586,0.00481338291947,0.088941881182,0.0755278912095,0.177500437412,0.00216188397586,0.0129407983119,0.167288120032,0.0236981215638,0.132905822656,0.0174154768193,0.174154215332,1,0.8,10,13,12,8,20,3.10569899014e-06,7.95058941476e-12,3.10569899014e-06,3.78309531399e-05,0.000120347085288,3.78668464022e-06,3.10569899014e-06,7.95058941476e-12,3.10569899014e-06,0.0319901601398,0.951848060014,0.0159873923117
450,0.00588781975519,0.122387343534,0.132868057144,0.182567462569,0.117340554696,0.15681265183,0.0738391654679,0.030184198184,0.00464215748302,0.0347406041418,0.104767797775,0.0339621874201,1,0.8,10,13,12,8,20,1.20295917492e-06,3.07957548779e-12,1.20295917492e-06,6.56624666721e-06,1.59943469751e-05,1.82514416878e-06,1.20295917492e-06,3.07957548779e-12,1.20295917492e-06,0.0319958550048,0.951985250824,0.0159896965905
451,0.021751889453,0.0688730313342,0.141008875424,0.0235567943285,0.149529555686,0.133329747165,0.00992072492196,0.172139129836,0.101009245828,0.1652687847,0.0133647644017,0.00024745692262,1,0.8,10,13,12,8,20,2.65351873469e-05,6.79300796081e-11,2.65351873469e-05,1.76953926353e-05,0.000666754211774,2.3975632715e-05,2.65351873469e-05,6.79300796081e-11,2.65351873469e-05,0.031970819212,0.951237477791,0.015977136875
452,0.05293594586,0.0926658055055,0.118436995765,0.0114127093355,0.0295747245618,0.205095626565,0.114543198648,0.0594512039927,0.0267452355627,0.004760222082,0.120336595736,0.164041736385,1,0.8,10,13,12,8,20,7.00007799361e-06,1.79201996636e-11,7.00007799361e-06,3.48708399358e-05,7.38756489136e-05,6.4264697673e-06,7.00007799361e-06,1.79201996636e-11,7.00007799361e-06,0.0319915729531,0.951877369148,0.0159878845926
453,0.0785755822567,0.128860660811,0.188325795937,0.00267865991446,0.0157745247444,0.0974153137953,0.133916134345,0.0238342210943,0.194559711622,0.0954295251571,0.0143118781646,0.0263179921589,1,0.8,10,13,12,8,20,2.61070419454e-05,6.68340273801e-11,2.61070419454e-05,0.00010542212348,0.000208251385047,2.48313165491e-05,2.61070419454e-05,6.68340273801e-11,2.61070419454e-05,0.031936723667,0.95163650422,0.0159838389867
454,0.0342602177525,0.0123340447367,0.143105695213,0.0169441646838,0.100998421701,0.004558871149,0.160087777816,0.170667873757,0.0673341801622,0.0212739819052,0.110652978261,0.157781792863,1,0.8,10,13,12,8,20,2.0978071283e-06,5.37038624846e-12,2.0978071283e-06,4.78871898559e-05,9.11226346843e-05,5.80035525347e-06,2.0978071283e-06,5.37038624846e-12,2.0978071283e-06,0.031950744943,0.951907660271,0.0159883933671
455,0.0295144962087,0.0236528997383,0.000595268593507,0.368770033971,0.0995768758327,0.0901165721266,0.0795714727705,0.0395384684106,0.00737000085776,0.0835109809201,0.027538738391,0.150244192179,1,0.8,10,13,12,8,20,4.03014629247e-07,1.03171745087e-12,4.03014629247e-07,6.28299136341e-06,1.74467869961e-05,7.69046961165e-06,4.03014629247e-07,1.03171745087e-12,4.03014629247e-07,0.0319954574607,0.951981870418,0.0159896398126
456,0.0531567492165,0.0816156376765,0.00826534568326,0.0332141694588,0.00998278320371,0.0398185012505,0.256702044372,0.0232057934529,0.00116497474642,0.288611833637,0.0882298178355,0.116032349466,1,0.8,10,13,12,8,20,5.24575392711e-05,1.34291300534e-10,5.24575392711e-05,0.000464754630208,0.000628988604917,0.000100567441441,5.24575392711e-05,1.34291300534e-10,5.24575392711e-05,0.0319328662724,0.950694967834,0.0159680247909
457,0.16776122812,0.0467243847441,0.01151360686,0.236319648352,0.0157774401908,0.141639666256,0.0177071301403,0.267507285326,0.0229092224193,0.0651932508317,0.0052831002754,0.00166403648486,1,0.8,10,13,12,8,20,8.20412250241e-06,2.10025536062e-11,8.20412250241e-06,0.000293673518637,0.00050482143221,1.0412077745e-05,8.20412250241e-06,2.10025536062e-11,8.20412250241e-06,0.0319659166071,0.951215590578,0.0159767692539
458,0.0179635096006,0.218468378987,0.140231958242,0.0241841020682,0.038218842421,0.0558228516512,0.0812558277121,0.144400939104,0.185750372735,0.0123805863861,0.0418209746524,0.0395016564394,1,0.8,10,13,12,8,20,2.95611781808e-05,7.56766161428e-11,2.95611781808e-05,0.000147963642407,0.00140117931419,2.8259716087e-05,2.95611781808e-05,7.56766161428e-11,2.95611781808e-05,0.0318717683257,0.950468365397,0.0159642187402
459,0.0542457484809,0.0190254587347,0.12461345839,0.093176005134,0.0783919724381,0.133153718776,0.204357344738,0.0167687127839,0.00462661099539,0.19317920519,0.062850239654,0.0156115246838,1,0.8,10,13,12,8,20,2.7387330324e-06,7.01115656295e-12,2.7387330324e-06,5.00483240724e-05,2.55480474016e-05,9.28434322117e-06,2.7387330324e-06,7.01115656295e-12,2.7387330324e-06,0.0319513456152,0.951963487671,0.0159893310531
460,0.0283619523829,0.00382281803015,0.0285381547836,0.0480392613112,0.134375189659,0.00775754304917,0.112630281607,0.0130316434838,0.129776795701,0.105313333904,0.0024395182162,0.385913507873,1,0.8,10,13,12,8,20,6.63547749014e-05,1.69868223748e-10,6.63547749014e-05,0.0021257058579,0.00156578445666,0.000172253634864,6.63547749014e-05,1.69868223748e-10,6.63547749014e-05,0.0318650685784,0.948081637162,0.0159241308708
461,0.0607261060469,0.130777038612,0.0427693061728,0.208027303199,0.0027425890589,0.16769406256,0.0556030543359,0.010568009994,0.0168947083861,0.0441094114608,0.00885986777048,0.251228542403,1,0.8,10,13,12,8,20,0.000143380927282,3.67055173843e-10,0.000143380927282,0.00809231745257,0.00588292607337,0.000789743681021,0.000143380927282,3.67055173843e-10,0.000143380927282,0.0314662000437,0.937449732605,0.0157455557008
462,0.0823787868306,0.139839028617,0.0674662658528,0.0325115693374,0.0751397301425,0.115694896303,0.205361553626,0.0127589704355,0.124098118085,0.0131789613596,0.0519987439716,0.0795733754396,1,0.8,10,13,12,8,20,5.12296342151e-05,1.31147863591e-10,5.12296342151e-05,0.000195279437277,0.00102540575521,3.91531166711e-05,5.12296342151e-05,1.31147863591e-10,5.12296342151e-05,0.0319289768532,0.950639178297,0.015967087741
463,0.212999072628,0.00100909519678,0.0452528397744,0.0523639779244,0.134208958047,0.0256801470002,0.17515331426,0.0546171184975,0.00645241136209,0.0216985601831,0.245057276522,0.0255072286039,1,0.8,10,13,12,8,20,6.93033128934e-07,1.77416481007e-12,6.93033128934e-07,1.59078832183e-05,6.63403268894e-06,1.06801233665e-06,6.93033128934e-07,1.77416481007e-12,6.93033128934e-07,0.0319772587117,0.952006308938,0.0159900502859
464,0.00899613262121,0.14006011858,0.0528063750775,0.0139337028111,0.034192571402,0.0508737098937,0.0459822778163,0.0206083475231,0.401814371625,0.169324492552,0.0149447341982,0.0464631659002,1,0.8,10,13,12,8,20,5.84382208299e-06,1.49601845325e-11,5.84382208299e-06,7.46941929917e-05,7.26416670232e-05,6.12407101485e-05,5.84382208299e-06,1.49601845325e-11,5.84382208299e-06,0.03196966514,0.951811602998,0.0159867799738
465,0.0358763994956,0.0540842122267,0.171825852182,0.0181334722897,0.0557128076048,0.0489272374653,0.00542992352162,0.164727934322,0.201748870368,0.226764213385,0.00855342123519,0.00821565590324,1,0.8,10,13,12,8,20,9.15437023513e-06,2.34351878019e-11,9.15437023513e-06,3.72855121172e-05,0.0013721621913,5.67006891011e-06,9.15437023513e-06,2.34351878019e-11,9.15437023513e-06,0.0319093687808,0.950671269175,0.0159676267445
466,0.0773136569594,0.081236561734,0.0258827992661,0.113258861484,0.00212396727304,0.0712911483873,0.317843303339,0.0840765159755,0.0880629940057,0.0212299674714,0.0277073868774,0.0899728372265,1,0.8,10,13,12,8,20,0.000484926523999,1.24141190144e-09,0.000484926523999,0.00466133947799,0.0110570211123,0.000965910492645,0.000484926523999,1.24141190144e-09,0.000484926523999,0.031400973489,0.93428268538,0.0156923614689
467,0.175643537339,0.0310454507872,0.0554670407086,0.0286560777926,0.0791153401757,0.00606831219978,0.0777545341123,0.156318054022,0.0500400364546,0.164610209722,0.0832129886451,0.0920684180417,1,0.8,10,13,12,8,20,0.000163396063955,4.18293923726e-10,0.000163396063955,0.00394335975021,0.00292503243361,0.000374539777132,0.000163396063955,4.18293923726e-10,0.000163396063955,0.0317256945216,0.944513587094,0.015864201331
468,0.0319911273205,0.000737599639377,0.346404645273,0.0371216851132,0.0227320023293,0.0444308177723,0.0463914866417,0.0106168609937,0.0448432946621,0.352932051981,0.0565363291162,0.0052620991575,1,0.8,10,13,12,8,20,4.62735022578e-06,1.1846016578e-11,4.62735022578e-06,5.4225528911e-05,7.30121233822e-05,5.75775917471e-05,4.62735022578e-06,1.1846016578e-11,4.62735022578e-06,0.0319712310386,0.951838217301,0.0159872269919
469,0.0781478061956,0.0494695994772,0.005895625615,0.00495034090419,0.180839383452,0.0274460277572,0.0141283955834,0.119729851784,0.0428770033244,0.372064554593,0.101605650317,0.00284576099553,1,0.8,10,13,12,8,20,2.77302909404e-06,7.09895448075e-12,2.77302909404e-06,1.62159179117e-06,2.88546954572e-05,4.61252647737e-06,2.77302909404e-06,7.09895448075e-12,2.77302909404e-06,0.0319955822867,0.951968816217,0.0159894205522
470,0.094520399668,0.0730571778499,0.175142676383,0.11956594878,0.0173191873917,0.0632731297444,0.113837091624,0.0593936103143,0.192518515319,0.0308491856685,0.0152270101636,0.0452960670931,1,0.8,10,13,12,8,20,9.15653636009e-08,2.34407330818e-13,9.15653636009e-08,1.29577026585e-05,1.62101717056e-06,6.22197571651e-07,9.15653636009e-08,2.34407330818e-13,9.15653636009e-08,0.0319783055508,0.952015915628,0.0159902116414
471,0.0427443927336,0.0334591832452,0.0455498367062,0.0153185289581,0.171175928826,0.254471350362,0.0727282360177,0.0240588679715,0.267427817491,0.0326400155885,0.0148873495904,0.0255384925105,1,0.8,10,13,12,8,20,5.34183688153e-05,1.36751024167e-10,5.34183688153e-05,0.000403782566805,0.00137808962961,8.93929247266e-05,5.34183688153e-05,1.36751024167e-10,5.34183688153e-05,0.0318804195641,0.950076996323,0.0159576452426
472,0.168060064872,0.0636611615551,0.0494441448235,0.0271397057506,0.0226290116312,0.0299325744799,0.144170827013,0.0854391570218,0.0316361292132,0.139592821855,0.117075957596,0.121218444189,1,0.8,10,13,12,8,20,6.20430153054e-06,1.58830119182e-11,6.20430153054e-06,0.000822394279307,0.000343252877617,6.87492788407e-05,6.20430153054e-06,1.58830119182e-11,6.20430153054e-06,0.0319344961391,0.950835898306,0.0159703918817
473,0.0714661434248,0.0605729403227,0.0115915747825,0.0302232817349,0.092921228575,0.10793570272,0.371586993297,0.0169185128465,0.0928768543893,0.0393645587867,0.0151286521505,0.0894135569706,1,0.8,10,13,12,8,20,3.25757912172e-05,8.33940255159e-11,3.25757912172e-05,7.47137760982e-05,0.000651842125242,5.39438331415e-05,3.25757912172e-05,8.33940255159e-11,3.25757912172e-05,0.031965896377,0.951147672073,0.0159756284838
474,0.13801359574,0.0280003087436,0.0840602664519,0.0434922653012,0.162112821621,0.0119475249671,0.133262509533,0.0586734347982,0.0728972948928,0.0577189664296,0.0977901834653,0.112030828056,1,0.8,10,13,12,8,20,0.00028051323589,7.18113883878e-10,0.00028051323589,0.0208178733655,0.00222404068875,0.00516381437909,0.00028051323589,7.18113883878e-10,0.00028051323589,0.0310587835598,0.924092232633,0.0155212009941
475,0.235796643669,0.00590266972732,0.013742008858,0.128636726997,0.0274100321084,0.185303651594,0.185950399684,0.0216966338579,0.0985202969027,0.0226558609597,0.0386584256082,0.0357266500341,1,0.8,10,13,12,8,20,0.0010540613647,2.69839709362e-09,0.0010540613647,0.046628433038,0.0171294615537,0.00316110171415,0.0010540613647,2.69839709362e-09,0.0010540613647,0.0297192718436,0.884292758339,0.0148527226559
476,0.0470806023584,0.0958837581603,0.00361414673551,0.180285661872,0.0911676714428,0.0546449644779,0.067466831443,0.0489392831219,0.0203804315432,0.157328393792,0.128912750343,0.104295504709,1,0.8,10,13,12,8,20,7.44713939283e-06,1.90646768457e-11,7.44713939283e-06,3.51818028387e-05,0.000204197690356,9.09132081927e-06,7.44713939283e-06,1.90646768457e-11,7.44713939283e-06,0.0319694942895,0.951766228445,0.0159860178556
477,0.0166385197523,0.0100218968337,0.079266852432,0.0337977326998,0.0949484202326,0.0287447015881,0.0641842500241,0.0612873022661,0.26260238488,0.195612974554,0.068667887482,0.0842270772561,1,0.8,10,13,12,8,20,6.70655884988e-05,1.71687906557e-10,6.70655884988e-05,0.00309404691439,0.00344837095603,0.000295020436699,6.70655884988e-05,1.71687906557e-10,6.70655884988e-05,0.0317698277382,0.94524793569,0.0158765355675
478,0.0710818767372,0.00181762087475,0.0423802008618,0.00974087530784,0.108364171949,0.0349701858194,0.201084581597,0.0399449931885,0.0300856889908,0.08514840726,0.230327305076,0.145054092337,1,0.8,10,13,12,8,20,9.85755082416e-07,2.52353301098e-12,9.85755082416e-07,2.11374319969e-05,3.42940453645e-05,1.57405027071e-06,9.85755082416e-07,2.52353301098e-12,9.85755082416e-07,0.0319772442711,0.951972327645,0.0159894795307
479,0.179826707728,0.0957728824477,0.0148009604487,0.0353020848402,0.107109807616,0.0443975401332,0.0249603834788,0.0315640465643,0.115193859334,0.127742488481,0.156485199673,0.0668440392552,1,0.8,10,13,12,8,20,4.0546440116e-05,1.03798886697e-10,4.0546440116e-05,0.00107280159574,0.00179171907763,0.000116314214129,4.0546440116e-05,1.03798886697e-10,4.0546440116e-05,0.0318557384675,0.949060665883,0.0159405747939
480,0.169455801854,0.0481572733209,0.0714757231436,0.087240239518,0.142886989243,0.0869536723392,0.0806774676787,0.199629194921,0.0067751014701,0.00458472355915,0.0513486860659,0.0508151268866,1,0.8,10,13,12,8,20,0.000120885781865,3.09467601575e-10,0.000120885781865,0.00210840247547,0.00847775542864,0.000182700278311,0.000120885781865,3.09467601575e-10,0.000120885781865,0.0315691133588,0.941367131749,0.0158113529636
481,0.121930714802,0.0144226509813,0.0135278975877,0.106075977074,0.0650494485654,0.0279903085251,0.106955179778,0.258013677779,0.0034234745444,0.0830162403768,0.195379324217,0.00421510577011,1,0.8,10,13,12,8,20,4.90389103427e-06,1.25539610477e-11,4.90389103427e-06,1.29037660092e-05,0.00010240752575,1.1780865794e-05,4.90389103427e-06,1.25539610477e-11,4.90389103427e-06,0.0319920245712,0.951873448934,0.015987818748
482,0.223105857663,0.127503872936,0.0290784334001,0.0118505289922,0.253146347555,0.0595320866072,0.0557381014183,0.0968255387525,0.00682525646102,0.00463728296562,0.0599611672097,0.0717955260382,1,0.8,10,13,12,8,20,1.99327643484e-06,5.10278767319e-12,1.99327643484e-06,3.28865456356e-05,8.3396280185e-05,5.37855955232e-06,1.99327643484e-06,5.10278767319e-12,1.99327643484e-06,0.0319742769959,0.95190769456,0.0159883939431
483,0.0252021277829,0.219369408525,0.0497223272718,0.0313576349006,0.0903776257256,0.00826399453054,0.11159429868,0.0961694399543,0.19649057018,0.146265389788,0.0185982002065,0.00658898245499,1,0.8,10,13,12,8,20,7.38001327108e-06,1.8892833974e-11,7.38001327108e-06,6.34791739102e-05,0.000110951005001,2.25606922918e-05,7.38001327108e-06,1.8892833974e-11,7.38001327108e-06,0.0319478333669,0.951838425187,0.0159872304836
484,0.0957475802099,0.178050273695,0.149088875402,0.128926225093,0.0334556615449,0.0455998561615,0.0374755467177,0.0304675942233,0.0607280698231,0.0348307595197,0.0118037620432,0.193825795566,1,0.8,10,13,12,8,20,1.64450713411e-05,4.20993826331e-11,1.64450713411e-05,0.000390929458462,4.27244305616e-05,0.000275991908149,1.64450713411e-05,4.20993826331e-11,1.64450713411e-05,0.0319697354211,0.951277037093,0.0159778013193
485,0.0628443037419,0.0258627799777,0.166985016598,0.0339657226712,0.103153536168,0.0227195981804,0.0589662765814,0.0772698817107,0.0144086005361,0.0510747432829,0.305146245186,0.0776032953651,1,0.8,10,13,12,8,20,1.88447902147e-06,4.82426629497e-12,1.88447902147e-06,3.20389675637e-05,0.000100631016286,2.24899812507e-05,1.88447902147e-06,4.82426629497e-12,1.88447902147e-06,0.0319910338842,0.951858697249,0.0159875709764
486,0.269351471731,0.099636988818,0.0938357840734,0.0207718761195,0.0784955811232,0.161066938747,0.0175814607351,0.0304577950037,0.11599125363,0.0422759582773,0.0485369683541,0.0219979233884,1,0.8,10,13,12,8,20,1.92666204244e-05,4.93225482865e-11,1.92666204244e-05,0.000157321798527,0.00160738442098,4.32275955944e-05,1.92666204244e-05,4.93225482865e-11,1.92666204244e-05,0.031892974833,0.9502612842,0.0159607405712
487,0.0077051309103,0.110295960331,0.11765851814,0.0229881900024,0.166319929609,0.195069123542,0.114732673773,0.0894375671666,0.0339131452345,0.0971673304153,0.0382539218339,0.00645850904183,1,0.8,10,13,12,8,20,4.92272226584e-05,1.26021690005e-10,4.92272226584e-05,0.000137600761626,0.00149186883095,3.29331993948e-05,4.92272226584e-05,1.26021690005e-10,4.92272226584e-05,0.0319171283798,0.95026279376,0.015960765926
488,0.0293098114352,0.0954752780726,0.0809105763747,0.0759488488654,0.0869794493928,0.00919665096277,0.0422495928438,0.0548622992534,0.222554538807,0.110067988225,0.0592829041196,0.133162061647,1,0.8,10,13,12,8,20,1.6114021906e-06,4.12518960794e-12,1.6114021906e-06,3.46341880492e-05,8.18856065048e-05,1.69235722243e-05,1.6114021906e-06,4.12518960794e-12,1.6114021906e-06,0.0319738749277,0.951898004895,0.0159882311939
489,0.0314753701869,0.143384153694,0.108828264571,0.254372085714,0.135331910369,0.100196019956,0.0454517507323,0.104351976633,0.0052790467261,0.00899955677834,0.0397451470235,0.0225847176156,1,0.8,10,13,12,8,20,0.00115462897019,2.95585016369e-09,0.00115462897019,0.00767725711276,0.0179766641448,0.0041780812944,0.00115462897019,2.95585016369e-09,0.00115462897019,0.0308743441589,0.919235504879,0.0154396266176
490,0.0551330240899,0.240029379408,0.147745549966,0.103227311418,0.0478679495124,0.015269328306,0.02574673133,0.10793350117,0.0242210298308,0.0146740599852,0.113628205093,0.10452392989,1,0.8,10,13,12,8,20,8.13761600019e-05,2.08322969605e-10,8.13761600019e-05,0.000250975105101,0.00307800946393,3.75335076534e-05,8.13761600019e-05,2.08322969605e-10,8.13761600019e-05,0.0318389646562,0.948537229144,0.0159317830667
491,0.151825989842,0.0968068803754,0.117911493189,0.0137276675405,0.0177620787526,0.0919998197088,0.0684426243766,0.157155461358,0.0702552692514,0.0906989086245,0.0413497057003,0.0820641012813,1,0.8,10,13,12,8,20,0.000142238593515,3.64130799399e-10,0.000142238593515,0.00225795601454,0.00253999792386,0.00132668668364,0.000142238593515,3.64130799399e-10,0.000142238593515,0.0317788981584,0.945644312934,0.0158831931831
492,0.178404231379,0.00965988422206,0.0614968375714,0.00842044396302,0.00548090398713,0.127180559947,0.1253072377,0.036212137701,0.16675472636,0.206264509366,0.0652341303458,0.00958439745705,1,0.8,10,13,12,8,20,6.63867732911e-05,1.69950139625e-10,6.63867732911e-05,0.000897779085853,0.00191668736378,0.00098261633589,6.63867732911e-05,1.69950139625e-10,6.63867732911e-05,0.0318668912926,0.948145278685,0.015925199804
493,0.143424135639,0.00778314917635,0.114721160937,0.0242581023049,0.0176756809238,0.126616025102,0.00461833352494,0.197185727868,0.208890706703,0.0196021564162,0.0724519017448,0.0627729196593,1,0.8,10,13,12,8,20,0.000467527879596,1.19687137177e-09,0.000467527879596,0.0023810831462,0.00411071843838,0.0026470763882,0.000467527879596,1.19687137177e-09,0.000467527879596,0.0316265324131,0.941550050407,0.0158144252946
494,0.291969439129,0.187108744576,0.019416985755,0.002684167155,0.190822354448,0.0267956670368,0.154559006921,0.019051288663,0.020479400928,0.0235247050359,0.0313430888599,0.0322451514917,1,0.8,10,13,12,8,20,1.08259998084e-05,2.77145595096e-11,1.08259998084e-05,0.000142235913481,0.000814016920031,2.99206209348e-05,1.08259998084e-05,2.77145595096e-11,1.08259998084e-05,0.0319412222754,0.951055224496,0.0159740757195
495,0.0543388711689,0.236517417525,0.0113650193935,0.111147574578,0.0641505470632,0.0976692646454,0.0196201235689,0.0312559000108,0.0182393275191,0.145277967119,0.076759372455,0.133658614953,1,0.8,10,13,12,8,20,1.91447717825e-06,4.90106157632e-12,1.91447717825e-06,2.23200971366e-05,0.000176651635749,3.84131950741e-06,1.91447717825e-06,4.90106157632e-12,1.91447717825e-06,0.0319720125078,0.951830420486,0.0159870960353
496,0.10412147932,0.0448014409862,0.03064766271,0.0453941807915,0.0666182020183,0.131998096365,0.0962082116624,0.0642485873432,0.00606059770304,0.0816260535044,0.1729004108,0.155375076795,1,0.8,10,13,12,8,20,4.7819796665e-06,1.22418679462e-11,4.7819796665e-06,2.6627347809e-05,0.000129204117206,2.02345482463e-05,4.7819796665e-06,1.22418679462e-11,4.7819796665e-06,0.0319904334113,0.95182732853,0.0159870441024
497,0.143556009357,0.20431316553,0.068654835296,0.196507098967,0.0191878321719,0.0104965907343,0.17652694878,0.0145455778941,0.0208473217045,0.0016424881853,0.0263035949013,0.117418536479,1,0.8,10,13,12,8,20,1.80273859478e-06,4.61501080263e-12,1.80273859478e-06,0.000113445346076,3.04768287665e-05,3.70074142254e-05,1.80273859478e-06,4.61501080263e-12,1.80273859478e-06,0.0319217067445,0.951901856811,0.0159882958913
498,0.0891495645594,0.0443632335059,0.125758349063,0.139081064598,0.120768981022,0.081416767384,0.0372385231319,0.0209964640748,0.0607384168091,0.0974025338009,0.0801305442467,0.102955557803,1,0.8,10,13,12,8,20,1.04801971859e-06,2.68293047959e-12,1.04801971859e-06,1.9725169296e-05,1.35280204345e-05,4.10670474364e-06,1.04801971859e-06,2.68293047959e-12,1.04801971859e-06,0.0319954593169,0.951973489656,0.015989499048
499,0.0856196095307,0.0124139086562,0.0970711863362,0.0029087977353,0.189338863518,0.162456715848,0.0473921184698,0.00816198257621,0.16632399259,0.19799167262,0.0187822354942,0.0115389166244,1,0.8,10,13,12,8,20,7.67264845966e-08,1.96419800567e-13,7.67264845966e-08,1.42127931217e-07,2.53304844137e-06,8.93334916714e-08,7.67264845966e-08,1.96419800567e-13,7.67264845966e-08,0.0319970631838,0.952009757197,0.0159901082034
500,0.00216296681413,0.0719882742452,0.106373165571,0.0308694633454,0.218421887475,0.0740850607557,0.0145832541236,0.000567984384731,0.0364670818682,0.223625597149,0.213859592726,0.00699567154258,1,0.8,10,13,12,8,20,8.20240492498e-05,2.09981566079e-10,8.20240492498e-05,0.0150650539413,0.00228367075377,0.000448029526415,8.20240492498e-05,2.09981566079e-10,8.20240492498e-05,0.0313770718216,0.934797076083,0.0157010012574
501,0.107880895418,0.301059790409,0.0842186682065,0.0427006198227,0.0039256039135,0.0367914251091,0.0860194199183,0.053763627476,0.0805494111898,0.0237626488417,0.151511642966,0.0278162467295,1,0.8,10,13,12,8,20,5.6923426889e-05,1.45723972836e-10,5.6923426889e-05,0.000887676898222,0.00785137012341,2.06462911976e-05,5.6923426889e-05,1.45723972836e-10,5.6923426889e-05,0.0316911752962,0.943474685616,0.0158467517756
502,0.0738441323861,0.00767682281339,0.0387568860864,0.159577264942,0.0326211422147,0.0935472316952,0.276125515352,0.0137533539236,0.111883323475,0.0251668659908,0.080710971259,0.0863364898623,1,0.8,10,13,12,8,20,3.84477904689e-06,9.84263436004e-12,3.84477904689e-06,3.75126372685e-05,1.85638778295e-05,1.22357752269e-05,3.84477904689e-06,9.84263436004e-12,3.84477904689e-06,0.0319752125048,0.951951958659,0.01598913741
503,0.0174102425653,0.126111712169,0.0191106506798,0.00274980729524,0.0166182198008,0.15844279145,0.119449691153,0.394482264256,0.0333514017854,0.0692679253206,0.014817128671,0.0281881648536,1,0.8,10,13,12,8,20,0.00122169248604,3.12753276425e-09,0.00122169248604,0.0446528422656,0.00929374973934,0.0157491051498,0.00122169248604,3.12753276425e-09,0.00122169248604,0.0295484660512,0.881070460174,0.0147986004204
504,0.0515264631963,0.0868750033428,0.027485098814,0.0471640688292,0.153281758416,0.011722655241,0.156125005655,0.126356050609,0.146757404309,0.0531313729194,0.117174824139,0.0224002945288,1,0.8,10,13,12,8,20,5.64286455028e-05,1.44457332487e-10,5.64286455028e-05,0.00753711490602,0.000948497082631,0.000205982157177,5.64286455028e-05,1.44457332487e-10,5.64286455028e-05,0.0316804854769,0.943554119546,0.0158480859606
505,0.000396996324914,0.016092121589,0.287465067629,0.215436588654,0.00537077527395,0.00790670012975,0.138134562993,0.00669475332467,0.0144544775294,0.179855186846,0.0884473097104,0.0397454599963,1,0.8,10,13,12,8,20,1.40729055543e-05,3.60266382189e-11,1.40729055543e-05,1.38161133545e-05,0.000324227809276,2.87049170965e-05,1.40729055543e-05,3.60266382189e-11,1.40729055543e-05,0.0319651331029,0.951628128064,0.0159836982995
506,0.0528704563873,0.0185997965095,0.0382935746446,0.034787473538,0.270101650513,0.0618661018737,0.129726836091,0.00251483968184,0.000849818605806,0.141866878366,0.122071069513,0.126451504276,1,0.8,10,13,12,8,20,3.36390206988e-06,8.61158929888e-12,3.36390206988e-06,8.89929438411e-06,9.17416382376e-05,7.86448472757e-06,3.36390206988e-06,8.61158929888e-12,3.36390206988e-06,0.0319929391087,0.951896887424,0.0159882124247
507,0.273219298453,0.0540009754043,0.00142067825645,0.0337515256923,0.030599927073,0.00921566516514,0.0425694756335,0.0436405929523,0.315850527784,0.0342341537521,0.147902240526,0.0135949393077,1,0.8,10,13,12,8,20,7.6182294973e-05,1.95026675131e-10,7.6182294973e-05,0.000205157137433,0.00518758936777,8.64595514071e-05,7.6182294973e-05,1.95026675131e-10,7.6182294973e-05,0.0318114486079,0.946506933863,0.0158976819023
508,0.21823585599,0.0772846069899,0.00158577253286,0.00576396965124,0.195485225364,0.0955750574284,0.0530625053058,0.0860210519228,0.0078972286456,0.0470513986202,0.0605974613287,0.15143986622,1,0.8,10,13,12,8,20,8.38176139506e-05,2.14573091713e-10,8.38176139506e-05,0.0108686032597,0.00438177961422,0.000241127313384,8.38176139506e-05,2.14573091713e-10,8.38176139506e-05,0.0314508745573,0.936984601093,0.0157377432775
509,0.0630915083986,0.065211421274,0.0492089247307,0.100651393749,0.132992199737,0.152388889999,0.131327071456,0.0354725070999,0.0639134360278,0.0477420947634,0.11400781097,0.0439927417943,1,0.8,10,13,12,8,20,9.65408247449e-06,2.47144511347e-11,9.65408247449e-06,9.6295076589e-05,0.000366130862758,8.36773451426e-06,9.65408247449e-06,2.47144511347e-11,9.65408247449e-06,0.0319609597253,0.951547289696,0.0159823405253
510,0.222195754983,0.05638042555,0.0567510333472,0.0410791257456,0.0776773286631,0.0245572111357,0.0854338744445,0.0215269125777,0.0811791033554,0.29045288488,0.0282016560632,0.0145646892546,1,0.8,10,13,12,8,20,4.69756012973e-08,1.20257539321e-13,4.69756012973e-08,1.23937462015e-05,4.33832323549e-07,4.97277361923e-08,4.69756012973e-08,1.20257539321e-13,4.69756012973e-08,0.0319772599853,0.952019404564,0.0159902702422
511,0.0307203887724,0.0440705292281,0.0890653003378,0.212354216777,0.00281153411986,0.10472706446,0.0658572271298,0.0838801024498,0.208038515108,0.0904396985,0.0284520622104,0.0395833609072,1,0.8,10,13,12,8,20,2.32878468847e-06,5.96168880249e-12,2.32878468847e-06,2.35965387254e-05,1.62279713104e-05,1.71056799822e-05,2.32878468847e-06,5.96168880249e-12,2.32878468847e-06,0.0319762052715,0.95196814019,0.0159894091975
512,0.0240049914511,0.00136661013002,0.243501939747,0.0221352687527,0.046569620755,0.0682187694564,0.122615095622,0.0270201376341,0.0670125025944,0.0369349280877,0.332658721491,0.00796141427826,1,0.8,10,13,12,8,20,1.85933992284e-05,4.75991020246e-11,1.85933992284e-05,3.70110076394e-05,0.000377550468883,1.58354144655e-05,1.85933992284e-05,4.75991020246e-11,1.85933992284e-05,0.0319403191079,0.951572152189,0.0159827581197
513,0.0555376218858,0.000597160388252,0.217978390096,0.0971058801402,0.0420503656898,0.00537892438416,0.111472168077,0.0519971734678,0.0864151646917,0.110233307678,0.200851196164,0.0203826473373,1,0.8,10,13,12,8,20,1.39114786166e-06,3.56133852586e-12,1.39114786166e-06,2.07092760978e-05,6.38226661355e-05,3.45322560591e-06,1.39114786166e-06,3.56133852586e-12,1.39114786166e-06,0.0319936726893,0.95192410792,0.0159886696245
514,0.156786125448,0.0806863842237,0.244088306207,0.0226170874404,0.100404126361,0.0340808113114,0.127885961155,0.0303767729301,0.0955495663267,0.0485714095796,0.0130229094718,0.0459305395446,1,0.8,10,13,12,8,20,1.10762297158e-06,2.83551480723e-12,1.10762297158e-06,6.21105626716e-05,8.86670081969e-06,1.2749934806e-05,1.10762297158e-06,2.83551480723e-12,1.10762297158e-06,0.0319256606836,0.951996299455,0.0159898821651
515,0.0556411778055,0.194150732563,0.0178364944007,0.0400501642785,0.165343065223,0.0111936824698,0.0575505191653,0.124198854065,0.11774469527,0.11803760414,0.0212303434276,0.0770226671917,1,0.8,10,13,12,8,20,1.86519628898e-05,4.77490249979e-11,1.86519628898e-05,8.00375029679e-05,0.000448140027787,4.58213180849e-05,1.86519628898e-05,4.77490249979e-11,1.86519628898e-05,0.0319341408903,0.951436768126,0.0159804841873
516,0.0824782047997,0.0271842785883,0.0771863540633,0.0216731200056,0.0904526072284,0.00930273195563,0.290700360499,0.0498041591536,0.0974406515985,0.0789662942355,0.0248659763708,0.149945261501,1,0.8,10,13,12,8,20,0.000183293913327,4.69232418117e-10,0.000183293913327,0.0211826329721,0.00326599898259,0.00190143852796,0.000183293913327,4.69232418117e-10,0.000183293913327,0.0311306023968,0.926229059056,0.0155570914726
517,0.0910780845094,0.109100509797,0.00425071805545,0.102015730981,0.0280350537603,0.0844131209481,0.117195480684,0.296201103207,0.00806928722244,0.0603796003102,0.0332432663202,0.0660180442053,1,0.8,10,13,12,8,20,8.95688318149e-06,2.29296209446e-11,8.95688318149e-06,5.11825242821e-05,9.08103211515e-05,2.63195399698e-05,8.95688318149e-06,2.29296209446e-11,8.95688318149e-06,0.0319892505214,0.951819693649,0.0159869158657
518,0.194986705726,0.146160820643,0.162723469695,0.107137707114,0.00258727005771,0.0601527332906,0.0149027469632,0.126177680392,0.0361379877484,0.0571056157811,0.0666521086318,0.0252751539579,1,0.8,10,13,12,8,20,0.000197501751545,5.05604483954e-10,0.000197501751545,0.00719294409056,0.0131664194482,0.00269614397684,0.000197501751545,5.05604483954e-10,0.000197501751545,0.0312342007087,0.929311420451,0.0156088633077
519,0.134306106581,0.0272672574867,0.0274112502346,0.037544013643,0.148482241581,0.00977889080747,0.0297177849545,0.145996070957,0.0672657417299,0.139854639153,0.0879901405291,0.144385862342,1,0.8,10,13,12,8,20,2.59148437545e-05,6.63420000114e-11,2.59148437545e-05,0.000200476305176,0.00103813042537,0.000246988581056,2.59148437545e-05,6.63420000114e-11,2.59148437545e-05,0.0319273899298,0.950518297838,0.0159650574134
520,0.13161461605,0.18414656992,0.0349825694432,0.0628454564662,0.0475571401815,0.178735443839,0.1351723803,0.027649723752,0.0864374671593,0.0167958802153,0.0929828650173,0.00107988765488,1,0.8,10,13,12,8,20,9.68151829867e-06,2.47846868446e-11,9.68151829867e-06,0.000127482401282,0.000106817709624,0.000128226859968,9.68151829867e-06,2.47846868446e-11,9.68151829867e-06,0.0319625372108,0.951652108615,0.0159841010806
521,0.128811270096,0.044747769556,0.00474527461959,0.00348445079219,0.0358645241487,0.0892545876473,0.0336399877149,0.175752550669,0.0497573539575,0.000348471310782,0.18681680449,0.246776954998,1,0.8,10,13,12,8,20,7.71497502072e-07,1.9750336053e-12,7.71497502072e-07,2.297107022e-05,1.19476539082e-05,1.12293088051e-05,7.71497502072e-07,1.9750336053e-12,7.71497502072e-07,0.0319771781515,0.95198391369,0.0159896741318
522,0.14187268777,0.0365966628667,0.0768084781768,0.114862827237,0.0713764687948,0.116674314819,0.00282145736861,0.193823866695,0.0324912726333,0.0736993557985,0.130395730274,0.00857687756669,1,0.8,10,13,12,8,20,2.56318956255e-05,6.56176528012e-11,2.56318956255e-05,0.000104486832314,0.000479514186627,0.000127134400726,2.56318956255e-05,6.56176528012e-11,2.56318956255e-05,0.0319689707099,0.951240183831,0.015977182326
523,0.0219887617499,0.0432732843733,0.0273311417941,0.0560549569059,0.0137068663135,0.11735809248,0.138916614152,0.133235638811,0.113741560278,0.190346131782,0.0766527106251,0.0673942407349,1,0.8,10,13,12,8,20,0.000256050048917,6.55488125229e-10,0.000256050048917,0.00689140112792,0.00168987432884,0.0020312293922,0.000256050048917,6.55488125229e-10,0.000256050048917,0.0316064538623,0.940952451848,0.0158043879336
524,0.134802428119,0.0123939429058,0.0479367581335,0.0291921081914,0.0451143721021,0.0127466348698,0.264366910414,0.197285093099,0.00208860596373,0.132836284793,0.120585103429,0.000651757979798,1,0.8,10,13,12,8,20,2.08113894933e-05,5.32771571029e-11,2.08113894933e-05,1.2398886823e-05,0.00036751613037,1.30223790433e-05,2.08113894933e-05,5.32771571029e-11,2.08113894933e-05,0.0319817877738,0.951559483826,0.0159825453399
525,0.0519081809318,0.0720556025886,0.0566258378056,0.0384842358557,0.0154412511099,0.00768577048195,0.381984978787,0.0217755889482,0.144418705929,0.0568477273141,0.0187301280636,0.134041992185,1,0.8,10,13,12,8,20,0.000120287737398,3.07936607738e-10,0.000120287737398,0.00172735728667,0.00516779103859,0.000287860649401,0.000120287737398,3.07936607738e-10,0.000120287737398,0.0316098147948,0.944856070921,0.0158699537442
526,0.069968253402,0.0883889506404,0.00631176331818,0.0337907994963,0.0437667680603,0.242660228887,0.111640588298,0.105987458026,0.0553644806537,0.00544972632164,0.118556372742,0.118114610155,1,0.8,10,13,12,8,20,1.2298939361e-05,3.14852847642e-11,1.2298939361e-05,2.30964351127e-05,0.000136989526683,4.9391982829e-05,1.2298939361e-05,3.14852847642e-11,1.2298939361e-05,0.0319874282374,0.951767852858,0.0159860451395
527,0.0315918586316,0.176722047246,0.0498859478267,0.134338166948,0.0396849493252,0.193147904236,0.00257845906415,0.00781899376697,0.164850919779,0.00211155294606,0.17649505474,0.0207741454902,1,0.8,10,13,12,8,20,3.51237204514e-07,8.99167243556e-13,3.51237204514e-07,1.62553520598e-05,1.94135427322e-06,1.46906246422e-05,3.51237204514e-07,8.99167243556e-13,3.51237204514e-07,0.0319768634586,0.951998918111,0.0159899261484
528,0.0921232992051,0.263006751051,0.318949684409,0.00124380349373,0.00124658102697,0.00454589420532,0.0216582728396,0.0651888552943,0.0670926895577,0.0296814517637,0.0828942043983,0.0523685127553,1,0.8,10,13,12,8,20,1.75685256265e-05,4.49754256037e-11,1.75685256265e-05,0.000383457103565,0.000968115604738,1.39679636091e-05,1.75685256265e-05,4.49754256037e-11,1.75685256265e-05,0.0319461015077,0.950650800676,0.0159672829523
529,0.0370092118957,0.0831971211694,0.226265860037,0.0458391514711,0.0580334965961,0.00852695819908,0.192350172384,0.00593296786884,0.0848815447375,0.209890923956,0.0147700499584,0.0333025417279,1,0.8,10,13,12,8,20,2.57312117451e-05,6.58719020673e-11,2.57312117451e-05,3.15464843433e-05,0.000551365685861,1.94134668851e-05,2.57312117451e-05,6.58719020673e-11,2.57312117451e-05,0.0319550353848,0.951360510645,0.0159792033545
530,0.00429239235952,0.120451951427,0.170948043347,0.00380261274277,0.0431791328205,0.356095609669,0.0279135202108,0.0668281604184,0.022482144681,0.031260606155,0.0527732030257,0.099972623144,1,0.8,10,13,12,8,20,3.52334913767e-07,9.01977379243e-13,3.52334913767e-07,1.03919880456e-05,1.48834724819e-05,4.42734417301e-06,3.52334913767e-07,9.01977379243e-13,3.52334913767e-07,0.031995793337,0.951983428534,0.015989665983
531,0.307749770202,0.0101164393711,0.0177858830878,0.409828365753,0.0362022147891,0.0144579496876,0.0114771619252,0.00361217769168,0.0136609888457,0.0209235074084,0.130789026872,0.0233965143667,1,0.8,10,13,12,8,20,2.22010241228e-07,5.68346217544e-13,2.22010241228e-07,1.62910058134e-05,2.30870592961e-06,1.00121753149e-06,2.22010241228e-07,5.68346217544e-13,2.22010241228e-07,0.0319771484514,0.952012213124,0.0159901494536
532,0.00287349373408,0.150923237029,0.102947163661,0.0187351469387,0.0579816802906,0.02113384697,0.00645256050458,0.016452895375,0.161815511201,0.0543161336965,0.120391367291,0.285976963309,1,0.8,10,13,12,8,20,2.07541962837e-05,5.31307424862e-11,2.07541962837e-05,0.000121945555724,0.000689047479056,0.000114891822327,2.07541962837e-05,5.31307424862e-11,2.07541962837e-05,0.0319642330351,0.95105282972,0.0159740354964
533,0.174411299212,0.0578371428965,0.000736402507518,0.0271109305774,0.0178871679047,0.331943799303,0.0315165605924,0.059738622398,0.0438408790716,0.0157522323136,0.187542908223,0.0516820549994,1,0.8,10,13,12,8,20,4.51091507941e-06,1.15479426033e-11,4.51091507941e-06,4.87776502223e-05,0.000143786232405,2.75316191881e-05,4.51091507941e-06,1.15479426033e-11,4.51091507941e-06,0.0319493416726,0.951825505657,0.0159870134851
534,0.103758652967,0.000702457220326,0.319470217015,0.124168364481,0.0209020541157,0.0496061029346,0.068892874251,0.11154623955,0.0335676067012,0.0069750723737,0.116399021686,0.0440113367041,1,0.8,10,13,12,8,20,9.73575280525e-06,2.49235271815e-11,9.73575280525e-06,1.34042542315e-05,0.000795107040789,1.02894808842e-05,9.73575280525e-06,2.49235271815e-11,9.73575280525e-06,0.0319510547923,0.951214451253,0.0159767501176
535,0.0173661663366,0.112659653937,0.393392595853,0.0270187635221,0.145320365823,0.0297805995338,0.0168127067232,0.00424416918761,0.0450035420159,0.0398366506322,0.046639272486,0.121925513949,1,0.8,10,13,12,8,20,1.46545217033e-06,3.75155755605e-12,1.46545217033e-06,3.13470691683e-05,3.02343893494e-05,7.1625432875e-06,1.46545217033e-06,3.75155755605e-12,1.46545217033e-06,0.0319757833932,0.951960332727,0.0159892780621
536,0.0398485995531,0.210908025247,0.136784592893,0.0158417851025,0.0641822799851,0.0381592261662,0.055937117756,0.12909611519,0.0250279394704,0.173630313727,0.0805916083151,0.0299923965949,1,0.8,10,13,12,8,20,5.68392993871e-07,1.45508606431e-12,5.68392993871e-07,4.73316104319e-05,3.84969168375e-05,1.84986903496e-07,5.68392993871e-07,1.45508606431e-12,5.68392993871e-07,0.0319538195702,0.951968478462,0.0159894148792
537,0.00218316706603,0.0137162280102,0.163901796746,0.266515569363,0.157839557781,0.0108859714951,0.0492115509266,0.00411613274048,0.0388853837507,0.0643010683118,0.0637419607559,0.164701613054,1,0.8,10,13,12,8,20,2.81559008006e-06,7.20791060497e-12,2.81559008006e-06,6.9635605148e-06,3.2382907887e-05,2.67621266972e-06,2.81559008006e-06,7.20791060497e-12,2.81559008006e-06,0.0319949911445,0.951962410833,0.0159893129663
538,0.0528056385214,0.141030509125,0.0666101557982,0.111742430616,0.0544011612613,0.0117579796897,0.228075692422,0.0442525317826,0.0578097225512,0.028864346441,0.101345085727,0.101304746064,1,0.8,10,13,12,8,20,1.9037721575e-06,4.8736567232e-12,1.9037721575e-06,5.5079155837e-05,7.37690177565e-05,7.82201289616e-06,1.9037721575e-06,4.8736567232e-12,1.9037721575e-06,0.0319512937835,0.951915889348,0.015988531584
539,0.00091009130539,0.114621771881,0.156928751478,0.282117428862,0.093609563677,0.121614837506,0.0269107416508,0.0303958084019,0.0480829316301,0.0191671715828,0.0117061555523,0.0939347464722,1,0.8,10,13,12,8,20,5.24029256585e-08,1.34151489686e-13,5.24029256585e-08,6.52741523839e-07,1.44886811238e-06,9.96421210268e-08,5.24029256585e-08,1.34151489686e-13,5.24029256585e-08,0.031997076173,0.952010394063,0.0159901189003
540,0.0190171124339,0.11412247371,0.0198236845692,0.0508742223367,0.0508798640059,0.219212310645,0.0105087882458,0.0630107210389,0.0157894370378,0.252955798299,0.179151077701,0.00465450997583,1,0.8,10,13,12,8,20,1.10509119809e-05,2.82903346712e-11,1.10509119809e-05,0.00100744949804,0.000313208984072,0.000184093209852,1.10509119809e-05,2.82903346712e-11,1.10509119809e-05,0.0319293355111,0.950556018123,0.0159656909694
541,0.0828287700952,0.0404975467618,0.0883620419041,0.0419422348028,0.035424997554,0.312785776889,0.0705471179264,0.0477395116947,0.00740636705556,0.045168265181,0.105339389865,0.121957980271,1,0.8,10,13,12,8,20,7.00692254796e-06,1.79377217228e-11,7.00692254796e-06,8.56684484201e-07,0.000136942239552,5.65497071909e-06,7.00692254796e-06,1.79377217228e-11,7.00692254796e-06,0.0319913880704,0.951849710279,0.0159874200298
542,0.0918857186638,0.137004616149,0.0324879389102,0.0580010202033,0.213872076854,0.0951613695848,0.066961751993,0.00622980720098,0.0326415808967,0.120151525961,0.060668792417,0.0849338011665,1,0.8,10,13,12,8,20,2.12556997193e-05,5.44145912813e-11,2.12556997193e-05,0.000199525424592,0.000895813698224,0.000210373172351,2.12556997193e-05,5.44145912813e-11,2.12556997193e-05,0.0319153678098,0.950725361696,0.0159685352911
543,0.00158549787817,0.151660304013,0.0258702247629,0.00940800984866,0.0578804842661,0.182586393057,0.0380437107157,0.1535996408,0.103753134466,0.0562733814838,0.00378873099299,0.215550487715,1,0.8,10,13,12,8,20,1.93418641909e-05,4.95151723286e-11,1.93418641909e-05,4.51981979641e-05,0.000576030993518,0.000449802847139,1.93418641909e-05,4.95151723286e-11,1.93418641909e-05,0.0319406508558,0.950938828831,0.0159721207193
544,0.0283751510419,0.286821724477,0.185465749946,0.0139590973797,0.08826905663,0.0300655560725,0.0338910327476,0.0688000937793,0.00531981158665,0.0057489199385,0.248491345632,0.00479246076931,1,0.8,10,13,12,8,20,9.30277137095e-06,2.38150947096e-11,9.30277137095e-06,0.000211107728061,0.000320982400124,0.000102498686218,9.30277137095e-06,2.38150947096e-11,9.30277137095e-06,0.031954437504,0.951393996756,0.0159797657926
545,0.259908105149,0.0305133770963,0.0264865665707,0.00078438282477,0.0386288147788,0.0100819371345,0.185008203135,0.00940226600044,0.304499530572,0.10822168108,0.00733805005884,0.0191270855995,1,0.8,10,13,12,8,20,4.77333867033e-05,1.2219746996e-10,4.77333867033e-05,0.000256125962747,0.00247637229253,0.000317744506949,4.77333867033e-05,1.2219746996e-10,4.77333867033e-05,0.0318893456774,0.948931079528,0.0159383982407
546,0.0352825646241,0.0791987011953,0.0681635297709,0.0284536935046,0.164532832828,0.0460366857532,0.00997207681884,0.0175435994078,0.237542224466,0.121969767407,0.104579563433,0.0867247607908,1,0.8,10,13,12,8,20,1.71217222209e-06,4.38316088855e-12,1.71217222209e-06,1.13663244194e-05,2.53453568317e-05,9.94158520199e-06,1.71217222209e-06,4.38316088855e-12,1.71217222209e-06,0.0319948108183,0.951962374855,0.0159893123621
547,0.00975562298274,0.100002651778,0.0012753479921,0.0287841538571,0.0390384958062,0.048534637487,0.0319671124605,0.0496897400701,0.0125972869204,0.00412345190162,0.0306502791332,0.64358121961,1,0.8,10,13,12,8,20,6.14374467119e-07,1.57279863583e-12,6.14374467119e-07,3.08554165884e-05,3.2193842401e-05,1.31205326996e-06,6.14374467119e-07,1.57279863583e-12,6.14374467119e-07,0.0319541547027,0.951989262513,0.0159897639714
548,0.0437002052686,0.0348471427533,0.103062331549,0.0731788504388,0.272969808282,0.0128291113984,0.0261413536557,0.109526376427,0.137367784482,0.0212031999653,0.0745753163535,0.0905985194271,1,0.8,10,13,12,8,20,2.43518327181e-05,6.23406917585e-11,2.43518327181e-05,3.39782026279e-05,0.00154681011992,3.03356977377e-05,2.43518327181e-05,6.23406917585e-11,2.43518327181e-05,0.0319413234802,0.950387288091,0.0159628569527
549,0.000149136932903,0.0237714021296,0.0734726112482,0.020893806225,0.25734634458,0.199197400668,0.132944519274,0.100571584475,0.0841638157004,0.0722723302977,0.0191408008776,0.0160762475915,1,0.8,10,13,12,8,20,8.04498868105e-05,2.05951710235e-10,8.04498868105e-05,6.4401414449e-05,0.00147085497967,0.000293980266183,8.04498868105e-05,2.05951710235e-10,8.04498868105e-05,0.0319091112622,0.949983772675,0.0159560794433
550,0.0301517914069,0.23255982285,0.108189182164,0.0876777990408,0.0875151810953,0.0378149326761,0.048037227851,0.134314373869,0.0142026929743,0.000270766265949,0.16230454208,0.0569616877276,1,0.8,10,13,12,8,20,4.77760371694e-07,1.22306655154e-12,4.77760371694e-07,2.152982679e-05,3.14670028443e-05,5.57739623355e-07,4.77760371694e-07,1.22306655154e-12,4.77760371694e-07,0.0319765624148,0.951978390607,0.0159895813652
551,0.135142596726,0.127572165704,0.0483392690323,0.0273744297456,0.0236821319206,0.0316871032609,0.0278100289986,0.00572097943817,0.16693726851,0.259304327881,0.130200833197,0.0162288655862,1,0.8,10,13,12,8,20,4.36374610744e-07,1.1171190035e-12,4.36374610744e-07,8.12945527369e-06,2.16717290985e-06,1.09799551791e-06,4.36374610744e-07,1.1171190035e-12,4.36374610744e-07,0.0319965966204,0.952000313667,0.0159899495884
552,0.108393690302,0.0130357249445,0.0598243632975,0.044678820128,0.0174555910121,0.035525853772,0.00170388695793,0.0251267997917,0.636284554222,0.0215319693083,0.0189452124327,0.0174935338319,1,0.8,10,13,12,8,20,7.59391742752e-06,1.94404286145e-11,7.59391742752e-06,3.59724515838e-05,6.77155326894e-05,2.10743294534e-05,7.59391742752e-06,1.94404286145e-11,7.59391742752e-06,0.0319736030793,0.951883275108,0.01598798379
553,0.26607232702,0.0574495688954,0.0136455395204,0.0371850078366,0.0224311506562,0.0949567379655,0.0172227142784,0.031769860597,0.0120562564857,0.183106775929,0.0533026506978,0.210801410118,1,0.8,10,13,12,8,20,7.62521094457e-06,1.95205400181e-11,7.62521094457e-06,1.37966404645e-05,0.000233649726665,1.0825626693e-05,7.62521094457e-06,1.95205400181e-11,7.62521094457e-06,0.0319689812215,0.95175639324,0.0159858526619
554,0.0592770852463,0.0691475962072,0.154725674554,0.0996159051322,0.0330858614064,0.10979951405,0.0187117122925,0.000815287697398,0.016241644072,0.12522005684,0.198319190613,0.115040471889,1,0.8,10,13,12,8,20,1.71648013721e-08,4.39418915125e-14,1.71648013721e-08,1.76599186904e-05,1.35276581973e-06,3.13875608419e-08,1.71648013721e-08,4.39418915125e-14,1.71648013721e-08,0.0319780283906,0.952012701226,0.0159901576518
555,0.0208715160773,0.0610900814467,0.0101117686852,0.317126643111,0.032110951825,0.171451203713,0.0990644187334,0.0515564951958,0.00626875689404,0.116114312587,0.0281533225364,0.0860805291956,1,0.8,10,13,12,8,20,0.000316261763995,8.09630115828e-10,0.000316261763995,0.0134014886223,0.00899677721556,0.00150277467495,0.000316261763995,8.09630115828e-10,0.000316261763995,0.0311520600139,0.928093444804,0.0155884059939
556,0.0719540831425,0.0106314871672,0.0463006301745,0.0116921694192,0.237213689277,0.167714844669,0.00400481231903,0.245082213103,0.0348984561401,0.130679884605,0.0293620724586,0.0104656575249,1,0.8,10,13,12,8,20,2.02826796042e-05,5.19236597868e-11,2.02826796042e-05,5.51648051712e-05,0.000564313762884,6.36229491433e-05,2.02826796042e-05,5.19236597868e-11,2.02826796042e-05,0.0319727369172,0.951285094097,0.0159779366461
557,0.028774467554,0.176290620398,0.0821872026318,0.0294371158507,0.210249446431,0.226544741551,0.0431650116479,0.0123177748417,0.0455311093328,0.0427032281413,0.036025135371,0.0667741462486,1,0.8,10,13,12,8,20,7.26106279385e-07,1.85883207522e-12,7.26106279385e-07,3.73396591721e-05,4.02263331091e-05,2.18496698476e-06,7.26106279385e-07,1.85883207522e-12,7.26106279385e-07,0.0319751368477,0.95195305199,0.0159891557737
558,0.112588692056,0.187214303343,0.022878785818,0.036846017323,0.070900554523,0.024883105759,0.174580159268,0.0781058194745,0.0165659153315,0.0230565533484,0.0123565371802,0.240023556575,1,0.8,10,13,12,8,20,2.04961844133e-06,5.2470232098e-12,2.04961844133e-06,6.30725371363e-05,7.71413770976e-05,2.53644410453e-05,2.04961844133e-06,5.2470232098e-12,2.04961844133e-06,0.0319241682552,0.951913562405,0.0159884925003
559,0.0258432297123,0.113286458716,0.261124958923,0.0527250496772,0.0447549469958,0.0226572528478,0.0687930466554,0.106319533922,0.104346288889,0.0283601199226,0.0252770296391,0.146512084099,1,0.8,10,13,12,8,20,2.6802751433e-05,6.86150436684e-11,2.6802751433e-05,3.11646021202e-05,0.00160216222565,2.79005300972e-05,2.6802751433e-05,6.86150436684e-11,2.6802751433e-05,0.0319222005996,0.950347177648,0.0159621832513
560,0.0207167826812,0.00246826656048,0.0764938122217,0.0305810111921,0.0910945853711,0.3472700244,0.0904307803592,0.0037212885771,0.0603846037207,0.121137049278,0.119284342221,0.0364174534171,1,0.8,10,13,12,8,20,9.10863839017e-07,2.33181142788e-12,9.10863839017e-07,5.01609891381e-05,1.80834685284e-05,9.08235390265e-06,9.10863839017e-07,2.33181142788e-12,9.10863839017e-07,0.0319272550519,0.952001800121,0.0159899745551
561,0.00413023608751,0.019204422216,0.0540622849552,0.156402086866,0.0452859907976,0.0159218636389,0.171576454252,0.00146970988059,0.0421558347456,0.0143080923492,0.0234640223675,0.452019001844,1,0.8,10,13,12,8,20,5.83160024617e-05,1.49288966302e-10,5.83160024617e-05,0.00111171685801,0.000862367578857,0.000592208467141,5.83160024617e-05,1.49288966302e-10,5.83160024617e-05,0.0318893599917,0.94936538981,0.0159456929857
562,0.0929555453314,0.223598860948,0.33388010265,0.097911368874,0.00178254386284,0.00608356458716,0.0303552253988,0.00649302017431,0.0500982686789,0.0374681551174,0.0634760303675,0.0558973140093,1,0.8,10,13,12,8,20,5.56821205954e-06,1.42546228724e-11,5.56821205954e-06,0.000112528646481,0.00015378386286,1.82491544282e-05,5.56821205954e-06,1.42546228724e-11,5.56821205954e-06,0.0319845402801,0.951723327888,0.0159852972909
563,0.0269477757792,0.0602504155899,0.0263727481274,0.0498449199671,0.184376448224,0.0139549745581,0.335184415694,0.00753299153824,0.104252106381,0.0799573516799,0.0467280315804,0.0645978208816,1,0.8,10,13,12,8,20,2.76505965939e-05,7.07855272803e-11,2.76505965939e-05,2.64551625498e-05,0.000392320094843,1.52168946327e-05,2.76505965939e-05,7.07855272803e-11,2.76505965939e-05,0.0319601505818,0.951513482052,0.0159817726867
564,0.0878741313129,0.0293190728497,0.14296616347,0.00711779699259,0.0505126216972,0.0892303244106,0.00430138263144,0.253863854712,0.166932946455,0.0335125731383,0.112519819216,0.021849313114,1,0.8,10,13,12,8,20,0.000243674864686,6.23807653595e-10,0.000243674864686,0.000392922861991,0.00482922768557,0.00011503772172,0.000243674864686,6.23807653595e-10,0.000243674864686,0.0317770394216,0.946021542413,0.0158895291898
565,0.164941007334,0.0622976090747,0.105277014889,0.0357890256046,0.0791198086403,0.0767178711981,0.00849481533036,0.0311832412003,0.0176463124316,0.0548353319701,0.0233712767717,0.340326685554,1,0.8,10,13,12,8,20,2.70583788077e-05,6.92694497478e-11,2.70583788077e-05,0.000113048578338,0.000579677472808,0.000271279411074,2.70583788077e-05,6.92694497478e-11,2.70583788077e-05,0.0319625744744,0.950992169767,0.0159730166422
566,0.0173148538201,0.287125809326,0.00722810775119,0.0130107923583,0.0707136089069,0.0216230983856,0.11028281213,0.0737755600132,0.247115958693,0.0872141258289,0.0492276554187,0.0153676173685,1,0.8,10,13,12,8,20,2.83081604878e-07,7.24688908486e-13,2.83081604878e-07,3.83254826767e-05,8.35061447683e-06,3.08219707819e-06,2.83081604878e-07,7.24688908486e-13,2.83081604878e-07,0.0319501192979,0.952008896336,0.0159900937443
567,0.0482217259491,0.154687425596,0.0240730459096,0.0478838755196,0.0883060005899,0.101421161646,0.107119832009,0.194734831128,0.0857024088692,0.09772558939,6.49348471302e-05,0.0500591685468,1,0.8,10,13,12,8,20,0.000401112657732,1.02684840379e-09,0.000401112657732,0.0139654751652,0.013470260161,0.00226290054995,0.000401112657732,1.02684840379e-09,0.000401112657732,0.0309955793261,0.922211716568,0.0154896155453
568,0.301368200009,0.0947467248029,0.152530954074,0.0100592314245,0.00334829925873,0.036951518282,0.102008186894,0.0465602624295,0.0839924124705,0.077707169142,0.0166097561242,0.0741172850895,1,0.8,10,13,12,8,20,5.64422691033e-05,1.44492208904e-10,5.64422691033e-05,5.26849948742e-05,0.00184050207796,3.96812178031e-05,5.64422691033e-05,1.44492208904e-10,5.64422691033e-05,0.0319272940032,0.949958414812,0.0159556535285
569,0.194445314359,0.0923865864047,0.0299364116691,0.0751486573435,0.00933099097597,0.0481029572865,0.0181640843851,0.228595431212,0.0827950506143,0.00865345678824,0.204093934344,0.0083471246181,1,0.8,10,13,12,8,20,2.93499787133e-05,7.51359455061e-11,2.93499787133e-05,0.000150303444089,0.000316296302466,0.000203436377546,2.93499787133e-05,7.51359455061e-11,2.93499787133e-05,0.0319518344969,0.951282830684,0.0159778986294
570,0.00819267822724,0.159237651474,0.165897806706,0.0423412883628,0.0649499280517,0.105254441279,0.11006289535,0.0570719796994,0.110814527931,0.071953231538,0.0699138347562,0.0343097366246,1,0.8,10,13,12,8,20,8.18923694953e-06,2.09644465908e-11,8.18923694953e-06,4.91344521193e-05,0.000126012792676,5.80300542375e-05,8.18923694953e-06,2.09644465908e-11,8.18923694953e-06,0.031968342611,0.951779482625,0.0159862404749
571,0.0391668960873,0.240038760757,0.0498677375317,0.00157011262779,0.0563967962651,0.0105673101689,0.0541377851581,0.0718508636336,0.186049563175,0.0104663570046,0.037798788598,0.242089028993,1,0.8,10,13,12,8,20,1.28629768593e-05,3.29292207599e-11,1.28629768593e-05,4.78497394004e-05,0.00034293494492,1.10510958655e-05,1.28629768593e-05,3.29292207599e-11,1.28629768593e-05,0.0319632790304,0.951600203935,0.0159832292813
572,0.0908547746755,0.0744366367032,0.122224035849,0.169621121348,0.0694618566219,0.0918539521246,0.0360870261187,0.0409965187415,0.191120618706,0.0602247360779,0.00223000271073,0.050888720323,1,0.8,10,13,12,8,20,1.49323666081e-05,3.82268585168e-11,1.49323666081e-05,0.000182015738841,0.000152409726937,0.000305480537044,1.49323666081e-05,3.82268585168e-11,1.49323666081e-05,0.0319716468317,0.951349695914,0.0159790217085
573,0.0404832208104,0.242088415135,0.0440073606427,0.122020431503,0.0291112863215,0.026177906797,0.0288193039534,0.182120521584,0.0659507797391,0.00815780411882,0.0358347892624,0.175228180133,1,0.8,10,13,12,8,20,0.000199949712196,5.11871263221e-10,0.000199949712196,0.00327349369828,0.00546399817872,0.000516873162732,0.000199949712196,5.11871263221e-10,0.000199949712196,0.0316573656048,0.942458781004,0.0158296884791
574,0.136041170006,0.0118636099529,0.126155736918,0.135511317831,0.0223173531146,0.0737284827248,0.0439702901769,0.0964208070206,0.146016522996,0.0462249461734,0.0118503028888,0.149899460196,1,0.8,10,13,12,8,20,7.21115135271e-07,1.84605474629e-12,7.21115135271e-07,6.60398435379e-05,1.2414280192e-05,3.02765178473e-06,7.21115135271e-07,1.84605474629e-12,7.21115135271e-07,0.0318933279053,0.952031826964,0.0159904788908
575,0.0648004095002,0.0357179522655,0.198663378686,0.0480686482404,0.452700469294,0.0555655973899,0.0266833023195,0.0120700839598,0.0290681281377,0.0165122914348,0.021992283324,0.0381574554482,1,0.8,10,13,12,8,20,0.0010675924271,2.73303661338e-09,0.0010675924271,0.0905908688204,0.03007508228,0.0140935712902,0.0010675924271,2.73303661338e-09,0.0010675924271,0.0275328651957,0.819669929949,0.0137673072906
576,0.151555061846,0.0366859339348,0.0784739890471,0.0720348461041,0.174720163236,0.0113041602765,0.12617502911,0.153166444205,0.0286887231629,0.094544604158,0.00164054581162,0.0710104991077,1,0.8,10,13,12,8,20,8.43585793934e-07,2.15957963247e-12,8.43585793934e-07,4.56258190388e-05,2.89440641834e-05,2.28490512499e-06,8.43585793934e-07,2.15957963247e-12,8.43585793934e-07,0.0319544042408,0.951975828295,0.0159895383282
577,0.0184435371671,0.0529318615171,0.243979863621,0.0633511317439,0.316882098603,0.0895018605826,0.0514407631435,0.0276337144549,0.0120710534898,4.85940528456e-05,0.113237060995,0.0104784606291,1,0.8,10,13,12,8,20,2.51276734386e-05,6.43268440029e-11,2.51276734386e-05,8.7924075172e-05,0.000728651738772,0.000183990530796,2.51276734386e-05,6.43268440029e-11,2.51276734386e-05,0.0319590563095,0.950967268133,0.0159725983903
578,0.0113745233227,0.11315432534,0.130893433304,0.110324959149,0.0200408985,0.132062156506,0.000556175052008,0.0583363529964,0.108574902844,0.0511406370065,0.253617035846,0.00992460013409,1,0.8,10,13,12,8,20,7.8581103651e-05,2.01167625346e-10,7.8581103651e-05,0.00178600641377,0.00123052475355,0.00160258738913,7.8581103651e-05,2.01167625346e-10,7.8581103651e-05,0.0318393338784,0.94731595244,0.0159112703077
579,0.100566122334,0.049945441082,0.0836517797232,0.0546418112988,0.0445893746335,0.0352689958708,0.0335678962352,0.344038349739,0.0516091884784,0.0394412341018,0.0089648172037,0.1537149893,1,0.8,10,13,12,8,20,5.52772704221e-06,1.41509812281e-11,5.52772704221e-06,2.84499040039e-05,0.000125051363135,1.26948080169e-05,5.52772704221e-06,1.41509812281e-11,5.52772704221e-06,0.0319908575541,0.951833684575,0.0159871508595
580,0.21289773624,0.00221539977483,0.00547467476987,0.0678797252612,0.0451995370942,0.146268322954,0.198678780922,0.122262495396,0.113449093652,0.0121389011771,0.0365616731688,0.0369736595902,1,0.8,10,13,12,8,20,1.9772680699e-06,5.06180625893e-12,1.9772680699e-06,1.81800125666e-05,2.11253025005e-05,7.92624538113e-06,1.9772680699e-06,5.06180625893e-12,1.9772680699e-06,0.0319945689171,0.951961001151,0.0159892892891
581,0.180295690193,0.201103925914,0.104039380716,0.0216364619011,0.0158933108303,0.165673554609,0.143089043581,0.00221486989592,0.0831059706481,0.0180078677878,0.0197267379062,0.0452131860184,1,0.8,10,13,12,8,20,1.56138862809e-05,3.9971548879e-11,1.56138862809e-05,0.000283647023163,0.000896324083782,1.70590565313e-05,1.56138862809e-05,3.9971548879e-11,1.56138862809e-05,0.031933571483,0.950836540068,0.0159704026608
582,0.0280668791011,0.115679039354,0.0510945213655,0.0884674152529,0.0337773941341,0.0487969962421,0.155308759916,0.256237730384,0.0117895117001,0.055500454249,0.130247392692,0.0250339056088,1,0.8,10,13,12,8,20,1.30838860572e-05,3.34947483065e-11,1.30838860572e-05,5.90637257666e-06,0.000884673953715,6.07833155867e-06,1.30838860572e-05,3.34947483065e-11,1.30838860572e-05,0.0319662947467,0.95110971995,0.0159749910338
583,0.0192861084329,0.0844354805251,0.295151386563,0.0516788041304,0.107188736032,0.033791029874,0.153296122236,0.0424981305171,0.0122516587041,0.00683527182686,0.0157697190344,0.177817552124,1,0.8,10,13,12,8,20,1.70840374248e-05,4.37351358074e-11,1.70840374248e-05,1.71832250306e-05,0.000200380388923,3.28484889885e-05,1.70840374248e-05,4.37351358074e-11,1.70840374248e-05,0.0319856529349,0.951710516614,0.0159850821107
584,0.132793546732,0.091155458576,0.0272619853806,0.0931964535475,0.00507300312525,0.0288574520412,0.0755719051236,0.0960150089892,0.0786663297765,0.0348896948959,0.108658319392,0.22786084242,1,0.8,10,13,12,8,20,1.25535050558e-06,3.21369729429e-12,1.25535050558e-06,1.8758978065e-05,2.83928482792e-05,1.02438293724e-05,1.25535050558e-06,3.21369729429e-12,1.25535050558e-06,0.0319762151875,0.951971895476,0.0159894722719
585,0.114122416215,0.00526343409138,0.262973861855,0.0479991734953,0.00911225587257,0.0364779616876,0.112248980763,0.0429779326374,0.0140446517111,0.0203039848888,0.0897108934082,0.244764453375,1,0.8,10,13,12,8,20,9.38424849571e-06,2.4023676149e-11,9.38424849571e-06,1.89052990852e-05,0.000338593119171,1.12610677817e-05,9.38424849571e-06,2.4023676149e-11,9.38424849571e-06,0.0319655809305,0.95164415505,0.0159839674913
586,0.00800367751883,0.00841729153138,0.0591058414811,0.204664474929,0.123264100767,0.235232622146,0.00798063834977,0.0216386830651,0.282959826581,0.0199449106845,0.00857380543582,0.0202141275107,1,0.8,10,13,12,8,20,3.68943091194e-05,9.44494313456e-11,3.68943091194e-05,7.41155186724e-05,0.00113699884657,0.000286481598569,3.68943091194e-05,9.44494313456e-11,3.68943091194e-05,0.0319241986828,0.950466441502,0.0159641864261
587,0.00373490401075,0.195503448939,0.0409714424469,0.0844526864833,0.162469406187,0.110549337683,0.100379061745,0.0157482354869,0.0972334032673,0.0391540849712,0.0682913632362,0.0815126255436,1,0.8,10,13,12,8,20,2.97651632096e-05,7.61988178165e-11,2.97651632096e-05,0.000107245145195,0.000802674084242,8.54909714514e-05,2.97651632096e-05,7.61988178165e-11,2.97651632096e-05,0.0319414017879,0.950971458435,0.0159726687713
588,0.119633304554,0.0959399037494,0.0987820703475,0.0209765494463,0.100951406487,0.0438072871507,0.143977726456,0.123776157501,0.085641059741,0.0548138783427,0.0272119419675,0.0844887142574,1,0.8,10,13,12,8,20,0.000679109677829,1.73852077524e-09,0.000679109677829,0.0125946346248,0.00342806845473,0.00723743276278,0.000679109677829,1.73852077524e-09,0.000679109677829,0.0311482288572,0.927300112062,0.0155750810502
589,0.187974289764,0.0368699687677,0.00668407550513,0.128523358459,0.118081343083,0.0544385509443,0.0103311771567,0.0395041052634,0.0727775363917,0.102178229691,0.0268867443985,0.215750620575,1,0.8,10,13,12,8,20,3.34195193851e-06,8.55539696257e-12,3.34195193851e-06,2.87662540278e-05,0.000198912145818,1.07506189968e-05,3.34195193851e-06,8.55539696257e-12,3.34195193851e-06,0.0319877956877,0.951774254801,0.0159861526675
590,0.175335362244,0.140690202532,0.0322465288979,0.0392124774883,0.088533628345,0.00683438689494,0.239224929454,0.0101130499092,0.0480028196829,0.0358686612508,0.127394047027,0.0565439062738,1,0.8,10,13,12,8,20,6.79014764944e-06,1.73827779826e-11,6.79014764944e-06,3.71459536316e-05,0.000296560125938,5.45115971565e-05,6.79014764944e-06,1.73827779826e-11,6.79014764944e-06,0.0319824431168,0.951618639651,0.0159835389306
591,0.0371477240272,0.196609881145,0.0584888363381,0.158833675855,0.00702384518028,0.0255665266863,0.00915640179888,0.177495892603,0.149011956046,0.0263587771494,0.0570892066584,0.0972172765128,1,0.8,10,13,12,8,20,1.06845780026e-05,2.73525196867e-11,1.06845780026e-05,5.16599975539e-05,0.000106884913364,2.90289427426e-05,1.06845780026e-05,2.73525196867e-11,1.06845780026e-05,0.0319675114211,0.951815333723,0.0159868426357
592,0.0732007359039,0.00770632331916,0.0324069442252,0.158930993309,0.0904395157764,0.00963622464065,0.261414188976,0.154103099738,0.0124482573501,0.11052535589,0.040518630736,0.0486697301356,1,0.8,10,13,12,8,20,1.85232331591e-06,4.74194768873e-12,1.85232331591e-06,6.56696158571e-05,1.35086034542e-05,1.3270136923e-05,1.85232331591e-06,4.74194768873e-12,1.85232331591e-06,0.0319174289214,0.951992888545,0.0159898248749
593,0.0219105323664,0.0483661078022,0.147017491007,0.0821072163209,0.0883429648357,0.0273810210466,0.1532321142,0.237909848128,0.0860915536359,0.0209183964339,0.074143830592,0.0125789236317,1,0.8,10,13,12,8,20,2.19797741091e-07,5.62682217192e-13,2.19797741091e-07,1.90031972348e-06,4.03733895167e-06,3.46191710468e-07,2.19797741091e-07,5.62682217192e-13,2.19797741091e-07,0.0319961951207,0.952006586882,0.0159900549543
594,0.0240001297289,0.136084456862,0.00421842015494,0.203973560387,0.00830480480859,0.171532754145,0.13532904885,0.131130246609,0.0213082049134,0.01640012881,0.0594399537231,0.0882782910077,1,0.8,10,13,12,8,20,4.0880659454e-05,1.04654488202e-10,4.0880659454e-05,0.00083524291309,0.00190681754234,0.000589043939631,4.0880659454e-05,1.04654488202e-10,4.0880659454e-05,0.0318791820073,0.948691811297,0.0159343794532
595,0.0754210054949,0.0815593780462,0.00839744512852,0.238665655473,0.049514650299,0.165106173424,0.0112713543701,0.0695325535769,0.0368371188299,0.0239628688781,0.0993313086688,0.14040048781,1,0.8,10,13,12,8,20,1.70461168914e-06,4.3638059242e-12,1.70461168914e-06,6.89892935089e-05,8.40003116441e-05,2.27990246417e-05,1.70461168914e-06,4.3638059242e-12,1.70461168914e-06,0.0319229239945,0.951906101731,0.0159883671896
596,0.104805894099,0.14373096906,0.0478145558246,0.0562029935331,0.0955502561177,0.0962782820964,0.0848613830768,0.0468761870032,0.195431499371,0.0389583336462,0.0729860854647,0.0165035607071,1,0.8,10,13,12,8,20,2.98886770428e-05,7.65150132295e-11,2.98886770428e-05,0.000103977022854,0.000363915324825,5.17113171655e-05,2.98886770428e-05,7.65150132295e-11,2.98886770428e-05,0.0319744812171,0.951406386366,0.0159799738904
597,0.0244454216319,0.0247728485844,0.139324103813,0.0323133497874,0.00179041101149,0.0609785471092,0.0386457322631,0.147086355316,0.301932931139,0.10725763023,0.0307411960184,0.0907114730963,1,0.8,10,13,12,8,20,5.42620851007e-06,1.38910937858e-11,5.42620851007e-06,6.69795002727e-05,4.32411433381e-05,2.38589768482e-05,5.42620851007e-06,1.38910937858e-11,5.42620851007e-06,0.0319234271386,0.951931986426,0.0159888019531
598,0.13815389579,0.0481253719375,0.0952200539355,0.231650545863,0.0430070669926,0.0727637351391,0.0637490270694,0.00206652329726,0.0898270658413,0.136256142667,0.0685936163818,0.0105869550854,1,0.8,10,13,12,8,20,1.83134719536e-06,4.68824882012e-12,1.83134719536e-06,5.3885330295e-06,0.000133158878212,8.17715019791e-06,1.83134719536e-06,4.68824882012e-12,1.83134719536e-06,0.0319920822219,0.951866171307,0.0159876965119
599,0.0197584568925,0.012476450671,0.142488172143,0.066424464257,0.174919021626,0.176615265337,0.0280656058959,0.0351456910421,0.15409630652,0.18497538401,0.00110553449976,0.00392964710522,1,0.8,10,13,12,8,20,3.55803414045e-07,9.10856739955e-13,3.55803414045e-07,5.45890859536e-05,2.02272664878e-05,4.49099988541e-06,3.55803414045e-07,9.10856739955e-13,3.55803414045e-07,0.0319261141434,0.952003157928,0.0159899973611
600,0.120811278644,0.176943688346,0.018408022831,0.00977825663399,0.0142628475186,0.0456917507117,0.0166903910149,0.121653625015,0.0715346262561,0.2323007205,0.0200076389371,0.15191715359,1,0.8,10,13,12,8,20,2.70828510265e-06,6.93320986277e-12,2.70828510265e-06,9.27769502026e-05,0.00022088825158,4.14933393765e-06,2.70828510265e-06,6.93320986277e-12,2.70828510265e-06,0.0319670256135,0.951719100411,0.0159852262856
601,0.06253275572,0.0418670161793,0.0461661039605,0.147380072054,0.000922060087437,0.0188299634715,0.220924087398,0.0114196121393,0.12434494429,0.00985217924452,0.194948095581,0.120813109875,1,0.8,10,13,12,8,20,4.39097346988e-07,1.12408920829e-12,4.39097346988e-07,1.90190168482e-05,6.09605915885e-06,4.43916320597e-06,4.39097346988e-07,1.12408920829e-12,4.39097346988e-07,0.0319772683224,0.952001452333,0.0159899687136
602,0.0842637706463,0.095788503882,0.0210803640733,0.0101934119617,0.27114853166,0.163332205515,0.0642718671013,0.0673119122782,0.114032331115,0.0349349552933,0.0264493574883,0.0471927889851,1,0.8,10,13,12,8,20,0.000774744090142,1.98334487076e-09,0.000774744090142,0.00291249843573,0.00517177402253,0.00683645446498,0.000774744090142,1.98334487076e-09,0.000774744090142,0.0313545066743,0.934922675234,0.0157031108409
603,0.0298318864835,0.014163402735,0.129380529814,0.285231565356,0.0107095393134,0.110084831706,0.15436486264,0.0431405827706,0.182504138978,0.00242875882318,0.0306840661546,0.0074758352259,1,0.8,10,13,12,8,20,0.000410133836461,1.04994262134e-09,0.000410133836461,0.0248350421173,0.0110904946128,0.00479532003074,0.000410133836461,1.04994262134e-09,0.000410133836461,0.0305978012864,0.911727287116,0.0153135173908
604,0.0415742046604,0.28977024545,0.0499749395217,0.0510486616437,0.0449837489196,0.0615361503847,0.107303687433,0.112789189212,0.157834322473,0.03640907482,0.0383607452524,0.00841503022817,1,0.8,10,13,12,8,20,1.9307916051e-05,4.94282650906e-11,1.9307916051e-05,0.000121495382545,0.000217084231357,0.000110158851911,1.9307916051e-05,4.94282650906e-11,1.9307916051e-05,0.0319377663657,0.951553813308,0.0159824500969
605,0.0175947090784,0.0558372718287,0.0210720369268,0.0349175093117,0.100466193569,0.161766535378,0.0129642753659,0.0182147278334,0.277037986293,0.0102253710103,0.0248434731371,0.265059910267,1,0.8,10,13,12,8,20,9.71470036102e-06,2.48696329242e-11,9.71470036102e-06,3.52946231038e-05,0.000173636282839,1.28339305638e-05,9.71470036102e-06,2.48696329242e-11,9.71470036102e-06,0.0319881925421,0.951765183466,0.0159860003039
606,0.0504029161649,0.0267887335059,0.075500850479,0.0853503951257,0.113532332919,0.0646997013916,0.0350741946953,0.219606800528,0.0280638782427,0.0585238986753,0.103064087052,0.13939221122,1,0.8,10,13,12,8,20,3.91154975473e-06,1.00135673721e-11,3.91154975473e-06,1.75746904578e-05,0.000117057219862,5.06674643732e-06,3.91154975473e-06,1.00135673721e-11,3.91154975473e-06,0.031973839271,0.951882839382,0.0159879764715
607,0.0254137142006,0.0941241358416,0.0138969104405,0.0527379794129,0.0535562326625,0.143079725057,0.043875939975,0.166543919151,0.204164682743,0.00582424795785,0.00258092546051,0.194201587098,1,0.8,10,13,12,8,20,9.12752852118e-07,2.33664730142e-12,9.12752852118e-07,7.80699601311e-06,6.70154713999e-06,1.53619505705e-05,9.12752852118e-07,2.33664730142e-12,9.12752852118e-07,0.0319955178586,0.951981329898,0.015989630734
608,0.00105638779337,0.000827313958743,0.0184120555505,0.153663285682,0.0313704102765,0.197468494392,0.018398736383,0.219335772473,0.272026753352,0.0176807081487,0.0109309264717,0.0588291555192,1,0.8,10,13,12,8,20,8.11533012254e-05,2.07752451137e-10,8.11533012254e-05,0.000857991970611,0.00539977105417,0.000287444712432,8.11533012254e-05,2.07752451137e-10,8.11533012254e-05,0.0317479498099,0.945501435443,0.0158807933899
609,7.80144244847e-05,0.0728657371872,0.229829215516,0.0110642971504,0.124236527903,0.0945148655599,0.143360625972,0.059334953949,0.0591744813548,0.0552133823276,0.0940008651243,0.0563270335322,1,0.8,10,13,12,8,20,9.8246397622e-06,2.51510777912e-11,9.8246397622e-06,3.7726386687e-05,0.000490838620576,2.96603210079e-05,9.8246397622e-06,2.51510777912e-11,9.8246397622e-06,0.0319763930866,0.951445452917,0.0159806300585
610,0.166170432199,0.104140610875,0.0212152646698,0.00631514209916,0.0952749120216,0.000589997610539,0.104252094447,0.0185561165676,0.142533244369,0.0769931109527,0.0218319705667,0.242127103623,1,0.8,10,13,12,8,20,6.5989495969e-06,1.68933109681e-11,6.5989495969e-06,2.09024182446e-05,0.000144143492386,1.04510272855e-05,6.5989495969e-06,1.68933109681e-11,6.5989495969e-06,0.0319896114681,0.951821548738,0.015986947024
611,0.185807006193,0.0194340413799,0.105623841758,0.295506265227,0.0842151656556,0.0263825922934,0.0542183649511,0.00262005407125,0.0448693459466,0.0494706589182,0.0284707334025,0.103381930203,1,0.8,10,13,12,8,20,2.50168484933e-06,6.4043132143e-12,2.50168484933e-06,1.08731588288e-05,6.60003726095e-05,1.80761625432e-05,2.50168484933e-06,6.4043132143e-12,2.50168484933e-06,0.0319930542649,0.951913497872,0.0159884914164
612,0.0697511723105,0.0920793178763,0.119531528373,0.0797086793985,0.183456990319,0.014705181931,0.210837007312,0.0758681132674,0.0438146433229,0.00244964539458,0.0525976133442,0.0552001071509,1,0.8,10,13,12,8,20,6.75537835884e-06,1.72937685986e-11,6.75537835884e-06,4.85160598516e-05,0.000174369344582,1.03819525372e-05,6.75537835884e-06,1.72937685986e-11,6.75537835884e-06,0.0319872149103,0.951766474201,0.0159860219833
613,0.0689940086291,0.00217000395043,0.125910717573,0.122254645548,0.0671099883355,0.0497921761673,0.0948346216666,0.00288655293819,0.0544432026051,0.207077081961,0.182366846398,0.0221601542278,1,0.8,10,13,12,8,20,1.48466026727e-06,3.8007302842e-12,1.48466026727e-06,3.05853597377e-05,2.41421897613e-05,1.23213970861e-05,1.48466026727e-06,3.8007302842e-12,1.48466026727e-06,0.0319544100442,0.951982944507,0.0159896578532
614,0.0289876567923,0.142318538279,0.254026465566,0.0150591676991,0.0960756573608,0.0461952659181,0.0367816177388,0.0544378237926,0.0997207304092,0.089200800454,0.0278604559204,0.109335820069,1,0.8,10,13,12,8,20,0.000151061956124,3.86718607678e-10,0.000151061956124,0.00110874119698,0.00142003200884,0.00300731258528,0.000151061956124,3.86718607678e-10,0.000151061956124,0.0317607738387,0.946206260036,0.0158926317366
615,0.0428885498686,0.0518530378413,0.224267092057,0.090554977375,0.0146809772479,0.0377939988537,0.0599613737635,0.119139602604,0.0872297276011,0.0352913541704,0.15108275258,0.0852565560363,1,0.8,10,13,12,8,20,7.66272294321e-05,1.96165707346e-10,7.66272294321e-05,0.00025283078211,0.00192568802969,0.000165030059682,7.66272294321e-05,1.96165707346e-10,7.66272294321e-05,0.0318722917932,0.949529205564,0.0159484444613
616,0.0268964292653,0.0167990371944,0.00977904699766,0.00833903142055,0.12479151568,0.105842297667,0.219353200935,0.0972826275608,0.0547124691674,0.00977210648044,0.095960933408,0.230471304223,1,0.8,10,13,12,8,20,6.32909382908e-05,1.62024802024e-10,6.32909382908e-05,0.00208492869166,0.00288289989354,0.000686472027,6.32909382908e-05,1.62024802024e-10,6.32909382908e-05,0.0317896668426,0.9464068673,0.0158960011683
617,0.0318149530306,0.0171004716584,0.011945151288,0.0131374034179,0.0357768597221,0.161576590678,0.267194399482,0.0522056126402,0.0413122895742,0.273710132138,0.0804457121733,0.0137804241975,1,0.8,10,13,12,8,20,6.56621290121e-05,1.68095050271e-10,6.56621290121e-05,0.00174548924828,0.0015616347049,0.00124761947093,6.56621290121e-05,1.68095050271e-10,6.56621290121e-05,0.031824831771,0.947444349074,0.0159134268782
618,0.156920628099,0.0457388898241,0.0803296167312,0.0169822469067,0.0924207120774,0.0773690300856,0.0477678950574,0.112172285018,0.0162880573197,0.0565367395803,0.264404292341,0.0330696069595,1,0.8,10,13,12,8,20,8.60833523614e-06,2.20373382045e-11,8.60833523614e-06,3.08009043569e-05,0.000305871003842,8.47166089319e-06,8.60833523614e-06,2.20373382045e-11,8.60833523614e-06,0.031966500814,0.951669528563,0.0159843936689
619,0.0418931303473,0.16564651082,0.080028573027,0.0353415523421,0.0373184857816,0.197345869909,0.0444925647681,0.0246548647887,0.203109385562,0.0417558826222,0.117666244185,0.010746935848,1,0.8,10,13,12,8,20,0.000165411817409,4.23454252567e-10,0.000165411817409,7.91131222351e-05,0.00399889242655,0.000179360792849,0.000165411817409,4.23454252567e-10,0.000165411817409,0.0318386757537,0.947330790262,0.0159115195262
620,0.070804158483,0.051475065117,0.0773455985232,0.100660477164,0.150402602144,0.0269004015222,0.149365128912,0.156948044617,0.0232266155135,0.0234298934871,0.0345857698526,0.134856244663,1,0.8,10,13,12,8,20,6.75355319604e-06,1.72890961819e-11,6.75355319604e-06,6.44899621166e-05,5.18327585068e-05,3.99165206495e-05,6.75355319604e-06,1.72890961819e-11,6.75355319604e-06,0.0319715785875,0.951857615123,0.0159875528008
621,0.0715943230683,0.0397429189793,0.0872218648261,0.00919806249516,0.0680042051015,0.0311801798903,0.103602675917,0.000449492306689,0.0498021934173,0.151115792068,0.00550671902521,0.382581572906,1,0.8,10,13,12,8,20,2.92576526295e-05,7.48995907314e-11,2.92576526295e-05,0.000347701291538,0.000405193155378,0.000240991277965,2.92576526295e-05,7.48995907314e-11,2.92576526295e-05,0.0319433607416,0.950973027645,0.015972695128
622,0.187393642092,0.0538272576305,0.0435442397489,0.0934719777187,0.0148753650392,0.0272211598297,0.00979040459046,0.194519801495,0.0742529090686,0.137591180656,0.109672189442,0.05383987269,1,0.8,10,13,12,8,20,6.37309225422e-05,1.63151161708e-10,6.37309225422e-05,0.00393162468547,0.00397804731251,0.00084606297787,6.37309225422e-05,1.63151161708e-10,6.37309225422e-05,0.0316904311371,0.943452530221,0.01584637965
623,0.077641710495,0.0438840976787,0.220028623711,0.114140780756,0.00511830081132,0.0283049476572,0.00492196431041,0.0183021363904,0.0798817351814,0.0265493022365,0.182044680305,0.199181720466,1,0.8,10,13,12,8,20,3.14253993987e-08,8.04490224606e-14,3.14253993987e-08,3.68598035352e-07,7.27849881386e-07,1.02762022611e-07,3.14253993987e-08,8.04490224606e-14,3.14253993987e-08,0.031996828401,0.952011705756,0.0159901409317
624,0.0757976998075,0.0506979095216,0.0446388279906,0.0517297375,0.136029281147,0.00630761116992,0.0987861455946,0.055889269185,0.198020887695,0.011415561357,0.105008586566,0.165678482465,1,0.8,10,13,12,8,20,8.73866425109e-06,2.23709804828e-11,8.73866425109e-06,9.5012250034e-05,0.000230823308546,4.69381398764e-05,8.73866425109e-06,2.23709804828e-11,8.73866425109e-06,0.0319374959793,0.951670367855,0.0159844077657
625,0.010677450024,0.134307379753,0.036533715011,0.13605273632,0.066257535796,0.01310707611,0.0377754891499,0.030234178369,0.0141246916012,0.0561290966578,0.293779889356,0.171020761851,1,0.8,10,13,12,8,20,3.65772113225e-06,9.36376609856e-12,3.65772113225e-06,5.15682717778e-05,0.000102948210311,1.59485896947e-05,3.65772113225e-06,9.36376609856e-12,3.65772113225e-06,0.0319235969479,0.951902992117,0.0159883149601
626,0.000973792268548,0.189600094317,0.0492584156566,0.17187597928,0.000385408089872,0.206036579795,0.0993642031915,0.0712468470222,0.162346675542,0.0382824639624,0.0026156139789,0.00801392689592,1,0.8,10,13,12,8,20,0.00273624701825,7.00479236673e-09,0.00273624701825,0.0369579769777,0.0616806271689,0.00683837536219,0.00273624701825,7.00479236673e-09,0.00273624701825,0.0282717422828,0.841177720543,0.0141285555827
627,0.272970574258,0.0396428482189,0.0792116949792,0.173756125084,0.0423920043148,0.0505980582719,0.0505770188726,0.0863426703439,0.0711872769515,0.00196593624709,0.0643915738283,0.0669642186295,1,0.8,10,13,12,8,20,3.6057222663e-06,9.23064900173e-12,3.6057222663e-06,4.81455403156e-05,0.000143138729146,2.40854247564e-05,3.6057222663e-06,9.23064900173e-12,3.6057222663e-06,0.0319479585489,0.951835074642,0.0159871742073
628,0.223241792637,0.0137196513419,0.0156539283335,0.0323367255564,0.0656237102417,0.0229229648201,0.0449522003662,0.109251558312,0.000235416928329,0.419843854788,0.00603333118675,0.0461848654876,1,0.8,10,13,12,8,20,2.86865075338e-05,7.34374592865e-11,2.86865075338e-05,0.0015131858875,0.0015080903757,1.29061425975e-05,2.86865075338e-05,7.34374592865e-11,2.86865075338e-05,0.0318782843384,0.949032682302,0.0159401047772
629,0.0447104146175,0.160166324509,0.058826771701,0.191845810794,0.0559838224045,0.016028758592,0.0108244397933,0.0217703790729,0.345684745875,0.00198635614506,0.0905495986171,0.00162257787884,1,0.8,10,13,12,8,20,2.56596754713e-05,6.56887692066e-11,2.56596754713e-05,2.17526534636e-05,0.00102857592901,8.07935243793e-06,2.56596754713e-05,6.56887692066e-11,2.56596754713e-05,0.0319408827743,0.950926162484,0.0159719079733
630,0.0034408802368,0.0766042423373,0.0941088478517,0.000885930328144,0.0486750516384,0.044935216093,0.226966331388,0.120806152849,0.236118814516,0.0299205930312,0.00885914186184,0.108678797869,1,0.8,10,13,12,8,20,2.11241479522e-06,5.40778187577e-12,2.11241479522e-06,1.62278299294e-05,5.71474429529e-06,1.40749340493e-05,2.11241479522e-06,5.40778187577e-12,2.11241479522e-06,0.0319765093995,0.951989259501,0.0159897639209
631,0.0692788739884,0.00935127211046,0.116270687679,0.0956342415171,0.239122788858,0.0693904217531,0.106615849397,0.0727565897893,0.140733123881,0.0228648413544,0.0212149844644,0.0367663252083,1,0.8,10,13,12,8,20,0.00142537818455,3.64896815244e-09,0.00142537818455,0.0184859124056,0.0259064613736,0.00579154882791,0.00142537818455,3.64896815244e-09,0.00142537818455,0.030207950598,0.89881004936,0.0150965573987
632,0.00306063096715,0.170773401553,0.0787728831004,0.053846165412,0.0329296402192,0.16061978956,0.0819411053562,0.125701852128,0.132213655146,0.132616393808,0.0102541347504,0.0172703479993,1,0.8,10,13,12,8,20,6.27576681619e-07,1.60659630494e-12,6.27576681619e-07,6.24471200492e-05,1.40190241399e-05,1.91683715325e-06,6.27576681619e-07,1.60659630494e-12,6.27576681619e-07,0.0319267724707,0.95200235044,0.0159899837984
633,0.00497234173281,0.0130306053143,0.240126098403,0.110352038825,0.0118086234645,0.156795527468,0.0978091026552,0.0150641020545,0.054850013819,0.0530646929129,0.167254864134,0.0748719892156,1,0.8,10,13,12,8,20,0.000115514670526,2.95717556547e-10,0.000115514670526,0.00448610823318,0.00160236059014,5.80947776126e-05,0.000115514670526,2.95717556547e-10,0.000115514670526,0.0317747817876,0.945731930516,0.0158846648221
634,0.049160323008,0.0472543401072,0.129343126964,0.00194692289134,0.256766295621,0.0118383246492,0.0202082894813,0.101440850632,0.198727529834,0.077787241125,0.0708508373873,0.0346759182992,1,0.8,10,13,12,8,20,9.14426270002e-06,2.3409312512e-11,9.14426270002e-06,1.57559989022e-05,4.30547498038e-05,0.000101172991581,9.14426270002e-06,2.3409312512e-11,9.14426270002e-06,0.031990404179,0.951826012977,0.0159870220061
635,0.117888122357,0.0377398408392,0.00317795654265,0.00989550918716,0.299012620708,0.0394361170756,0.020570609178,0.0635081710169,0.000873020988871,0.159257670829,0.0262890402934,0.222351320985,1,0.8,10,13,12,8,20,9.08038110623e-06,2.32457756319e-11,9.08038110623e-06,3.79007147376e-05,0.00042328305791,2.36818948082e-05,9.08038110623e-06,2.32457756319e-11,9.08038110623e-06,0.0319593822917,0.951537258431,0.0159821720386
636,0.124530939823,0.0403989518312,0.0347025857401,0.0463698909446,0.511787004193,0.013718285212,0.0160901307192,0.00317427107737,0.0313753015689,0.0219447686419,0.00451409526876,0.151393774979,1,0.8,10,13,12,8,20,5.93109602358e-06,1.51836058204e-11,5.93109602358e-06,7.72494187799e-06,2.76489551251e-05,9.69467184861e-06,5.93109602358e-06,1.51836058204e-11,5.93109602358e-06,0.0319943735625,0.951947766457,0.0159890669971
637,0.0535640349954,0.00944523385961,0.193279966664,0.0462360408794,0.0726679436591,0.0333001210965,0.0785336884488,0.11744741869,0.0181555444142,0.200784536541,0.161895639107,0.0146898316444,1,0.8,10,13,12,8,20,4.19179047633e-05,1.07309836194e-10,4.19179047633e-05,0.000606228970903,0.00166356609015,0.0001326360602,4.19179047633e-05,1.07309836194e-10,4.19179047633e-05,0.0318966976833,0.949583837297,0.0159493620647
638,0.284675678346,0.0376695305601,0.00537520106743,0.193401593059,0.0082081313419,0.00575968862545,0.016183255257,0.0527127104193,0.0532931965279,0.272912124663,0.0593223825865,0.0104865075473,1,0.8,10,13,12,8,20,4.50740382172e-06,1.15389537836e-11,4.50740382172e-06,4.82331232541e-05,8.88140625299e-05,7.32548621065e-06,4.50740382172e-06,1.15389537836e-11,4.50740382172e-06,0.0319463716724,0.951902912396,0.0159883136211
639,0.0702561921328,0.0219453003554,0.0631721336153,0.0281890471387,0.0120021956227,0.0946393818499,0.501048219955,0.010470839179,0.0245457952597,0.0666956372648,0.0901718984533,0.0168633591733,1,0.8,10,13,12,8,20,0.000316117069102,8.09259696901e-10,0.000316117069102,0.0221478995377,0.0114750365939,0.00471004570749,0.000316117069102,8.09259696901e-10,0.000316117069102,0.0307298877729,0.914315668239,0.0153569922542
640,0.0231425653767,0.00524769875475,0.254267378359,0.0168537163465,0.0130430606192,0.0693863836139,0.0176449139871,0.28704419732,0.07223580635,0.086465271882,0.0841317909494,0.0705372164419,1,0.8,10,13,12,8,20,1.37436898394e-05,3.51838459888e-11,1.37436898394e-05,5.30862256632e-05,0.000255442791648,3.29761766048e-05,1.37436898394e-05,3.51838459888e-11,1.37436898394e-05,0.0319649881471,0.95165439239,0.0159841394393
641,0.0427069562698,0.0638319043015,0.051871504421,0.0542927321643,0.048972876967,0.0496261545445,0.174774459385,0.177736434614,0.0364713412962,0.0790071970846,0.0822602009666,0.138448237986,1,0.8,10,13,12,8,20,1.76811807928e-06,4.52638228296e-12,1.76811807928e-06,1.11613460131e-05,4.44390446255e-05,4.6051564407e-06,1.76811807928e-06,4.52638228296e-12,1.76811807928e-06,0.0319943405928,0.951949288812,0.0159890925668
642,0.143276868726,0.0502913772619,0.103526193026,0.123667007735,0.0470233620075,0.00412299714685,0.000190868100589,0.183708745038,0.0899970074073,0.0851313746432,0.0639208237704,0.105143375137,1,0.8,10,13,12,8,20,9.80075935688e-06,2.50899439536e-11,9.80075935688e-06,6.57238283211e-06,0.00055220787662,5.39883746879e-06,9.80075935688e-06,2.50899439536e-11,9.80075935688e-06,0.0319775764365,0.951438527639,0.0159805137404
643,0.131884310471,0.181728661074,0.0983589823372,0.0216432226713,0.00697934868542,0.0201904534922,0.0279864071809,0.184424830853,0.09640196635,0.184646495141,0.0435772779125,0.00217804383183,1,0.8,10,13,12,8,20,0.000243144418472,6.22449711288e-10,0.000243144418472,0.01223797065,0.0063812209497,0.00241413436658,0.000243144418472,6.22449711288e-10,0.000243144418472,0.0312747476654,0.931080765932,0.0156385815175
644,0.00711551237365,0.158510154263,0.184970575419,0.12147522976,0.0566020456997,0.0039763251815,0.0602148972755,0.0982352021779,0.0234069627816,0.0431118409498,0.016138583286,0.226242670832,1,0.8,10,13,12,8,20,1.27307978443e-05,3.25908424815e-11,1.27307978443e-05,0.000145289440588,9.09093629015e-05,7.93118951396e-05,1.27307978443e-05,3.25908424815e-11,1.27307978443e-05,0.0319652299426,0.951683704335,0.0159846317674
645,0.0671606162427,0.0208163760605,0.198488982246,0.0236105910358,0.0226501837606,0.0290504210013,0.0454642178135,0.039967256322,0.332038532023,0.0328622161654,0.108670474638,0.0792201326913,1,0.8,10,13,12,8,20,1.54493511561e-05,3.95503389595e-11,1.54493511561e-05,5.74483122487e-05,0.000300023231586,5.24529438501e-05,1.54493511561e-05,3.95503389595e-11,1.54493511561e-05,0.0319800292897,0.95156560066,0.0159826480792
646,0.0895297891177,0.0778133123415,0.0367648312084,0.0442087325748,0.0237542507972,0.000890615028329,0.0380387762434,0.141566805222,0.0406147803879,0.239017380013,0.112863604944,0.154937122122,1,0.8,10,13,12,8,20,2.10642904994e-06,5.39245836785e-12,2.10642904994e-06,6.50776356718e-05,9.3057904101e-05,2.28099918244e-05,2.10642904994e-06,5.39245836785e-12,2.10642904994e-06,0.0319496614488,0.951873153507,0.015987813786
647,0.139224050215,0.00765369773124,0.106922447918,0.0445527324,0.0234714513409,0.186802148277,0.0157224175774,0.0350406074579,0.19456159524,0.198443169649,0.038480560524,0.00912512166917,1,0.8,10,13,12,8,20,0.000260635068914,6.6722577642e-10,0.000260635068914,0.00363668809695,0.00191071010269,0.00206353246499,0.000260635068914,6.6722577642e-10,0.000260635068914,0.0317199986443,0.943774737585,0.0158517914964
648,0.017639209535,0.0832822819608,0.00539245397925,0.052918674454,0.0771381844681,0.00290377891814,0.14144252744,0.433153267905,0.0580050804791,0.0123320741419,0.039980993842,0.0758114728763,1,0.8,10,13,12,8,20,1.51714672747e-05,3.88389562232e-11,1.51714672747e-05,2.5981019163e-05,0.000910242693482,2.46932698466e-05,1.51714672747e-05,3.88389562232e-11,1.51714672747e-05,0.0319428644379,0.951061353962,0.015974178671
649,0.00106735086946,0.127043145977,0.0639237417114,0.00263348620589,0.0576176443774,0.207748631524,0.189495744039,0.0823337100585,0.112075289394,0.000511590573976,0.121798306212,0.0337513590573,1,0.8,10,13,12,8,20,0.000464595208506,1.18936373377e-09,0.000464595208506,0.00825388307638,0.00583892289088,0.00428498696351,0.000464595208506,1.18936373377e-09,0.000464595208506,0.0313091316584,0.932787445025,0.0156672471726
650,0.188662150599,0.119373873006,0.0106639254442,0.117591601502,0.0114636786477,0.0546806175387,0.0659822777154,0.0906390190073,0.0150810670036,0.218055570963,0.0810932197416,0.0267129988318,1,0.8,10,13,12,8,20,9.27769900291e-07,2.37509094474e-12,9.27769900291e-07,6.00905505425e-05,2.78882403168e-05,2.02997289071e-06,9.27769900291e-07,2.37509094474e-12,9.27769900291e-07,0.0319252933534,0.951991190445,0.0159897963533
651,0.334295713802,0.0104595200996,0.064212321222,0.0262738539892,0.252102595649,0.0149526359932,0.0174186939775,0.00388371668578,0.103358164818,0.0275385017957,0.0607227050714,0.0847815768964,1,0.8,10,13,12,8,20,7.2902061514e-07,1.86629277476e-12,7.2902061514e-07,1.80478698679e-05,3.27163158432e-05,2.02107289183e-06,7.2902061514e-07,1.86629277476e-12,7.2902061514e-07,0.0319764165319,0.951978302242,0.015989579881
652,0.114103602057,0.101681234561,0.00243688447967,0.228523009718,0.214294872119,0.0245051575299,0.0699053653764,0.0783629120616,0.000455155374195,0.00971482705209,0.0494948033729,0.106522176298,1,0.8,10,13,12,8,20,1.56872578393e-05,4.01593800687e-11,1.56872578393e-05,2.91839773421e-05,0.000303284409956,1.34877791811e-05,1.56872578393e-05,4.01593800687e-11,1.56872578393e-05,0.0319648595326,0.951642495571,0.0159839396184
653,0.0441667409259,0.0238492522305,0.042622532929,0.0329464461796,0.0452845257875,0.173983532058,0.00749147841006,0.10549521537,0.00287543762221,0.0807861494539,0.249696445724,0.190802243309,1,0.8,10,13,12,8,20,3.43856846915e-05,8.80273528102e-11,3.43856846915e-05,0.000330026095513,0.000447326309581,0.00030432870179,3.43856846915e-05,8.80273528102e-11,3.43856846915e-05,0.0318909440928,0.950918060003,0.0159717718827
654,0.0490328679925,0.0568513253032,0.127329984869,0.135921215605,0.226627763421,0.000487546797951,0.172525547781,0.0472870649399,0.00422024573558,0.0651207076767,0.00174147461635,0.112854255262,1,0.8,10,13,12,8,20,3.71399995829e-05,9.50783989323e-11,3.71399995829e-05,0.000102561659301,0.00157116948587,0.00011768767023,3.71399995829e-05,9.50783989323e-11,3.71399995829e-05,0.0318930107366,0.950207178457,0.0159598318025
655,0.0575449449691,0.288232574134,0.0519538374833,0.0869751331662,0.0486972807694,0.00795153418104,0.0458507100425,0.0176399967451,0.0486392104916,0.152957634112,0.0833445330528,0.110212610853,1,0.8,10,13,12,8,20,2.65138130619e-05,6.78753614384e-11,2.65138130619e-05,0.00152638138243,0.000237304339059,0.000629545482448,2.65138130619e-05,6.78753614384e-11,2.65138130619e-05,0.0319134642547,0.949636994256,0.0159502548974
656,0.0268323158162,0.0568953280141,0.10913977767,0.0212069733874,0.0578416743273,0.00103554730396,0.161375084035,0.137212010176,0.0375129071304,0.227119942751,0.0757900215706,0.0880384178182,1,0.8,10,13,12,8,20,3.13666022772e-06,8.02985018297e-12,3.13666022772e-06,7.90347696358e-05,8.21448687601e-05,4.42294980943e-06,3.13666022772e-06,8.02985018297e-12,3.13666022772e-06,0.0319158108165,0.95191748161,0.0159885583279
657,0.0163501575551,0.0521065753362,0.0441522197476,0.177863472276,0.123024984356,0.0433347926903,0.0663157330273,0.00475106986055,0.00908632251325,0.238324046592,0.109296079622,0.115394546424,1,0.8,10,13,12,8,20,2.42234687745e-07,6.20120800627e-13,2.42234687745e-07,1.75538099905e-05,2.90331366809e-06,2.41386460249e-06,2.42234687745e-07,6.20120800627e-13,2.42234687745e-07,0.0319775641131,0.952008508725,0.0159900872339
658,0.243775206245,0.0127556319071,0.0398675239552,0.0241488457807,0.023494386907,0.140384585115,0.115668393797,0.155115684903,0.128512891504,0.0525010928324,0.0553821942733,0.00839356277946,1,0.8,10,13,12,8,20,6.71046070859e-05,1.7178779414e-10,6.71046070859e-05,8.54265910021e-05,0.00202187880342,0.000426553518508,6.71046070859e-05,1.7178779414e-10,6.71046070859e-05,0.0318867772043,0.9493652544,0.0159456907113
659,0.0754018811287,0.007868993706,0.10048134238,0.148861827905,0.00399148907788,0.113363877452,0.0184934970915,0.218919918786,0.047470586759,0.00117924202079,0.00859781533759,0.255369528355,1,0.8,10,13,12,8,20,4.85093780854e-07,1.24184007899e-12,4.85093780854e-07,5.68038235624e-05,1.22667776556e-05,3.62081010215e-06,4.85093780854e-07,1.24184007899e-12,4.85093780854e-07,0.0319268923982,0.952008390564,0.0159900852492
660,0.0190339442685,0.114918867393,0.128256238303,0.100329206707,0.10947480533,0.20412418373,0.000573012843331,0.000560365574804,0.0303729288744,0.101434301181,0.0779183056151,0.113003840179,1,0.8,10,13,12,8,20,1.49319771244e-07,3.82258614386e-13,1.49319771244e-07,1.27834405322e-05,2.60999177443e-06,6.75915331591e-07,1.49319771244e-07,3.82258614386e-13,1.49319771244e-07,0.0319782153107,0.952014923091,0.0159901949706
661,0.0174978324939,0.0689873839727,0.0315436916177,0.22374480074,0.048544761849,0.0141251102647,0.0864526333552,0.212131351112,0.0216280002604,0.13925909065,0.00966607763598,0.126419266048,1,0.8,10,13,12,8,20,1.75020900772e-07,4.48053505977e-13,1.75020900772e-07,3.04427254286e-05,2.29034309499e-06,6.14373408374e-07,1.75020900772e-07,4.48053505977e-13,1.75020900772e-07,0.0319546097044,0.952021044974,0.0159902977948
662,0.260947256186,0.149609908963,0.0140025108378,0.0919690082009,0.155986466723,0.0102157499307,0.0175865105566,0.00379283232569,0.0132759381674,0.161777264969,0.0648445155706,0.0559920375692,1,0.8,10,13,12,8,20,9.73055565393e-05,2.49102224741e-10,9.73055565393e-05,0.00332227819233,0.000246255033437,0.00235409714562,9.73055565393e-05,2.49102224741e-10,9.73055565393e-05,0.031775493239,0.946023098342,0.0158895553234
663,0.0924341088955,0.168105158704,0.0252331778943,0.0818231286934,0.0811670319857,0.0913265468372,0.0188417386551,0.148821115176,0.0665060898112,0.0638574421537,0.0459181639116,0.115966297282,1,0.8,10,13,12,8,20,5.3531447855e-08,1.37040506509e-13,5.3531447855e-08,4.93541115171e-07,2.30036834335e-07,7.2110569875e-08,5.3531447855e-08,1.37040506509e-13,5.3531447855e-08,0.0319968427927,0.952012001494,0.015990145899
664,0.428753121728,0.065765047848,0.00588145330666,0.00401933686232,0.0123749635896,0.0246674458652,0.0118947334787,0.0699832949031,0.086353089821,0.0834201748407,0.181935422289,0.024951915468,1,0.8,10,13,12,8,20,1.07055948617e-05,2.74063228461e-11,1.07055948617e-05,3.64368393594e-05,0.00057269890071,3.4742299488e-05,1.07055948617e-05,2.74063228461e-11,1.07055948617e-05,0.0319742686871,0.95135983877,0.0159791920695
665,0.00521963790164,0.0789614660343,0.0618788262665,0.151180854187,0.018861749621,0.0662441445869,0.111744321746,0.177848018348,0.103831464124,0.117435481174,0.0941954490387,0.0125985869727,1,0.8,10,13,12,8,20,3.1147409267e-06,7.97373677236e-12,3.1147409267e-06,2.36933851601e-05,3.74646479136e-05,7.50780626685e-06,3.1147409267e-06,7.97373677236e-12,3.1147409267e-06,0.0319759853712,0.95195372277,0.0159891670402
666,0.0581288056526,0.105500421636,0.0327913794041,0.136252437887,0.0847580936405,0.00311015039874,0.109146247622,0.0630719240981,0.229496146768,0.0715673641187,0.011274666269,0.0949023625048,1,0.8,10,13,12,8,20,1.01141147594e-05,2.58921337842e-11,1.01141147594e-05,4.99257849683e-05,0.0014377264711,2.9952480187e-05,1.01141147594e-05,2.58921337842e-11,1.01141147594e-05,0.0318792838691,0.950596287543,0.015966367341
667,0.105610934776,0.166428893044,0.0116861898869,0.0168355904739,0.162718075691,0.0200857225549,0.00390496852586,0.0859454704147,0.0688353965779,0.28930476918,0.0211361216827,0.0475078671917,1,0.8,10,13,12,8,20,5.02043236243e-05,1.28523068478e-10,5.02043236243e-05,0.000784662272966,0.00162474611773,0.000282039999505,5.02043236243e-05,1.28523068478e-10,5.02043236243e-05,0.0318860886273,0.949277429835,0.0159442155959
668,0.191930676489,0.189067599626,0.00390781823845,0.116430324228,0.000183832110975,0.0191002802205,0.062139066305,0.0214420534301,0.0327322430563,0.0913592061647,0.0525282459061,0.219178654225,1,0.8,10,13,12,8,20,5.88659507609e-07,1.50696833948e-12,5.88659507609e-07,2.83995585299e-05,1.46939210697e-05,1.95199741609e-06,5.88659507609e-07,1.50696833948e-12,5.88659507609e-07,0.0319768914787,0.951985999242,0.015989709161
669,0.0395333481508,0.0716147967198,0.0496757529431,0.0387264289698,0.0459152559716,0.0801887348858,0.135407039302,0.00595013608817,0.160093183298,0.144374189504,0.17344525574,0.0550758784264,1,0.8,10,13,12,8,20,7.50774033195e-05,1.92198152498e-10,7.50774033195e-05,0.00446041511721,0.00327111552483,0.000614874186829,7.50774033195e-05,1.92198152498e-10,7.50774033195e-05,0.0317205196258,0.943780871033,0.0158518945148
670,0.0492214605161,0.00957420271507,0.0900097678848,0.191206613633,0.00941883709248,0.00719599383736,0.0213821191585,0.27324438607,0.0919511623022,0.0542379567599,0.172194903883,0.0303625961475,1,0.8,10,13,12,8,20,2.89425190176e-06,7.4092848685e-12,2.89425190176e-06,8.79586759307e-05,4.48464088248e-05,9.66985525868e-06,2.89425190176e-06,7.4092848685e-12,2.89425190176e-06,0.0319909448972,0.951867287874,0.0159877152659
671,0.017363022146,0.224969146878,0.125479895601,0.0114267521076,0.0101079619697,0.153272982977,0.0374870047801,0.0758623797771,0.021950932124,0.0132926760434,0.175455926277,0.13333131932,1,0.8,10,13,12,8,20,8.68562532504e-07,2.22352008321e-12,8.68562532504e-07,2.25268817645e-05,2.88129444624e-05,5.2345494835e-06,8.68562532504e-07,2.22352008321e-12,8.68562532504e-07,0.0319948326099,0.9519559149,0.0159892038596
672,0.0514244549484,0.0743222560642,0.000258186363082,0.0551951775412,0.0401533088607,0.0967643336681,0.17996444343,0.0861196315649,0.0143799513409,0.0359411661184,0.0979829721573,0.267494117942,1,0.8,10,13,12,8,20,2.4002434489e-06,6.14462322919e-12,2.4002434489e-06,4.33754262709e-05,5.06739558249e-05,4.11995511731e-06,2.4002434489e-06,6.14462322919e-12,2.4002434489e-06,0.0319747463399,0.951928735979,0.0159887473581
673,0.0489791656075,0.0789136636297,0.00824082429801,0.0784844546537,0.169672248207,0.112236962144,0.0888966903475,0.0801996303158,0.0736349964784,0.117632339915,0.123420287207,0.0196887371957,1,0.8,10,13,12,8,20,1.08233642847e-06,2.77078125689e-12,1.08233642847e-06,5.84865302956e-05,1.95816307078e-05,1.04244387123e-05,1.08233642847e-06,2.77078125689e-12,1.08233642847e-06,0.0319530187435,0.951964806108,0.0159893531978
674,0.061495308442,0.0149060647313,0.0652054246102,0.0504911334731,0.0272590697303,0.036288476115,0.00791044575512,0.280852710416,0.0905476570705,0.206156667831,0.0553936534726,0.103493388353,1,0.8,10,13,12,8,20,2.52487283765e-07,6.46367446438e-13,2.52487283765e-07,5.3604546838e-08,7.76189876726e-07,8.06863308178e-07,2.52487283765e-07,6.46367446438e-13,2.52487283765e-07,0.0319970885336,0.952010150056,0.015990114802
675,0.0194895328325,0.0177983242262,0.0511237435969,0.0606204030894,0.319552949215,0.0210858583902,0.0280886033325,0.068159793891,0.115678088033,0.114446632295,0.145734251547,0.038221819551,1,0.8,10,13,12,8,20,4.94678930143e-06,1.26637806117e-11,4.94678930143e-06,2.03572178924e-05,0.000600666701021,8.27767971475e-06,4.94678930143e-06,1.26637806117e-11,4.94678930143e-06,0.0319754472034,0.951395670117,0.0159797938986
676,0.131581354801,0.00529138582859,0.0358084028161,0.137534290134,0.00554778421969,0.00333936413472,0.226486946976,0.249765511373,0.0855547871247,0.00214358009734,0.0051932637426,0.111753328752,1,0.8,10,13,12,8,20,5.0630121191e-05,1.29613110249e-10,5.0630121191e-05,0.000101296364662,0.000621790717774,0.000190930540186,5.0630121191e-05,1.29613110249e-10,5.0630121191e-05,0.0319409243993,0.950969894727,0.015972642507
677,0.00177338967816,0.0490297199413,0.0453766161325,0.190669872368,0.0136177562527,0.0896885389613,0.0348270885161,0.121700341377,0.0906021612955,0.206879268797,0.115762737883,0.0400725087965,1,0.8,10,13,12,8,20,1.04315009681e-06,2.67046424784e-12,1.04315009681e-06,6.44616056758e-05,7.25319843623e-06,1.91302457381e-05,1.04315009681e-06,2.67046424784e-12,1.04315009681e-06,0.0319259334471,0.951989284556,0.0159897643417
678,0.00208440580087,0.0113032122572,0.099200520378,0.0767979927275,0.0217538863155,0.194170881579,0.0544687840365,0.175165452906,0.11427051698,0.235394873494,0.0124068928888,0.00298258063595,1,0.8,10,13,12,8,20,5.74404767189e-08,1.470476204e-13,5.74404767189e-08,6.96432874895e-07,6.08646695934e-07,8.9265990704e-07,5.74404767189e-08,1.470476204e-13,5.74404767189e-08,0.0319967805037,0.952010668485,0.0159901235096
679,0.0385392939127,0.145408009789,0.0812262587713,0.185684726258,0.00218369700175,0.0114924607207,0.00586811717351,0.114587887921,0.377698890251,0.00221573273566,0.0164792484326,0.0186156770333,1,0.8,10,13,12,8,20,3.43527398407e-05,8.79430139922e-11,3.43527398407e-05,0.000154739597102,0.000603958328185,0.000105785927897,3.43527398407e-05,8.79430139922e-11,3.43527398407e-05,0.0319614147623,0.951062492456,0.0159741977933
680,0.0941911633723,0.0214041211614,0.0724219314687,0.0288078462787,0.0073070676178,0.0647938769897,0.0295997906412,0.0142350399175,0.00370759466506,0.331626149184,0.0246560197721,0.307249398931,1,0.8,10,13,12,8,20,1.18092377418e-05,3.02316486189e-11,1.18092377418e-05,0.0010044114672,0.000234799905961,0.000275571738102,1.18092377418e-05,3.02316486189e-11,1.18092377418e-05,0.0319273982609,0.950545074459,0.0159655071578
681,0.128137369118,0.040738932077,0.101295953828,0.0307633042634,0.0104007767995,0.0884345667756,0.0770429337337,0.0400267208774,0.11050702132,0.0131999980417,0.208456859393,0.150995563774,1,0.8,10,13,12,8,20,7.81489941435e-07,2.00061425007e-12,7.81489941435e-07,2.13421380206e-05,1.23229165425e-05,1.55930185995e-06,7.81489941435e-07,2.00061425007e-12,7.81489941435e-07,0.0319773086237,0.951994489295,0.0159898517613
682,0.161286794348,0.0200235184473,0.15257802301,0.0567167448802,0.122948407278,0.0786396011421,0.102120713906,0.0177149750934,0.140050416371,0.00889102181423,0.133038489474,0.0059912942359,1,0.8,10,13,12,8,20,2.4505578856e-06,6.27342818713e-12,2.4505578856e-06,5.690554095e-05,8.21971723755e-05,1.01942397319e-05,2.4505578856e-06,6.27342818713e-12,2.4505578856e-06,0.0319904754497,0.951862785706,0.0159876396468
683,0.0154271246995,0.0910425816626,0.269019137896,0.0390745677611,0.0311708553478,0.0144964030096,0.184807383487,0.0503366678533,0.100060650182,0.000810865990797,0.203320321274,0.000433440837125,1,0.8,10,13,12,8,20,8.55490968357e-06,2.19005687899e-11,8.55490968357e-06,3.13092641674e-05,0.000612826109196,1.30855137884e-05,8.55490968357e-06,2.19005687899e-11,8.55490968357e-06,0.0319741926058,0.951355251798,0.015979115026
684,0.00403640788101,0.144581099748,0.210580950285,0.00224714457253,0.028477190954,0.130221145972,0.00143222412977,0.0950415933042,0.0178831591801,0.159802554726,0.108456095931,0.0972404333172,1,0.8,10,13,12,8,20,2.88535871567e-07,7.38651831212e-13,2.88535871567e-07,9.83506153534e-06,1.07550163923e-06,6.22344702503e-06,2.88535871567e-07,7.38651831212e-13,2.88535871567e-07,0.0319957159806,0.951996116768,0.0159898790966
685,0.116903409217,0.00226139020424,0.0545454716544,0.179754629499,0.0355470809859,0.0363982518621,0.0328588119484,0.0351327515484,0.124365836097,0.0476285628265,0.15934134604,0.175262458117,1,0.8,10,13,12,8,20,7.46945133694e-06,1.91217954226e-11,7.46945133694e-06,2.44735410877e-05,0.000146011623578,5.40904395552e-06,7.46945133694e-06,1.91217954226e-11,7.46945133694e-06,0.0319719580497,0.951835095343,0.015987174555
686,0.104367789731,0.0513487519015,0.191975054857,0.0133108043935,0.131788832721,0.0888684795064,0.109912451102,0.0085581165956,0.0187345602278,0.261309990622,0.0151271256619,0.00469804268111,1,0.8,10,13,12,8,20,1.23797825472e-06,3.16922433207e-12,1.23797825472e-06,4.99466399133e-05,3.52700497038e-05,1.98164993743e-05,1.23797825472e-06,3.16922433207e-12,1.23797825472e-06,0.0319523983661,0.951948536593,0.0159890799324
687,0.18407203966,0.0206235019884,0.144394822062,0.0896699004954,0.186912461095,0.00797076379305,0.000257030925684,0.0533237182239,0.100422771701,0.14083812427,0.0013844182674,0.0701304475195,1,0.8,10,13,12,8,20,0.000145544601052,3.72594178694e-10,0.000145544601052,0.0144299978581,0.00368268384089,0.0069354525178,0.000145544601052,3.72594178694e-10,0.000145544601052,0.031158958398,0.927630104578,0.0155806236573
688,0.045390670287,0.0124094554615,0.151105338816,0.0384898743579,0.128419842535,0.0948046108118,0.0895818614508,0.0316738230223,0.0544754725994,0.0594022670417,0.0768560655472,0.21739071807,1,0.8,10,13,12,8,20,7.32042022519e-06,1.87402757765e-11,7.32042022519e-06,0.00010727384721,0.000293050219694,5.93322983006e-06,7.32042022519e-06,1.87402757765e-11,7.32042022519e-06,0.031981789671,0.951599454618,0.0159832166957
689,0.248268618641,0.115845566732,0.0576454642101,0.0357496639202,0.163954090809,0.0877312783132,0.0487771415299,0.014295523882,0.0383349228955,0.074372247209,0.0597544108961,0.0552710709622,1,0.8,10,13,12,8,20,1.06121760186e-05,2.71671706075e-11,1.06121760186e-05,1.30581414899e-05,0.000149689810057,3.39409063161e-06,1.06121760186e-05,2.71671706075e-11,1.06121760186e-05,0.0319895705903,0.951815001553,0.0159868370565
690,0.00627814482141,0.196826812669,0.0660846897826,0.174137224692,0.118643472665,0.123694755072,0.10344677675,0.00217689290984,0.0177144381459,0.0191940485354,0.158295207891,0.0135075360665,1,0.8,10,13,12,8,20,1.74030184096e-07,4.45517271286e-13,1.74030184096e-07,1.40551987428e-05,2.10241740591e-06,2.37592907368e-06,1.74030184096e-07,4.45517271286e-13,1.74030184096e-07,0.031978175215,0.952012441823,0.0159901532949
691,0.121913259878,0.0915614576213,0.0390513092685,0.0242418841355,0.063549212366,0.218777080024,0.163404647557,0.124656346964,0.0340172854724,0.0611982608835,0.0297646991931,0.0278645566366,1,0.8,10,13,12,8,20,0.000164517498961,4.21164797339e-10,0.000164517498961,2.82700941119e-05,0.00267857446218,6.32603285265e-05,0.000164517498961,4.21164797339e-10,0.000164517498961,0.0318863259083,0.94875013923,0.0159353591385
692,0.018368484069,0.0320335752704,0.0564320516416,0.0741675972361,0.115381316257,0.167874874185,0.0431760255942,0.0587405272537,0.0944642583413,0.0410678633338,0.2011793481,0.0971140787172,1,0.8,10,13,12,8,20,0.000100763691559,2.57955050391e-10,0.000100763691559,0.0015791984688,0.00215179309703,0.000760719749448,0.000100763691559,2.57955050391e-10,0.000100763691559,0.0318405714269,0.94735277322,0.0159118887555
693,0.224265649987,0.184088900431,0.198035725952,0.040458761089,0.134648844648,0.0154062252478,0.0100337054001,0.0123113636765,0.0778967522509,0.028143809807,0.010218938142,0.0644913233684,1,0.8,10,13,12,8,20,6.08089200691e-05,1.55670835377e-10,6.08089200691e-05,5.17304998848e-05,0.000817901352593,4.62614922916e-05,6.08089200691e-05,1.55670835377e-10,6.08089200691e-05,0.0319584343675,0.950910786579,0.0159716497171
694,0.0425945016157,0.111541426478,0.161548939165,0.0507293991956,0.101570718294,0.00180105429801,0.00467349363147,0.0490596230463,0.0463325825772,0.0307804575245,0.195890729574,0.2034770746,1,0.8,10,13,12,8,20,3.74143326978e-05,9.57806917064e-11,3.74143326978e-05,0.000201709679145,0.000735987650596,9.99212421574e-05,3.74143326978e-05,9.57806917064e-11,3.74143326978e-05,0.0319365520718,0.950904625598,0.0159715462363
695,0.0468282443216,0.0117342825984,0.0339056889851,0.294548460184,0.0555363107023,0.0453842215684,0.204444434572,0.0547393787758,0.119001311684,0.00421225648553,0.107499376782,0.0221660333412,1,0.8,10,13,12,8,20,1.00215866576e-05,2.56552618435e-11,1.00215866576e-05,3.97979578269e-06,0.000461103518386,5.49910302423e-06,1.00215866576e-05,2.56552618435e-11,1.00215866576e-05,0.031980815547,0.951526523898,0.0159819917396
696,0.0979022518796,0.395024198934,0.137598201784,0.00560316524095,0.0881411133508,0.108531784136,0.0423979424011,0.0254156920701,0.023671023205,0.0709531023732,0.00280564897705,0.00195587564849,1,0.8,10,13,12,8,20,0.00112457043968,2.87890032558e-09,0.00112457043968,0.0421249073585,0.0452064632714,0.00428232078614,0.00112457043968,2.87890032558e-09,0.00112457043968,0.0289053459074,0.860529090865,0.0144535842948
697,0.0500360248565,0.00872760342539,0.0187197767053,0.0684529984196,0.181630163916,0.089445726219,0.0299891279338,0.00487744978813,0.165650387493,0.0701713719244,0.152958929281,0.159340440037,1,0.8,10,13,12,8,20,7.23888148594e-08,1.8531536604e-13,7.23888148594e-08,2.90629523267e-07,1.38018278629e-07,8.99318436204e-07,7.23888148594e-08,1.8531536604e-13,7.23888148594e-08,0.0319971342281,0.952011117204,0.0159901310463
698,0.0548807642942,0.0280139193184,0.0415550756303,0.251428420861,0.088757249357,0.0866936808615,0.0160418326307,0.0207100941088,0.106408196181,0.266003321529,0.00909376354984,0.0304136816774,1,0.8,10,13,12,8,20,2.69993912997e-06,6.91184417272e-12,2.69993912997e-06,7.68254929957e-06,0.00025122721036,2.89167654885e-06,2.69993912997e-06,6.91184417272e-12,2.69993912997e-06,0.0319879371953,0.951753654929,0.0159858066688
699,0.0946938360634,0.00116466399795,0.0489743395978,0.0668178187976,0.0747005608989,0.219417234698,0.0491915263255,0.0224260813415,0.0154643856259,0.215551609342,0.139842165611,0.0517557777007,1,0.8,10,13,12,8,20,2.92741759707e-06,7.49418904849e-12,2.92741759707e-06,3.63393151275e-05,6.77501251245e-06,3.33875073361e-05,2.92741759707e-06,7.49418904849e-12,2.92741759707e-06,0.0319533444952,0.951969020009,0.0159894239751
700,0.00615406329659,0.126364732325,0.173061370854,0.245692027345,0.0352814724106,0.0176808806606,0.0289214688737,0.103511845398,0.120426847383,0.119762722871,0.0175522834536,0.00559028512877,1,0.8,10,13,12,8,20,6.33385761547e-07,1.62146754956e-12,6.33385761547e-07,1.31905514466e-05,9.835664946e-06,1.59297039065e-05,6.33385761547e-07,1.62146754956e-12,6.33385761547e-07,0.0319954915311,0.951973519454,0.0159894995485
701,0.0234411943618,0.253311498993,0.00810433038164,0.0658020825759,0.112358457992,0.149430720196,0.0160014593377,0.14340367437,0.00745139783673,0.00903609567818,0.068990218806,0.142668869471,1,0.8,10,13,12,8,20,1.9020446689e-06,4.86923435239e-12,1.9020446689e-06,2.32869661619e-05,1.6578793205e-05,1.26654603075e-05,1.9020446689e-06,4.86923435239e-12,1.9020446689e-06,0.0319760387189,0.951974309062,0.0159895128109
702,0.0516265732579,0.0673560133502,0.153057296292,0.129067177649,0.133023322269,0.154292443919,0.0173471830096,0.126152226449,0.00198823291195,0.0778239182252,0.077004341497,0.0112612711714,1,0.8,10,13,12,8,20,1.62123046331e-05,4.15034998606e-11,1.62123046331e-05,4.00673535361e-05,0.000705205348396,5.46003285583e-05,1.62123046331e-05,4.15034998606e-11,1.62123046331e-05,0.0319495480518,0.951209069885,0.0159766597312
703,0.00684357445315,0.0587679233371,0.217107780817,0.0742830280501,0.0812117234731,0.0648115168112,0.135044266074,0.0701565304628,0.147183993492,0.0937209064565,0.02132261025,0.029546146323,1,0.8,10,13,12,8,20,1.59722177101e-05,4.0888877338e-11,1.59722177101e-05,6.20875782163e-05,0.000346201611693,2.84468992942e-05,1.59722177101e-05,4.0888877338e-11,1.59722177101e-05,0.0319389363461,0.951577589172,0.0159828494401
704,0.15232981023,0.205473402766,0.037988370491,0.104000995567,0.0166240491642,0.0247454128997,0.108256873471,0.134946518508,0.0359862579366,0.0560574118148,0.0111639156242,0.112426981528,1,0.8,10,13,12,8,20,9.01168731131e-06,2.30699195169e-11,9.01168731131e-06,4.56017548718e-05,5.82498386208e-05,1.68344470438e-05,9.01168731131e-06,2.30699195169e-11,9.01168731131e-06,0.0319909693044,0.951864627282,0.0159876705782
705,0.052838840649,0.0103472637723,0.0182534664268,0.143329758197,0.0981338648977,0.336211832901,0.0890391412546,0.0791072958202,0.0936306472164,0.0248293792976,0.00549987465553,0.0487786349123,1,0.8,10,13,12,8,20,2.80227517403e-06,7.17382444552e-12,2.80227517403e-06,2.24319672821e-05,6.53261520312e-05,9.12490634409e-06,2.80227517403e-06,7.17382444552e-12,2.80227517403e-06,0.0319749114373,0.951928257107,0.0159887393149
706,0.000938485024044,0.225770364096,0.12374635778,0.119720258214,0.051101848098,0.0526103788715,0.0887636913674,0.00855687393933,0.0458846671274,0.143683484505,0.0511341651645,0.0880894258131,1,0.8,10,13,12,8,20,3.10778151108e-07,7.95592066836e-13,3.10778151108e-07,1.35770822213e-05,6.54365418036e-06,1.60600167473e-06,3.10778151108e-07,7.95592066836e-13,3.10778151108e-07,0.031977235353,0.952009687758,0.0159901070371
707,0.0586686563637,0.0419742442781,0.0931911944638,0.0937310314367,0.0859772747087,0.0960563472357,0.0309350656956,0.0164051191604,0.138352735677,0.214141927649,0.111569903469,0.0189964998621,1,0.8,10,13,12,8,20,1.86381183424e-06,4.77135829566e-12,1.86381183424e-06,3.03992871885e-06,7.86386749608e-05,9.48360301594e-06,1.86381183424e-06,4.77135829566e-12,1.86381183424e-06,0.0319933617413,0.951919429746,0.0159885910491
708,0.060990239329,0.104835000583,0.0637171023606,0.0182494290505,0.0812117792228,0.131082475521,0.10108606028,0.0320401037834,0.041430660846,0.226999121717,0.0971374109628,0.0412206163437,1,0.8,10,13,12,8,20,2.17917917283e-05,5.57869868245e-11,2.17917917283e-05,0.000104494504796,0.00131365453019,6.73598569657e-05,2.17917917283e-05,5.57869868245e-11,2.17917917283e-05,0.0319463281486,0.950515977245,0.0159650184364
709,0.073567746469,0.0176151902565,0.515760232804,0.0329830337656,0.00348929442797,0.00923544024665,0.00906870220856,0.0140301666507,0.0889421422502,0.123403317944,0.0815985482733,0.0303061847035,1,0.8,10,13,12,8,20,0.000137597320661,3.52249140891e-10,0.000137597320661,0.00297392360147,0.00630635794385,0.000223276394905,0.000137597320661,3.52249140891e-10,0.000137597320661,0.0316565618057,0.942459784926,0.0158297053412
710,0.141034824018,0.0273609601046,0.115975519218,0.126587274494,0.111622115636,0.101466787752,0.0304214681456,0.0336737842353,0.208351342493,0.0112699631639,0.00801611341702,0.0842198473228,1,0.8,10,13,12,8,20,8.34882377914e-06,2.13729888746e-11,8.34882377914e-06,0.000149753134196,0.000860370493921,6.78571522907e-06,8.34882377914e-06,2.13729888746e-11,8.34882377914e-06,0.0319546679519,0.951021517791,0.0159735095763
711,0.0480025732386,0.0560361936958,0.0561149379022,0.012075131429,0.121036414168,0.244683533325,0.0334097043217,0.161858483582,0.141747479976,0.0297134572591,0.0902997687568,0.00502232234594,1,0.8,10,13,12,8,20,0.000236307044996,6.04946035189e-10,0.000236307044996,0.00684643753374,0.00974438866526,0.00775365749196,0.000236307044996,6.04946035189e-10,0.000236307044996,0.0311701497114,0.927954072139,0.0155860650683
712,0.0658991613573,0.0997358058642,0.0645477284238,0.00144661349005,0.131199389832,0.20043404782,0.0701406382412,0.0357603069932,0.0577217185329,0.136305487311,0.0935190825948,0.04329001954,1,0.8,10,13,12,8,20,2.80284599001e-05,7.17528573442e-11,2.80284599001e-05,2.42621220499e-05,0.000313866432808,0.000683596101929,2.80284599001e-05,7.17528573442e-11,2.80284599001e-05,0.0319603977326,0.950933728573,0.0159720350545
713,0.0431751175666,0.0187184983341,0.125343737838,0.0681017985237,0.0168406711361,0.0997871778024,0.118322182283,0.00106827926858,0.0352826919346,0.0478098372133,0.387010308825,0.0385396992742,1,0.8,10,13,12,8,20,9.15630217578e-06,2.344013357e-11,9.15630217578e-06,0.000196536326198,0.000902909403097,0.000112950128432,9.15630217578e-06,2.344013357e-11,9.15630217578e-06,0.0319389592005,0.950841533161,0.0159704865256
714,0.0614469625759,0.0100078326649,0.00670468021676,0.00791400357254,0.294085140211,0.125528101813,0.0106511107144,0.153449057564,0.0243572301629,0.18534239372,0.111596222729,0.00891726405465,1,0.8,10,13,12,8,20,8.37595037762e-05,2.14424329667e-10,8.37595037762e-05,0.00483074036724,0.00527055284409,0.000398280267707,8.37595037762e-05,2.14424329667e-10,8.37595037762e-05,0.0316502089758,0.941698264381,0.0158169147203
715,0.00377816085704,0.0430902931294,0.228708096987,0.0538769321927,0.0923823320727,0.00940693165406,0.0431270060003,0.0923333289962,0.0902297513406,0.245214927727,0.0968570145122,0.000995224530046,1,0.8,10,13,12,8,20,4.72533747631e-06,1.20968639394e-11,4.72533747631e-06,5.57307999549e-05,0.000445858421556,2.00273414437e-05,4.72533747631e-06,1.20968639394e-11,4.72533747631e-06,0.0319778712946,0.951500063462,0.0159815473059
716,0.0326321310927,0.0833425670755,0.122010321358,0.00654224475365,0.104365468762,0.0852825524995,0.0842784344302,0.0149557084222,0.0494742711581,0.00441982138336,0.305411386393,0.107285092673,1,0.8,10,13,12,8,20,2.67616153434e-05,6.8509735279e-11,2.67616153434e-05,0.0012451902655,0.00165585643595,0.000700895967559,2.67616153434e-05,6.8509735279e-11,2.67616153434e-05,0.0318778396459,0.948482310443,0.0159308606434
717,0.077658946896,0.0676039164852,0.0145772021757,0.288111183464,0.0794328878697,0.137551756663,0.0132770263492,0.0799642278077,0.0468843655307,0.0269552286274,0.027089746964,0.140893511168,1,0.8,10,13,12,8,20,1.2891533004e-05,3.30023244902e-11,1.2891533004e-05,1.85032105279e-05,0.000374321046201,2.93907029606e-05,1.2891533004e-05,3.30023244902e-11,1.2891533004e-05,0.0319630781254,0.951580246641,0.0159828940754
718,0.142181064286,0.0517978358116,0.102698055914,0.0263879862128,0.0736368647626,0.256383150408,0.0321277629417,0.0959078063984,0.00881752379783,0.0566985046199,0.0711236253504,0.0822398194965,1,0.8,10,13,12,8,20,9.07687840312e-05,2.3236808712e-10,9.07687840312e-05,0.000630534084998,0.00411337551088,0.000204342607431,9.07687840312e-05,2.3236808712e-10,9.07687840312e-05,0.0318087304504,0.946974408072,0.0159055336739
719,0.118221535331,0.0768962116713,0.0843539524595,0.0545566883813,0.0613495786169,0.0423314387659,0.00282560558109,0.158641972145,0.239471113817,0.101631172237,0.015926878027,0.0437938529675,1,0.8,10,13,12,8,20,7.79350106982e-06,1.99513627387e-11,7.79350106982e-06,5.20636081399e-05,0.000882952828376,1.57468585859e-05,7.79350106982e-06,1.99513627387e-11,7.79350106982e-06,0.0319631600785,0.951080403945,0.0159744986375
720,0.149954496871,0.0217669744487,0.0468790989595,0.0466579809904,0.261829327579,0.138228799353,0.0080455154722,0.0233402515865,0.0738937494345,0.146360766986,0.0643409911278,0.018702047192,1,0.8,10,13,12,8,20,2.25146632829e-06,5.76375380042e-12,2.25146632829e-06,4.17997448582e-06,0.000241682546147,3.15442423309e-06,2.25146632829e-06,5.76375380042e-12,2.25146632829e-06,0.0319881428955,0.951767790196,0.015986044087
721,0.0407229390299,0.0535307278535,0.221151503233,0.210291562829,0.0423580440261,0.0400380828196,0.00742882967297,0.0174495297129,0.183886516053,0.0561409684195,0.0448633225123,0.0821379738382,1,0.8,10,13,12,8,20,5.98252799891e-05,1.53152716772e-10,5.98252799891e-05,0.0002419110726,0.00077550345827,0.000179484136967,5.98252799891e-05,1.53152716772e-10,5.98252799891e-05,0.0318820533356,0.950713411988,0.0159683345819
722,0.157684825636,0.181196405089,0.0537729556551,0.0104265189809,0.0692092872009,0.0177458618844,0.07236862272,0.073022896151,0.0296549070638,0.00666701888068,0.0356404229873,0.29261027775,1,0.8,10,13,12,8,20,2.8617822846e-07,7.32616264857e-13,2.8617822846e-07,1.57795798715e-05,1.67054896638e-05,1.97135840451e-06,2.8617822846e-07,7.32616264857e-13,2.8617822846e-07,0.031977519421,0.951996985745,0.0159898936921
723,0.109798164716,0.0541488286645,0.025220338719,0.0151797193934,0.0224833270444,0.0289545265465,0.0369250361661,0.0728553435648,0.018590564583,0.0689403253827,0.544513010296,0.00239081492357,1,0.8,10,13,12,8,20,8.62478934567e-06,2.20794607249e-11,8.62478934567e-06,8.47078687945e-05,0.000357091041794,1.48018312443e-05,8.62478934567e-06,2.20794607249e-11,8.62478934567e-06,0.0319628744973,0.951563414204,0.0159826113551
724,0.0674231676143,0.0650336144938,0.041737094989,0.109775741141,0.261623581077,0.0144407159609,0.0245087147378,0.0746257095568,0.0760797012439,0.095887591858,0.0823308773474,0.0865334899793,1,0.8,10,13,12,8,20,1.05436746125e-06,2.6991807008e-12,1.05436746125e-06,2.60333790652e-05,2.50004819533e-05,7.73429842704e-06,1.05436746125e-06,2.6991807008e-12,1.05436746125e-06,0.0319764429761,0.951971112272,0.0159894591171
725,0.0142630690565,0.286438445443,0.273990141827,0.0118803096124,0.0353125919142,0.0664483639107,0.0298363302269,0.158296847546,0.0511004711123,0.0467029617755,0.024758788132,0.000971679444281,1,0.8,10,13,12,8,20,9.29361152765e-06,2.37916455108e-11,9.29361152765e-06,3.74048788224e-05,0.00024214333454,9.96541844442e-06,9.29361152765e-06,2.37916455108e-11,9.29361152765e-06,0.0319864297962,0.951701943955,0.015984938123
726,0.179410272285,0.0547603118159,0.10595033377,0.022463813714,0.0395390224043,0.0142203610428,0.0425413054498,0.0659031281737,0.00630894845932,0.385600989725,0.0521153226886,0.0311861904715,1,0.8,10,13,12,8,20,5.10094566668e-06,1.30584209067e-11,5.10094566668e-06,2.97538337797e-05,0.000100494834797,1.61039566561e-05,5.10094566668e-06,1.30584209067e-11,5.10094566668e-06,0.0319722451266,0.951873184139,0.0159878143005
727,0.0595217484933,0.0104547669842,0.013831469175,0.0359158376705,0.0200370680612,0.00590291899105,0.168868440601,0.489390950443,0.000645362209891,0.035213155945,0.0984319486675,0.0617863327581,1,0.8,10,13,12,8,20,4.19975744114e-06,1.07513790493e-11,4.19975744114e-06,4.70551542828e-05,0.00074742980246,2.79214576292e-05,4.19975744114e-06,1.07513790493e-11,4.19975744114e-06,0.0319499656212,0.951233754574,0.0159770743392
728,0.0967671036662,0.109911609594,0.0107352477406,0.439179160066,0.0162131900761,0.060534276531,0.00874127689866,7.22984886002e-05,0.0891067884033,0.0149641097721,0.0410980630426,0.112676875721,1,0.8,10,13,12,8,20,1.62282562602e-06,4.15443360261e-12,1.62282562602e-06,3.79363789349e-05,3.52913656993e-05,3.29366657486e-05,1.62282562602e-06,4.15443360261e-12,1.62282562602e-06,0.0319521820617,0.951946122827,0.0159890393904
729,0.0914911991076,0.0898525707955,0.0443157611681,0.0690389210119,0.0059847158048,0.0191266074263,0.146321364682,0.0511931609347,0.00011006019226,0.209842371313,0.0948406744968,0.177882593067,1,0.8,10,13,12,8,20,1.89995443748e-05,4.86388335994e-11,1.89995443748e-05,9.55137089924e-05,0.000591300338413,3.25207887448e-05,1.89995443748e-05,4.86388335994e-11,1.89995443748e-05,0.0319717417799,0.951255485769,0.0159774393399
730,0.0714511081291,0.0704395700621,0.153774430098,0.145329943385,0.00413926839207,0.0655035719303,0.0599849259867,0.119737070205,0.0259032419035,0.0492183785785,0.048626289459,0.185892201871,1,0.8,10,13,12,8,20,7.19115854659e-07,1.84093658793e-12,7.19115854659e-07,1.79598808285e-05,5.50657361692e-05,2.2040384899e-05,7.19115854659e-07,1.84093658793e-12,7.19115854659e-07,0.0319940563209,0.951919410484,0.0159885907256
731,0.0569267352891,0.0586155811173,0.0532658646448,0.0106030994444,0.0534343429348,0.296637555571,0.107230211823,0.252024255316,0.0113367505051,0.023486094048,0.0223390777967,0.0541004315097,1,0.8,10,13,12,8,20,1.21286666392e-05,3.10493865962e-11,1.21286666392e-05,4.61260809481e-05,0.000683912256628,1.57954818119e-05,1.21286666392e-05,3.10493865962e-11,1.21286666392e-05,0.0319707240545,0.951257454982,0.0159774724151
732,0.0418468410419,0.1976570732,0.0376118510934,0.0918015252253,0.032413681171,0.0693750547884,0.000598262699231,0.301361606317,0.061424704563,0.0612418963091,0.0463286477551,0.0583388558366,1,0.8,10,13,12,8,20,0.000168997401586,4.32633348061e-10,0.000168997401586,0.00718896748461,0.00236015626434,0.00314824704998,0.000168997401586,4.32633348061e-10,0.000168997401586,0.0315199662391,0.93932954319,0.0157771293002
733,0.13306937177,0.0208675639457,0.0900888186591,0.0598938849781,0.123154904421,0.0435049622538,0.146457960161,0.120200211453,0.114101228794,0.0824927289987,0.0581803795119,0.00798798505234,1,0.8,10,13,12,8,20,2.53072529517e-06,6.47865675563e-12,2.53072529517e-06,1.58213157489e-05,4.10466062745e-05,1.46552049992e-05,2.53072529517e-06,6.47865675563e-12,2.53072529517e-06,0.0319943235115,0.951935174939,0.0159888555079
734,0.0647858671781,0.0108053283923,0.0361636253454,0.121698467037,0.0666925983515,0.0827232534605,0.16015726987,0.00130367754612,0.137231831183,0.102910102386,0.182503047066,0.0330249321832,1,0.8,10,13,12,8,20,3.65771125849e-06,9.36374082174e-12,3.65771125849e-06,1.96414680066e-05,6.09557267963e-05,2.51320026898e-06,3.65771125849e-06,9.36374082174e-12,3.65771125849e-06,0.0319757634135,0.951937599103,0.0159888962246
735,0.0233017432088,0.0102870553032,0.0625733149714,0.0127286797757,0.0886442621634,0.165950726508,0.0534634518939,0.217129509176,0.000456567854956,0.221019284143,0.0804410427146,0.0640043622875,1,0.8,10,13,12,8,20,4.8082057785e-07,1.2309006793e-12,4.8082057785e-07,2.44667002161e-06,3.18192249475e-06,6.35668926336e-07,4.8082057785e-07,1.2309006793e-12,4.8082057785e-07,0.0319962181633,0.95200555664,0.0159900376502
736,0.0961234067564,0.091529476005,0.00880229311146,0.00811332073072,0.0110683267586,0.438999055977,0.14140906562,0.0388638738419,0.0530241801866,0.0207959321655,0.0299139440203,0.0613571248262,1,0.8,10,13,12,8,20,0.000996136084828,2.55010837716e-09,0.000996136084828,0.0103546564305,0.0134715362596,0.00422100258255,0.000996136084828,2.55010837716e-09,0.000996136084828,0.030953892814,0.92153609478,0.0154782676937
737,0.124010400435,0.0367335256287,0.0197428434253,0.109594275936,0.056982620776,0.212531801732,0.039757868892,0.0800704934156,0.00549616146336,0.0102507907002,0.274471083658,0.0303581339388,1,0.8,10,13,12,8,20,0.000183207839804,4.69012069897e-10,0.000183207839804,0.00292536982869,0.00170654602452,0.00154763885933,0.000183207839804,4.69012069897e-10,0.000183207839804,0.0317353804092,0.94547193469,0.0158802978906
738,0.0312618311219,0.087214538824,0.302426457265,0.0894269161688,0.127094660282,0.122261283221,0.0721880753875,0.0355654536899,0.0218002219788,0.0360591311633,0.0110412278712,0.063660203027,1,0.8,10,13,12,8,20,1.06722592539e-05,2.73209836901e-11,1.06722592539e-05,1.13587288925e-05,0.000168986029175,1.58223403329e-05,1.06722592539e-05,2.73209836901e-11,1.06722592539e-05,0.0319886354104,0.95178615584,0.0159863525593
739,0.123148702854,0.192193608203,0.154539038599,0.071701892719,0.0150649674267,0.061994612702,0.147702715903,0.106825998418,0.00983280712758,0.0211934278322,0.0736260677864,0.0221761604287,1,0.8,10,13,12,8,20,4.07776776943e-05,1.04390854897e-10,4.07776776943e-05,5.90752971083e-05,0.000742070886752,9.01567673709e-05,4.07776776943e-05,1.04390854897e-10,4.07776776943e-05,0.0319614040677,0.951010851636,0.0159733304258
740,0.193241689181,0.0791046228834,0.0246931560353,0.197941917713,0.049352095927,0.0299011531153,0.136256757496,0.0242980734194,0.136914707472,0.0170793498436,0.00417856239394,0.10703791452,1,0.8,10,13,12,8,20,2.86098872444e-06,7.32413113456e-12,2.86098872444e-06,4.9798896096e-05,4.99102206439e-06,6.08754505312e-05,2.86098872444e-06,7.32413113456e-12,2.86098872444e-06,0.0319258559441,0.951957799209,0.0159892355088
741,0.128738994819,0.00225468242497,0.0523378089999,0.0886155701741,0.00696438415068,0.24315180119,0.0205313152158,0.0813514143909,0.180962340415,0.0889971229067,0.0589471727926,0.0471473925202,1,0.8,10,13,12,8,20,8.4225421031e-06,2.15617077839e-11,8.4225421031e-06,0.000107683675378,0.000721409947841,1.26061807185e-05,8.4225421031e-06,2.15617077839e-11,8.4225421031e-06,0.0319494683398,0.951198656813,0.0159764848316
742,0.026517030633,0.0995688654587,0.0506688641031,0.11282110571,0.0241398430195,0.219342863881,0.0919253829119,0.0261088991166,0.297744757724,0.00749224517155,0.0283362142146,0.0153339280557,1,0.8,10,13,12,8,20,8.70005849813e-06,2.22721497552e-11,8.70005849813e-06,4.65274046525e-05,5.27629925798e-05,7.82461599695e-05,8.70005849813e-06,2.22721497552e-11,8.70005849813e-06,0.0319707268628,0.951829849851,0.0159870864509
743,0.14112592735,0.126205315829,0.0564080987847,0.107924825568,0.036427066629,0.0126163412026,0.237791332046,0.0461191794312,0.0097105657467,0.00236787901592,0.207231576588,0.0160718918073,1,0.8,10,13,12,8,20,9.40826695877e-07,2.40851634145e-12,9.40826695877e-07,9.41901537605e-05,3.51957480169e-05,5.86678436478e-07,9.40826695877e-07,2.40851634145e-12,9.40826695877e-07,0.0318911138945,0.951985450273,0.0159896999405
744,0.147940127057,0.00414343407872,0.0664010799466,0.107761134765,0.00399476168194,0.0818419251294,0.0335402926156,0.0167910920923,0.123653530497,0.100003457704,0.186296066967,0.127633097465,1,0.8,10,13,12,8,20,7.078290787e-07,1.81204244147e-12,7.078290787e-07,2.86242686242e-05,3.43995736302e-06,5.77061778569e-06,7.078290787e-07,1.81204244147e-12,7.078290787e-07,0.0319551681545,0.952013986443,0.0159901792385
745,0.167914688751,0.062615766066,0.0305266425734,0.0614187048,0.0211046694882,0.0200174977879,0.173338321973,0.326375908966,0.0297450401341,0.0270923499471,0.0638679461144,0.0159824633987,1,0.8,10,13,12,8,20,4.04307692443e-06,1.03502769265e-11,4.04307692443e-06,0.000233468238365,0.000103879149032,2.9620892689e-05,4.04307692443e-06,1.03502769265e-11,4.04307692443e-06,0.0319144880458,0.95171717736,0.0159851939857
746,0.00351161013948,0.0492107640219,0.0276564870597,0.147032374002,0.0706042363267,0.194411768981,0.160778356887,0.00227350432605,0.217355592276,0.0424847595829,0.0371537758566,0.0475267705402,1,0.8,10,13,12,8,20,3.69455674011e-07,9.45806525469e-13,3.69455674011e-07,1.63656995724e-05,3.60740589443e-05,2.29881249477e-06,3.69455674011e-07,9.45806525469e-13,3.69455674011e-07,0.0319949478569,0.951959570488,0.0159892652594
747,0.212096551641,0.0379876880624,0.0506648803988,0.00600474752206,0.0574202957379,0.0369038904848,0.100520192704,0.0570732773766,0.204613601655,0.0964197246237,0.0467036182745,0.0935915315186,1,0.8,10,13,12,8,20,2.93547969545e-05,7.51482802035e-11,2.93547969545e-05,4.0607044804e-05,0.000321152137619,1.74625605978e-05,2.93547969545e-05,7.51482802035e-11,2.93547969545e-05,0.031980321117,0.951540806175,0.015982231627
748,0.0416633438611,0.0730527032706,0.032338563629,0.0305944301202,0.0808678697938,0.0938548552643,0.0968418989211,0.137997328721,0.13493782827,0.0169776930916,0.0910643236403,0.169809161417,1,0.8,10,13,12,8,20,8.30426482817e-07,2.12589179601e-12,8.30426482817e-07,5.27116704203e-05,1.93599496065e-05,8.81584891483e-06,8.30426482817e-07,2.12589179601e-12,8.30426482817e-07,0.0319533944864,0.951972907072,0.0159894892628
749,0.0172547451478,0.00420978229394,0.126039372733,0.161691208917,0.0347328103693,0.221010381902,0.136729897121,0.091346735611,0.00122586447072,0.00400342885559,0.111039420211,0.0907163523687,1,0.8,10,13,12,8,20,2.59538765891e-05,6.64419240681e-11,2.59538765891e-05,7.00135784465e-05,0.000541544665732,0.000130996021597,2.59538765891e-05,6.64419240681e-11,2.59538765891e-05,0.0319505573037,0.951226126573,0.0159769462181
750,0.0030046060662,0.012383491146,0.0303254301772,0.0234953580704,0.0647805074346,0.0869094237287,0.0149806724337,0.318833379801,0.0315020541138,0.0864173415178,0.0210831665846,0.306284568926,1,0.8,10,13,12,8,20,4.12543358647e-06,1.05611099814e-11,4.12543358647e-06,1.52068672322e-05,0.000169880657212,1.93018698078e-05,4.12543358647e-06,1.05611099814e-11,4.12543358647e-06,0.0319890392283,0.951803426974,0.015986642648
751,0.00798691966067,0.0471934429557,0.288842073488,0.0737959340232,0.0137570467769,0.0065125453926,0.0909653289619,0.0188217038139,0.2384085938,0.0202322470909,0.134752933875,0.058731230161,1,0.8,10,13,12,8,20,4.20180150782e-07,1.075661186e-12,4.20180150782e-07,2.04738041518e-05,6.85412133677e-06,1.28942786233e-07,4.20180150782e-07,1.075661186e-12,4.20180150782e-07,0.0319776456883,0.952003218345,0.0159899983758
752,0.108670666002,0.00641918977428,0.0928825900397,0.0154626448866,0.0801879721895,0.168152216221,0.0610512739883,0.000631430639808,0.105328637223,0.0901286282924,0.204512970021,0.0665717807216,1,0.8,10,13,12,8,20,0.000112795360826,2.88756123715e-10,0.000112795360826,0.00143230042495,0.00149783924781,0.000660988637273,0.000112795360826,2.88756123715e-10,0.000112795360826,0.0318277706245,0.948203737359,0.0159261816853
753,0.168159514041,0.281734236304,0.0395192263131,0.00045710049094,0.0108944283528,0.00280191598853,0.100307694005,0.0219656603175,0.153250657903,0.107844230101,0.0442339157905,0.0688314203929,1,0.8,10,13,12,8,20,7.54275966604e-06,1.93094647451e-11,7.54275966604e-06,4.93692722067e-05,7.90193187074e-05,3.05524237198e-05,7.54275966604e-06,1.93094647451e-11,7.54275966604e-06,0.031971701502,0.951851732412,0.0159874539939
754,0.113051249939,0.0186441998677,0.00520861842493,0.0693100778065,0.016913039399,0.17065596459,0.107000196696,0.0998995295707,0.289134024146,0.0711874688761,0.00646102351565,0.0325346071682,1,0.8,10,13,12,8,20,1.96332094199e-05,5.02610161149e-11,1.96332094199e-05,7.3165332605e-06,0.000432503170849,1.54518492842e-05,1.96332094199e-05,5.02610161149e-11,1.96332094199e-05,0.0319797425421,0.951504825674,0.0159816272928
755,0.0723069881898,0.010580532228,0.00750501552349,0.12282114861,0.0173707466826,0.157012111888,0.0324193427116,0.253311548087,0.0629229066526,0.00538383720552,0.192387565919,0.0659782563013,1,0.8,10,13,12,8,20,0.000238736987003,6.11166686727e-10,0.000238736987003,0.0176665893428,0.00171706986004,0.00251219368295,0.000238736987003,6.11166686727e-10,0.000238736987003,0.0312360687395,0.930287865371,0.0156252638328
756,0.00919544023438,0.0732519738191,0.000413782380161,0.0563058449935,0.336291077356,0.00232835851827,0.0411400330668,0.0925197257422,0.00660769233267,0.131504088689,0.186197280903,0.064244701965,1,0.8,10,13,12,8,20,1.23153220674e-06,3.15272244927e-12,1.23153220674e-06,2.12220133519e-05,1.27407081736e-05,1.55620572992e-06,1.23153220674e-06,3.15272244927e-12,1.23153220674e-06,0.0319768516312,0.951992878599,0.0159898247078
757,0.00516721960357,0.0233846121099,0.0786528674873,0.139556614087,0.219072355908,0.00412316420656,0.200492224709,0.023471942944,0.000396780239604,0.0591367043089,0.0318317973455,0.214713717051,1,0.8,10,13,12,8,20,8.21026324311e-07,2.10182739024e-12,8.21026324311e-07,6.01507497012e-05,5.18370557682e-06,5.90390121281e-06,8.21026324311e-07,2.10182739024e-12,8.21026324311e-07,0.0319753471507,0.951960843738,0.0159892866452
758,0.0321724028493,0.0126536135024,0.0992043698403,0.0337549910902,0.0123169473561,0.174186293975,0.0264072699368,0.0438974992814,0.269154200875,0.0666260919785,0.188870110271,0.0407562090444,1,0.8,10,13,12,8,20,0.000159602208807,4.08581654547e-10,0.000159602208807,0.00947636632862,0.00561125907421,0.0007558817281,0.000159602208807,4.08581654547e-10,0.000159602208807,0.0314695128242,0.936321956991,0.0157266134011
759,0.0495904153578,0.052663474047,0.00455830322225,0.0134816072775,0.161152634916,0.0249560381795,0.0825869694753,0.219978515119,0.0691559093114,0.0455648799594,0.144576283807,0.131734969327,1,0.8,10,13,12,8,20,4.15737678245e-06,1.06428845631e-11,4.15737678245e-06,3.66002647419e-05,0.000153073271146,4.91821912672e-06,4.15737678245e-06,1.06428845631e-11,4.15737678245e-06,0.0319492977378,0.951852022119,0.0159874588598
760,0.135710573304,0.0602385968543,0.0137463850237,0.0906638094254,0.100860690466,0.0492070923692,0.0199580345738,0.0871050208418,0.132912479191,0.0361512733268,0.162608972971,0.110837071652,1,0.8,10,13,12,8,20,4.40623690549e-06,1.12799664781e-11,4.40623690549e-06,2.02168138605e-05,0.000191604506121,5.42060159544e-06,4.40623690549e-06,1.12799664781e-11,4.40623690549e-06,0.0319711135792,0.951807311634,0.0159867078954
761,0.00467060125585,0.161714623,0.00168009582584,0.0174210403212,0.0470438027738,0.0441719652665,0.053914088227,0.0643780634392,0.0623386187302,0.46696918873,0.00303328345025,0.0726646289805,1,0.8,10,13,12,8,20,1.73368177893e-07,4.43822535406e-13,1.73368177893e-07,1.78195217931e-06,4.32741670624e-06,3.94265914082e-07,1.73368177893e-07,4.43822535406e-13,1.73368177893e-07,0.0319969599175,0.952005801216,0.0159900417582
762,0.0790513465102,0.160035951008,0.0991188887544,0.0682921144811,0.086853499503,0.045912643585,0.0498555597052,0.196966050515,0.00389344635963,0.116209324496,0.0844003510624,0.00941082402004,1,0.8,10,13,12,8,20,1.18880156204e-05,3.04333199882e-11,1.18880156204e-05,0.000148246586378,0.000339054523432,8.7483688545e-05,1.18880156204e-05,3.04333199882e-11,1.18880156204e-05,0.0319346193141,0.951462133535,0.0159809102288
763,0.00223409250347,0.024269749051,0.172885694525,0.00536480306326,0.07534158768,0.140824388693,0.0749139943669,0.0230143270378,0.222902777841,0.0911035362888,0.115962821904,0.0511822270458,1,0.8,10,13,12,8,20,1.66599442356e-05,4.26494572431e-11,1.66599442356e-05,3.97812851311e-06,0.000588860264721,6.51704332635e-06,1.66599442356e-05,4.26494572431e-11,1.66599442356e-05,0.0319754261087,0.951379063619,0.0159795149732
764,0.00965646957833,0.154264185843,0.130537071915,0.0263189707133,0.0183178387508,0.03150440837,0.111096347029,0.164551538054,0.18455312814,0.0142271969562,0.140235396712,0.0147374479378,1,0.8,10,13,12,8,20,0.000271549812698,6.95167520507e-10,0.000271549812698,0.00409096637736,0.00915472691791,0.0012369043833,0.000271549812698,6.95167520507e-10,0.000271549812698,0.0314587547152,0.937230572316,0.0157418746495
765,0.0246068181545,0.138810313303,0.186252566556,0.0862163980937,0.0714790847314,0.0883622575675,0.115417664183,0.00316432078809,0.11339696009,0.0295841541249,0.0283932546445,0.114316207764,1,0.8,10,13,12,8,20,0.000633209674146,1.62101676581e-09,0.000633209674146,0.00969770208537,0.00763590591227,0.00168525830346,0.000633209674146,1.62101676581e-09,0.000633209674146,0.0312409299475,0.931560718928,0.0156466428848
766,0.00500990599549,0.0237871251725,0.127994991426,0.00328777085701,0.0336674686393,0.071680112404,0.00966897129204,0.0152941498338,0.35216602242,0.0890600284544,0.211312354046,0.0570710994587,1,0.8,10,13,12,8,20,2.11238367713e-05,5.40770221345e-11,2.11238367713e-05,6.34518105425e-06,0.000425927184526,8.23538620415e-05,2.11238367713e-05,5.40770221345e-11,2.11238367713e-05,0.0319776606591,0.951442634931,0.0159805827271
767,0.036938300523,0.00522431122289,0.126183780103,0.00517410525703,0.00723842708777,0.0844845495971,0.011099045547,0.247280054573,0.177195516821,0.0643095620415,0.113016338135,0.121856009092,1,0.8,10,13,12,8,20,7.87930290775e-07,2.01710154438e-12,7.87930290775e-07,1.87651759228e-05,1.16957633124e-05,3.38514731756e-06,7.87930290775e-07,2.01710154438e-12,7.87930290775e-07,0.0319770295585,0.951996093917,0.0159898787128
768,0.065259535789,0.0519998762467,0.122966169243,0.0671614379748,0.078578832032,0.0167193860353,0.0109174963957,0.0148721815032,0.0924048147438,0.157264313924,0.255480273786,0.0663756823265,1,0.8,10,13,12,8,20,2.94308464417e-05,7.53429668907e-11,2.94308464417e-05,0.000181715267293,0.000553462145376,9.86235023145e-05,2.94308464417e-05,7.53429668907e-11,2.94308464417e-05,0.0319477827377,0.951125437778,0.015975255033
769,0.1964419906,0.0158545617041,0.10974674157,0.1702694589,0.0701052750769,0.0753526083126,0.00798083553562,0.00693592536906,0.0644912603792,0.0760481884166,0.0919919681779,0.114781185958,1,0.8,10,13,12,8,20,1.09846323341e-05,2.81206587753e-11,1.09846323341e-05,2.53474735551e-05,0.000335533867585,2.49969846394e-05,1.09846323341e-05,2.81206587753e-11,1.09846323341e-05,0.0319830171443,0.951603875003,0.0159832909412
770,0.0430729682974,0.10048761749,0.0215612687287,0.116081379828,0.105281724208,0.163628648224,0.0674227748126,0.0115045165936,0.0386962454495,0.203279917316,0.0751514248568,0.0538315141949,1,0.8,10,13,12,8,20,6.26061035066e-06,1.60271624977e-11,6.26061035066e-06,1.31988434452e-05,0.000100429354806,8.39091778043e-06,6.26061035066e-06,1.60271624977e-11,6.26061035066e-06,0.0319740365203,0.951890791848,0.0159881100424
771,0.105450722035,0.0145262331459,0.290832458962,0.0544977955693,0.0231715606712,0.136069785227,0.062254127314,0.04579471378,0.00265292205156,0.0485119923739,0.0328467382797,0.18339095059,1,0.8,10,13,12,8,20,0.000164027073428,4.19909307976e-10,0.000164027073428,0.00165686752547,0.00272772848262,0.000680120166472,0.000164027073428,4.19909307976e-10,0.000164027073428,0.0318141398692,0.946566354876,0.0158986799471
772,0.0752106973526,0.0380466432734,0.137735626405,0.0391446854134,0.0914288879577,0.0477448018147,0.0446571567201,0.0874541289688,0.136955427654,0.108880709563,0.0925323611547,0.100208873723,1,0.8,10,13,12,8,20,1.18674186938e-05,3.03805918562e-11,1.18674186938e-05,7.60053210839e-05,0.000281959143428,1.36113860895e-05,1.18674186938e-05,3.03805918562e-11,1.18674186938e-05,0.0319643119188,0.951632864639,0.0159837778557
773,0.341569341189,0.0817506584676,0.00382991605684,0.0240799840909,0.136316852545,0.0782913401884,0.0362418279305,0.0750236932677,0.101851611415,0.00502555178596,0.0900184085172,0.026000814546,1,0.8,10,13,12,8,20,3.91820512958e-05,1.00306051317e-10,3.91820512958e-05,2.80010518823e-05,0.00267801344269,5.65369442997e-05,3.91820512958e-05,1.00306051317e-10,3.91820512958e-05,0.0319026593884,0.949234565133,0.0159434956335
774,0.353312907298,0.0298620212512,0.0274375087739,0.0437789435168,0.0953997559799,0.0788999517026,0.138472041839,0.128057550479,0.0186099103845,0.0495304963464,0.0307224710593,0.0059164413692,1,0.8,10,13,12,8,20,7.77575893889e-05,1.99059428835e-10,7.77575893889e-05,0.0119796404765,0.00167850027102,0.00287042185599,7.77575893889e-05,1.99059428835e-10,7.77575893889e-05,0.0313705386429,0.936067528026,0.0157223399715
775,0.0702712270968,0.237039132364,0.156894520674,0.0103848601888,0.099647717042,0.190901683256,0.0540993360047,0.0851450084734,0.0145007246516,0.00198581251993,0.0326978655758,0.0464321121529,1,0.8,10,13,12,8,20,1.13411482226e-08,2.903333945e-14,1.13411482226e-08,5.79647726081e-08,1.03885541776e-07,1.16584210318e-08,1.13411482226e-08,2.903333945e-14,1.13411482226e-08,0.0319971782712,0.952012449433,0.0159901534227
776,0.00291531033775,0.0298428393916,0.00764206990146,0.0062504798091,0.0715857188914,0.22696856402,0.0943449538517,0.122559421679,0.0150931059706,0.244174656741,0.0920428232207,0.0865800561861,1,0.8,10,13,12,8,20,3.63795666852e-06,9.31316907141e-12,3.63795666852e-06,2.02291112519e-05,2.16121070145e-05,4.0401189701e-05,3.63795666852e-06,9.31316907141e-12,3.63795666852e-06,0.0319755538396,0.951938736577,0.0159889153298
777,0.00771817318117,0.00802223141999,0.141131589436,0.0461428265539,0.326869839539,0.0386920891779,0.0326027177366,0.0266389214144,0.159460088709,0.111530030619,0.0633537586147,0.0378377335995,1,0.8,10,13,12,8,20,4.98985383277e-06,1.27740258119e-11,4.98985383277e-06,3.62229982927e-05,0.00021764989411,5.81844130668e-06,4.98985383277e-06,1.27740258119e-11,4.98985383277e-06,0.0319693199903,0.951765031484,0.0159859977512
778,0.000247548035036,0.36394549669,0.0410244258727,0.157676191476,0.0632192662596,0.106724776338,0.0596242962905,0.00151053064601,0.00457033766898,0.143613408968,0.0112201672021,0.0466235545529,1,0.8,10,13,12,8,20,8.88815369535e-06,2.27536734601e-11,8.88815369535e-06,5.27858811336e-05,0.000264203796928,2.22010611425e-05,8.88815369535e-06,2.27536734601e-11,8.88815369535e-06,0.0319656615941,0.951675107631,0.0159844873758
779,0.117556921669,0.0397499856176,0.0143601935194,0.0609888912905,0.0192384615482,0.0137307890842,0.157303768232,0.0915839498115,0.0712244809216,0.215071918266,0.156730067891,0.0424605721487,1,0.8,10,13,12,8,20,3.27838243833e-05,8.39265904212e-11,3.27838243833e-05,0.000222917032138,0.000874120692093,0.000137822007687,3.27838243833e-05,8.39265904212e-11,3.27838243833e-05,0.0319352037105,0.950730184792,0.0159686163006
780,0.0204243195164,0.0434996534491,0.253236568031,0.119644074057,0.116821919987,0.072084039864,0.0782375954358,0.103809388156,0.123876278336,5.74699624896e-05,0.0106927586663,0.0576159345387,1,0.8,10,13,12,8,20,0.00156139469997,3.99717043192e-09,0.00156139469997,0.00982590474097,0.0343766742895,0.00320861245029,0.00156139469997,3.99717043192e-09,0.00156139469997,0.0302630025014,0.900947756553,0.0151324626707
781,0.0574463822548,0.0966551539335,0.0065159378345,0.0768950038213,0.0624582781084,0.102969629857,0.35587963003,0.205257988687,0.01778463483,0.00434591328778,0.00504994777188,0.00874149958337,1,0.8,10,13,12,8,20,0.000151410397279,3.87610617033e-10,0.000151410397279,5.79398170026e-05,0.00208974801931,6.96004034947e-05,0.000151410397279,3.87610617033e-10,0.000151410397279,0.0318869619503,0.949344760946,0.0159453465
782,0.155141526952,0.0502280624372,0.183981924101,0.0633431898762,0.0725764581929,0.00489791776298,0.0618237803296,0.193055592458,0.00656665826299,0.11121941135,0.00104595955874,0.0961195187182,1,0.8,10,13,12,8,20,0.000146463902024,3.74947589182e-10,0.000146463902024,0.00334744862969,0.00693913760381,0.000422301495198,0.000146463902024,3.74947589182e-10,0.000146463902024,0.0316160264032,0.941279350927,0.0158098785829
783,0.0675258271057,0.108937714901,0.0414227889084,0.100372271579,0.114551806768,0.0793204035119,0.171271369958,0.0527329326657,0.213910901789,0.0321672460347,0.000694881783219,0.017091854995,1,0.8,10,13,12,8,20,7.98505489786e-05,2.04417405385e-10,7.98505489786e-05,0.000134948720763,0.000752262710978,0.00011823695482,7.98505489786e-05,2.04417405385e-10,7.98505489786e-05,0.0319518261165,0.950754301523,0.0159690213691
784,0.114876118965,0.132019600106,0.0486110994631,0.0667686444973,0.0644499967455,0.0224109178297,0.0620883233055,0.0478797038368,0.0939680880272,0.200949889551,0.00509076421645,0.140886853456,1,0.8,10,13,12,8,20,3.01830123491e-05,7.72685116138e-11,3.01830123491e-05,0.000790930196715,0.00300292617875,2.87658166843e-05,3.01830123491e-05,7.72685116138e-11,3.01830123491e-05,0.0318306268676,0.948298249608,0.0159277691281
785,0.00832838404608,0.0912755334933,0.0529936361759,0.220884605,0.15697017513,0.00716469959097,0.00664884135739,0.02087516246,0.108492394488,0.126400691164,0.0279318173301,0.172034059764,1,0.8,10,13,12,8,20,3.5945100356e-07,9.20194569113e-13,3.5945100356e-07,3.27903055658e-05,7.79258293392e-06,7.09709810362e-07,3.5945100356e-07,9.20194569113e-13,3.5945100356e-07,0.0319545943279,0.952012520649,0.0159901546188
786,0.008182085155,0.0140504664129,0.0928740666171,0.103902122265,0.0914345067397,0.142667886169,0.0183811258962,0.00488027118517,0.0449148720542,0.384585420217,0.0373830324331,0.0567441448554,1,0.8,10,13,12,8,20,8.27933943335e-07,2.11951089494e-12,8.27933943335e-07,3.95369906638e-05,1.35532722421e-05,2.35405874913e-06,8.27933943335e-07,2.11951089494e-12,8.27933943335e-07,0.0319544050616,0.951996945855,0.0159898930221
787,0.0720030922731,0.0957374834184,0.100866627318,0.00545347263202,0.140467639374,0.0576279068475,0.0758469417008,0.174089997165,0.0713126705378,0.0117136821394,0.0160422537903,0.178838232804,1,0.8,10,13,12,8,20,1.47337256751e-06,3.77183377282e-12,1.47337256751e-06,5.11096422838e-05,4.19910932026e-05,2.08198339579e-06,1.47337256751e-06,3.77183377282e-12,1.47337256751e-06,0.0319530464765,0.951956660917,0.0159892163898
788,0.169544926426,0.0789040698025,0.0207469888931,0.123727770022,0.219616962954,0.061267613567,0.023602859342,0.0840640061043,0.043896245456,0.0545432301121,0.113795887682,0.00628943964,1,0.8,10,13,12,8,20,1.14296925775e-05,2.92600129983e-11,1.14296925775e-05,4.58335406849e-05,0.00013734765928,1.64787358852e-05,1.14296925775e-05,2.92600129983e-11,1.14296925775e-05,0.0319476912839,0.951820008793,0.0159869211589
789,0.0120068376918,0.0767090605107,0.200532305762,0.0945504300408,0.0484227017981,0.126235313101,0.152746258982,0.0436969905723,0.0361495306504,0.0480584296672,0.0608398454636,0.100052295761,1,0.8,10,13,12,8,20,3.68056182026e-07,9.42223825987e-13,3.68056182026e-07,1.51300537993e-05,8.8308392291e-06,1.44973864179e-06,3.68056182026e-07,9.42223825987e-13,3.68056182026e-07,0.0319774386162,0.952005639484,0.0159900390417
790,0.186991786866,0.0501734823536,0.0288291557274,0.0392976612582,0.0191438439022,0.306115766721,0.0243858638631,0.0294223853078,0.260975232712,0.00817188767937,0.0411869626152,0.00530597099372,1,0.8,10,13,12,8,20,6.38357303795e-06,1.63419469771e-11,6.38357303795e-06,0.000105791679195,6.35038373312e-05,5.88718094106e-05,6.38357303795e-06,1.63419469771e-11,6.38357303795e-06,0.0319665999304,0.95179322709,0.0159864713291
791,0.101057151334,0.251533649796,0.150111100138,0.0247592286146,0.0347918593397,0.00450636740155,0.0114091918011,0.180203407041,0.151707280726,0.0263453757866,0.0583615827395,0.00521380528184,1,0.8,10,13,12,8,20,4.37762809025e-06,1.1206727911e-11,4.37762809025e-06,7.32788932874e-05,0.000118585379193,1.28400575935e-05,4.37762809025e-06,1.1206727911e-11,4.37762809025e-06,0.0319699576772,0.951820891473,0.0159869359845
792,0.120791573322,0.0107869941744,0.0814098658264,0.111218445243,0.0965246762817,0.083151384663,0.122743722147,0.10106837598,0.0460485109101,0.082064065115,0.0785873207221,0.0656050656155,1,0.8,10,13,12,8,20,7.62938182239e-06,1.95312174653e-11,7.62938182239e-06,2.92215650639e-05,0.000103544380665,9.75441828532e-06,7.62938182239e-06,1.95312174653e-11,7.62938182239e-06,0.0319728364209,0.951866424878,0.0159877007709
793,0.0112301302588,0.1736908168,0.044043298175,0.112264252427,0.145407219306,0.30310894551,0.136682844043,0.0143740952431,0.0192033573151,0.0117077847291,0.00585650369875,0.0224307524939,1,0.8,10,13,12,8,20,2.96672976532e-05,7.59482819921e-11,2.96672976532e-05,0.000240756967831,0.000344845291716,8.24326647439e-05,2.96672976532e-05,7.59482819921e-11,2.96672976532e-05,0.0319673469427,0.951268294316,0.0159776544743
794,0.0854769708417,0.0206974720527,0.174545173058,0.0151622280609,0.0187719052451,0.0196449600173,0.0280299683474,0.0789812874292,0.0708019498318,0.0710528223809,0.103785600262,0.313049662473,1,0.8,10,13,12,8,20,1.25451090174e-05,3.21154790845e-11,1.25451090174e-05,0.000455665079227,0.000141916103854,4.40405083383e-05,1.25451090174e-05,3.21154790845e-11,1.25451090174e-05,0.0319329217506,0.951395485264,0.0159797907938
795,0.0646517452163,0.0556589676375,0.00110891782794,0.120841820657,0.000479444280741,0.135538631243,0.0168320048867,0.132026709996,0.0944639275834,0.108848190318,0.218093137612,0.0514565027413,1,0.8,10,13,12,8,20,4.51033286273e-06,1.15464521286e-11,4.51033286273e-06,3.75319273788e-05,0.000293485182729,1.1094303893e-05,4.51033286273e-06,1.15464521286e-11,4.51033286273e-06,0.0319445248337,0.951710244852,0.0159850775462
796,0.045348905646,0.143362967607,0.0191423625716,0.113002545818,0.203945239156,0.0553589747535,0.139334559074,0.0327631632931,0.0815537585273,0.0254445398456,0.0837893865398,0.0569535971673,1,0.8,10,13,12,8,20,1.68472025498e-05,4.31288385276e-11,1.68472025498e-05,8.31200063062e-05,0.00016172907273,0.000110839496083,1.68472025498e-05,4.31288385276e-11,1.68472025498e-05,0.0319630458877,0.951630144473,0.0159837321674
797,0.157727896716,0.0558947096436,0.0907802978198,0.118988498467,0.0648180168125,0.0356459165654,0.0394572164407,0.0450651299945,0.0167355636145,0.252180296055,0.0177673082115,0.10493914966,1,0.8,10,13,12,8,20,9.30214200733e-06,2.38134835388e-11,9.30214200733e-06,4.06439395504e-05,0.000112618054685,3.45798245387e-06,9.30214200733e-06,2.38134835388e-11,9.30214200733e-06,0.0319501100235,0.951868230289,0.0159877310949
798,0.0117532671002,0.0234271160544,0.0114056114618,0.0688154194778,0.0492114821868,0.151187589757,0.0733623536054,0.041306111641,0.0167642763879,0.157915193442,0.107009599326,0.28784197956,1,0.8,10,13,12,8,20,2.87149820122e-07,7.35103539512e-13,2.87149820122e-07,1.50091601294e-06,3.52593179e-06,3.04341046492e-06,2.87149820122e-07,7.35103539512e-13,2.87149820122e-07,0.0319961494377,0.952004609954,0.0159900217495
799,0.0195037346699,0.144121609138,0.0821659533408,0.00244316183252,0.0375840689236,0.116330053808,0.0275073440026,0.250165260533,0.0469575882851,0.0710648423228,0.174292232453,0.0278641506904,1,0.8,10,13,12,8,20,3.34254436831e-06,8.55691358288e-12,3.34254436831e-06,3.60225516435e-05,4.1543411907e-05,9.48587857603e-06,3.34254436831e-06,8.55691358288e-12,3.34254436831e-06,0.0319749001975,0.951935811565,0.0159888662008
800,0.0386999993802,0.00458444805801,0.0103882750013,0.0323950806515,0.0677732375284,0.368986344931,0.0635488414965,0.040656063766,0.0733784326373,0.0436999344396,0.225190458548,0.0306988835626,1,0.8,10,13,12,8,20,0.000147358717438,3.77238316641e-10,0.000147358717438,0.0126295683666,0.00344152446704,0.00249216224289,0.000147358717438,3.77238316641e-10,0.000147358717438,0.031365301101,0.933797791091,0.0156842171068
801,0.149756335341,0.10960207094,0.0161989957772,0.0655352278628,0.00112590796801,0.0628437177533,0.156712813407,0.0726100874731,0.103018591662,0.013418533006,0.0937255345729,0.155452184237,1,0.8,10,13,12,8,20,2.65281655242e-08,6.79121037419e-14,2.65281655242e-08,1.49617011901e-05,4.50890994991e-06,3.07170464145e-07,2.65281655242e-08,6.79121037419e-14,2.65281655242e-08,0.0319779752705,0.952011995044,0.0159901457907
802,0.0010550891251,0.0113833277451,0.0154896051095,0.385970417409,0.12618488525,0.142313171911,0.000443214824032,0.118355592205,0.0278899154972,0.0793194293345,0.00960813907234,0.0819872125168,1,0.8,10,13,12,8,20,9.97220572577e-05,2.5528846658e-10,9.97220572577e-05,0.0251659121383,0.0075263073613,0.00248937877809,9.97220572577e-05,2.5528846658e-10,9.97220572577e-05,0.030841203367,0.91815680108,0.015421508536
803,0.100693122599,0.0603964292407,0.0275678282357,0.00935446004008,0.183408050243,0.330604574375,0.022606840411,0.0171654780945,0.0129585749159,0.123839333212,0.0169505626415,0.0944547459912,1,0.8,10,13,12,8,20,1.53557905635e-07,3.93108238426e-13,1.53557905635e-07,3.88823727843e-05,5.84106343455e-07,7.49858297708e-07,1.53557905635e-07,3.93108238426e-13,1.53557905635e-07,0.0319543885312,0.952014591498,0.0159901894011
804,0.082809931835,0.0293000400273,0.104476523291,0.0873851936261,0.00924420095522,0.158564937184,0.181711397791,0.0642456404242,0.0736673247439,0.0370254456018,0.0709673137537,0.100602050767,1,0.8,10,13,12,8,20,1.02317837393e-05,2.61933663725e-11,1.02317837393e-05,6.42690900047e-05,0.000265562682464,1.72012064393e-05,1.02317837393e-05,2.61933663725e-11,1.02317837393e-05,0.031943574382,0.951683831548,0.0159846339041
805,0.0567988711713,0.0510302776835,0.083085706865,0.0419310834683,0.088363272882,0.261454082701,0.0795600166794,0.010250408567,0.044634003673,0.0764727613256,0.124976639165,0.0814428758192,1,0.8,10,13,12,8,20,1.88014823813e-07,4.81317948962e-13,1.88014823813e-07,1.55987752712e-06,4.18646756296e-06,1.60633039226e-07,1.88014823813e-07,4.81317948962e-13,1.88014823813e-07,0.0319969504732,0.952006339686,0.0159900508024
806,0.103923929503,0.0629920246842,0.113888652701,0.0560688746038,0.021917272715,0.162951534923,0.111928017906,0.0660160500668,0.0153885901724,0.108192879934,0.0332862516042,0.143445921187,1,0.8,10,13,12,8,20,4.94098073401e-07,1.26489106791e-12,4.94098073401e-07,3.14069995836e-06,4.71848995463e-06,2.89404438247e-06,4.94098073401e-07,1.26489106791e-12,4.94098073401e-07,0.0319967493978,0.952000567127,0.0159899538456
807,0.131237809075,0.0138396041279,0.317075407577,0.0427036918534,0.0401196100793,0.0637895143304,0.153707536793,0.0242282179579,0.0286520824499,0.0248160705555,0.145100597491,0.0147298577099,1,0.8,10,13,12,8,20,2.14742121087e-05,5.49739829982e-11,2.14742121087e-05,9.9673450686e-05,0.000160863391223,0.000170944743796,2.14742121087e-05,5.49739829982e-11,2.14742121087e-05,0.031960112422,0.951540286141,0.0159822228925
808,0.237172464353,0.0250803139698,0.0445003347689,0.000345375905968,0.109672892781,0.180556405019,0.0386204619817,0.102035931541,0.0571422033586,0.0255667637789,0.0243478523448,0.154959000196,1,0.8,10,13,12,8,20,0.000212880267733,5.44973485397e-10,0.000212880267733,0.00337744775213,0.00585850324499,0.000308527783857,0.000212880267733,5.44973485397e-10,0.000212880267733,0.0316435110704,0.942136217339,0.0158242706482
809,0.0798312050204,0.00598460492104,0.0627728310159,0.172896698378,0.0729694192816,0.143865033342,0.0761086437025,0.129966406726,0.097567300928,0.136961408251,0.0130488612299,0.00802758720387,1,0.8,10,13,12,8,20,7.94160797839e-06,2.03305164247e-11,7.94160797839e-06,4.15475577287e-05,0.000110879355217,3.10387944043e-06,7.94160797839e-06,2.03305164247e-11,7.94160797839e-06,0.0319506553431,0.951874215764,0.0159878316278
810,0.0813892907908,0.0239641644498,0.0445298308439,0.0761312432604,0.0264240627549,0.0206639156668,0.194280608027,0.0108018888464,0.131285366215,0.0368353209225,0.0670578721643,0.286636436059,1,0.8,10,13,12,8,20,1.32113551093e-05,3.38210690799e-11,1.32113551093e-05,3.01577176267e-05,0.000176896864264,2.44321660629e-05,1.32113551093e-05,3.38210690799e-11,1.32113551093e-05,0.0319470460383,0.951782333369,0.0159862883564
811,0.220674580679,0.0968625032368,0.146235571893,0.0907807256374,0.0246792313195,0.00522601836646,0.133604304259,0.0167306217411,0.0404184478122,0.10145979497,0.0772939996408,0.0460342004453,1,0.8,10,13,12,8,20,5.95387101453e-06,1.52419097972e-11,5.95387101453e-06,6.71754488414e-05,0.000451859214057,2.05082799614e-05,5.95387101453e-06,1.52419097972e-11,5.95387101453e-06,0.0319775401678,0.951477925895,0.0159811754798
812,0.139254930665,0.0475141258391,0.0589321143226,0.0416724061907,0.0490879575729,0.0957304289707,0.224277899145,0.00909803613684,0.00182968055713,0.0330550803018,0.0341371146878,0.26541022561,1,0.8,10,13,12,8,20,4.90064280156e-06,1.2545645572e-11,4.90064280156e-06,1.21846835826e-05,9.95779222899e-05,1.08220868926e-05,4.90064280156e-06,1.2545645572e-11,4.90064280156e-06,0.0319922058077,0.951877716477,0.0159878904264
813,0.233971441726,0.044866062154,0.146281435953,0.149101293113,0.0830028469961,0.0388361658269,0.0249700407939,0.105924362956,0.0101402258467,0.063740247967,0.00128214642832,0.0978837302384,1,0.8,10,13,12,8,20,5.95270796149e-06,1.52389323814e-11,5.95270796149e-06,2.85226464515e-05,0.001021963343,2.83744487913e-05,5.95270796149e-06,1.52389323814e-11,5.95270796149e-06,0.0319206779948,0.951003444687,0.0159732060175
814,0.00299476781145,0.0320933921758,0.0860519048892,0.00468061528691,0.0111952325878,0.0496543406941,0.00609816578411,0.0468567051907,0.0122059319395,0.249406399996,0.292202143434,0.20656040021,1,0.8,10,13,12,8,20,6.12565809423e-06,1.56816847212e-11,6.12565809423e-06,0.000180528535673,0.000253147083311,9.08203850516e-05,6.12565809423e-06,1.56816847212e-11,6.12565809423e-06,0.031912324259,0.951556187106,0.0159824899676
815,0.0099714689704,0.0131731508546,0.0323126578816,0.0369646011695,0.428430746862,0.0441647813321,0.216679007725,0.0148273685755,0.0268463543191,0.134354010453,0.026749665444,0.0155261864125,1,0.8,10,13,12,8,20,4.28342835462e-07,1.09655765878e-12,4.28342835462e-07,1.53902204744e-05,3.3568452835e-06,2.58262653642e-06,4.28342835462e-07,1.09655765878e-12,4.28342835462e-07,0.031977495605,0.9520093598,0.0159901015287
816,0.0717896800353,0.0026152410574,0.00991983522422,0.01746165626,0.226156818556,0.165549932921,0.0136128124822,0.0255819397738,0.272993884146,0.0404440086617,0.133422189557,0.0204520013251,1,0.8,10,13,12,8,20,3.78496156988e-05,9.6895016189e-11,3.78496156988e-05,0.000144879378218,0.00103547065775,0.000218569276199,3.78496156988e-05,9.6895016189e-11,3.78496156988e-05,0.0319088416504,0.950574833387,0.0159660069935
817,0.075067827182,0.17651566702,0.126495947499,0.00946384647445,0.176380391414,0.0146922289894,0.139999166548,0.00665322317761,0.138299271851,0.0396407889176,0.046121966505,0.0506696744213,1,0.8,10,13,12,8,20,2.45853533071e-05,6.29385044663e-11,2.45853533071e-05,0.000123466150645,0.0026084221792,5.42415245342e-05,2.45853533071e-05,6.29385044663e-11,2.45853533071e-05,0.0319045887216,0.949266901131,0.0159440387541
818,0.0052526240258,0.234310923325,0.029246022499,0.0947359982465,0.169919661502,0.0266278749279,0.0103896675897,0.0692894535096,0.226158226983,0.0246196781155,0.0624239227139,0.047025946562,1,0.8,10,13,12,8,20,0.0005659888981,1.44893157914e-09,0.0005659888981,0.0124875465355,0.0145244545067,0.00308754270932,0.0005659888981,1.44893157914e-09,0.0005659888981,0.0309436403145,0.921219900598,0.0154729568456
819,0.0596210039431,0.18136183269,0.0773795121654,0.119338770434,0.0405644889489,0.019572937782,0.11673241548,0.0957488883675,0.0106469365809,0.117465718898,0.0625243399553,0.0990431547556,1,0.8,10,13,12,8,20,3.74868978684e-06,9.59664585432e-12,3.74868978684e-06,3.15448924941e-05,0.000156311965271,2.46919688217e-05,3.74868978684e-06,9.59664585432e-12,3.74868978684e-06,0.031970724812,0.951814896294,0.0159868352885
820,0.0336392510538,0.181255800595,0.033935817887,0.102763559407,0.0348976054425,0.0101317065767,0.0531110584362,0.389490962106,0.02519955458,0.0137565698353,0.0964253978638,0.0253927162173,1,0.8,10,13,12,8,20,1.23864896436e-05,3.17094134876e-11,1.23864896436e-05,2.69762843614e-05,0.000254719770755,1.86066764421e-05,1.23864896436e-05,3.17094134876e-11,1.23864896436e-05,0.031966813506,0.951698458165,0.0159848795751
821,0.0559956935098,0.232571749416,0.147668921525,0.0439221569753,0.0533654144477,0.113973960533,0.101794323796,0.0047234725897,0.026121493477,0.000413907757414,0.175738367007,0.0437105389658,1,0.8,10,13,12,8,20,2.24117984392e-06,5.73742040045e-12,2.24117984392e-06,6.59613984527e-05,8.68012123388e-05,5.62571878763e-06,2.24117984392e-06,5.73742040045e-12,2.24117984392e-06,0.0319237252441,0.951920315765,0.0159886059308
822,0.0860636361679,0.0383125321623,0.0409042079651,0.215542253278,0.0675336750543,0.0042704299043,0.387604067662,0.0650583089285,0.00795780117119,0.00670987542384,0.0612428049241,0.0188004073578,1,0.8,10,13,12,8,20,2.33098048954e-05,5.96731005323e-11,2.33098048954e-05,0.000142141007588,0.000721164415337,1.32060822134e-05,2.33098048954e-05,5.96731005323e-11,2.33098048954e-05,0.0319435678546,0.95111165772,0.0159750235809
823,0.00532961722121,0.261560926122,0.0451131473126,0.11631708865,0.101799406855,0.0714354095977,0.12783040012,0.0373341633255,0.0564924000322,0.0237362041064,0.135351265315,0.0176999713437,1,0.8,10,13,12,8,20,6.55817506466e-06,1.67889281655e-11,6.55817506466e-06,2.11382862193e-05,8.84399373884e-05,1.14131512709e-05,6.55817506466e-06,1.67889281655e-11,6.55817506466e-06,0.0319732369493,0.951891418376,0.0159881205657
824,0.119290303959,0.0722628627736,0.0401786095153,0.0281324223171,0.0401934376383,0.072502060551,0.0534607776557,0.148705007503,0.148340978957,0.181244328246,0.0363541319797,0.0593350789055,1,0.8,10,13,12,8,20,4.15098013985e-06,1.0626509158e-11,4.15098013985e-06,5.34274284583e-05,0.000116924417574,3.34559687044e-05,4.15098013985e-06,1.0626509158e-11,4.15098013985e-06,0.0319502450506,0.951842051796,0.0159872913967
825,0.0201426038235,0.0524095225275,0.200694505584,0.00411199191952,0.0133838594833,0.10844574463,0.140771697493,0.0488280459836,0.177370380626,0.0298769496288,0.0900346852475,0.113930013054,1,0.8,10,13,12,8,20,0.000181301249485,4.64131198681e-10,0.000181301249485,0.00626953928768,0.00634470624426,0.000298928634463,0.000181301249485,4.64131198681e-10,0.000181301249485,0.0315421415337,0.93904709315,0.0157723852241
826,0.00389102635414,0.0963008211807,0.107511725199,0.0245296398343,0.143052792026,0.0636356948825,0.146236728502,0.193630201192,0.0492880703773,0.106306474195,0.0611415268031,0.00447529945406,1,0.8,10,13,12,8,20,1.50025236159e-05,3.84064604567e-11,1.50025236159e-05,9.21173594298e-05,0.000655600471415,2.44370486241e-05,1.50025236159e-05,3.84064604567e-11,1.50025236159e-05,0.0319494677469,0.95124116834,0.015977198862
827,0.00408787333181,0.109895253866,0.110004637809,0.357208743332,0.0531576828209,0.0110212109205,0.00803453933445,0.0107441529542,0.0142555368419,0.168523103375,0.0773342097874,0.0757330556271,1,0.8,10,13,12,8,20,0.000157374716226,4.02879273539e-10,0.000157374716226,0.00303486928023,0.00275036958743,0.00136108583849,0.000157374716226,4.02879273539e-10,0.000157374716226,0.0317295538291,0.944628490527,0.0158661312674
828,0.040261199541,0.110710329907,0.188626353642,0.00863210943346,0.041556126478,0.0421477396303,0.00898699248539,0.027494512908,0.283323818918,0.00458202937528,0.0991779407027,0.144500846979,1,0.8,10,13,12,8,20,2.42786807522e-07,6.21534227257e-13,2.42786807522e-07,2.1366340405e-05,3.07449087827e-06,3.91569595864e-06,2.42786807522e-07,6.21534227257e-13,2.42786807522e-07,0.0319773368503,0.952003335137,0.0159900003375
829,0.0527843745556,0.174092609197,0.0242930255927,0.00527179363796,0.208199140745,0.163310004638,0.123700379862,0.0123208773601,0.0702895588265,0.0537022186601,0.109704840366,0.00233117655762,1,0.8,10,13,12,8,20,5.33054758721e-06,1.36462018233e-11,5.33054758721e-06,6.55532898814e-05,3.06940916652e-05,2.57391863985e-05,5.33054758721e-06,1.36462018233e-11,5.33054758721e-06,0.0319728194005,0.951895679675,0.0159881921391
830,0.00614949377437,0.138239277989,0.00892893439955,0.130429666947,0.0589581971965,0.108773585883,0.13465333178,0.0241429940145,0.017454217129,0.0823449375668,0.113577921383,0.176347441937,1,0.8,10,13,12,8,20,3.23198037399e-05,8.27386975742e-11,3.23198037399e-05,0.000995853560402,0.000377578589586,0.000407061497279,3.23198037399e-05,8.27386975742e-11,3.23198037399e-05,0.0319319227203,0.950198616262,0.0159596879905
831,0.117126670239,0.0260468924264,0.358282642797,0.0498433039877,0.0169647467436,0.0933622721267,0.0447874283326,0.0682335958098,0.119773249455,0.0418103673462,0.0549850915483,0.00878373918751,1,0.8,10,13,12,8,20,1.62961236574e-05,4.1718076563e-11,1.62961236574e-05,4.31213804719e-05,0.000167318026191,5.04634631428e-05,1.62961236574e-05,4.1718076563e-11,1.62961236574e-05,0.0319841951382,0.951704732455,0.0159849849591
832,0.0596857722732,0.0411728003423,0.0702502680851,0.0928685845654,0.0287356425968,0.109179614191,0.227067716109,0.187338334961,0.0796086358874,0.0898591475687,0.00319709261733,0.0110363908029,1,0.8,10,13,12,8,20,2.69833938651e-06,6.90774882946e-12,2.69833938651e-06,5.11464609697e-05,3.45636764239e-05,6.47994797548e-06,2.69833938651e-06,6.90774882946e-12,2.69833938651e-06,0.0319533534941,0.951954483236,0.0159891798131
833,0.0874948405198,0.0269103596333,0.0393345754251,0.0895063393432,0.0533578573612,0.121002839061,0.131522680519,0.0197810642079,0.0510388356808,0.0511851603986,0.274156955004,0.054708492846,1,0.8,10,13,12,8,20,2.53129784579e-06,6.48012248522e-12,2.53129784579e-06,1.22396157223e-05,9.95084820642e-05,3.59486692797e-06,2.53129784579e-06,6.48012248522e-12,2.53129784579e-06,0.0319928681967,0.951893507971,0.0159881556628
834,0.0162892115884,0.0613145398551,0.0202903137749,0.0256844521551,0.000500427133767,0.061627765333,0.0152995969335,0.0639647124846,0.264156614201,0.279019722529,0.00570914183549,0.186143502175,1,0.8,10,13,12,8,20,2.40218574581e-05,6.14959550928e-11,2.40218574581e-05,0.000114331538127,0.000298890221605,2.88735678958e-05,2.40218574581e-05,6.14959550928e-11,2.40218574581e-05,0.0319126954,0.95156645922,0.0159826624997
835,0.16427579342,0.0069116051854,0.0654236775637,0.0498056678102,0.0459568439674,0.0638974842731,0.207711061538,0.0109764751908,0.0709799333279,0.170737419132,0.0582825360377,0.0850415025531,1,0.8,10,13,12,8,20,4.13668833948e-06,1.05899221491e-11,4.13668833948e-06,8.5639199772e-05,0.000242063175019,1.92466722588e-05,4.13668833948e-06,1.05899221491e-11,4.13668833948e-06,0.0319839022646,0.951668230055,0.0159843718589
836,0.0745792211407,0.0899449892754,0.0522960643694,0.017204740095,0.0131741888505,0.131725851641,0.0220724235442,0.0138591162561,0.0415792129049,0.116751712305,0.307603485926,0.119208993692,1,0.8,10,13,12,8,20,3.08220837176e-05,7.89045343171e-11,3.08220837176e-05,0.000466382138038,0.000554735918414,0.000118086696676,3.08220837176e-05,7.89045343171e-11,3.08220837176e-05,0.0319380002022,0.950829226727,0.0159702798248
837,0.0258173468198,0.0390578838409,0.0641470214926,0.148609095195,0.0380287222944,0.0361381344822,0.146938437515,0.0178009703929,0.0183886967023,0.133117392245,0.193611119871,0.138345179149,1,0.8,10,13,12,8,20,2.35124879197e-06,6.01919690745e-12,2.35124879197e-06,6.07676195671e-05,0.000141765830259,1.25012082909e-05,2.35124879197e-06,6.01919690745e-12,2.35124879197e-06,0.031949013334,0.951839301793,0.0159872452072
838,0.122917099644,0.0191612255081,0.00157061395801,0.455562467377,0.00818493337553,0.0817597112933,0.0434229202525,0.011491365287,0.0307273913989,0.0585779603631,0.133931173742,0.0326931378003,1,0.8,10,13,12,8,20,2.35240439534e-06,6.02215525207e-12,2.35240439534e-06,5.13330964588e-05,4.89335042972e-05,1.05611450379e-05,2.35240439534e-06,6.02215525207e-12,2.35240439534e-06,0.0319739726337,0.951917235792,0.0159885541991
839,0.0622603967347,0.143794529066,0.0255549611229,0.00517166684408,0.0382664824907,0.0540292759982,0.00417994836517,0.108036173552,0.330574569438,0.0909599395112,0.112068880974,0.0251031759031,1,0.8,10,13,12,8,20,2.37298267654e-05,6.07483565195e-11,2.37298267654e-05,9.42353387098e-05,0.000464484641366,5.25004607765e-05,2.37298267654e-05,6.07483565195e-11,2.37298267654e-05,0.0319718992622,0.951343050773,0.0159789100957
840,0.0700461546063,0.059430449583,0.0543778727895,0.062278073142,0.136134992378,0.0144354974968,0.18337345701,0.0379102558603,0.107070027263,0.00783752508353,0.141606492176,0.125499202611,1,0.8,10,13,12,8,20,9.91807933341e-06,2.53902830935e-11,9.91807933341e-06,4.07423573751e-05,0.000597090315461,2.544123267e-06,9.91807933341e-06,2.53902830935e-11,9.91807933341e-06,0.0319743078019,0.951366341739,0.0159793012945
841,0.0460415744966,0.00329436377817,0.200598031748,0.111704301606,0.0117721426863,0.207822426404,0.0813653308833,0.0012919210369,0.037139878607,0.166837924199,0.00537138702825,0.126760717526,1,0.8,10,13,12,8,20,0.000167214268452,4.28068527237e-10,0.000167214268452,0.00658815909153,0.00230000618168,0.00194319777363,0.000167214268452,4.28068527237e-10,0.000167214268452,0.0315891507178,0.941103699984,0.0158069283215
842,0.0162243520514,0.0508651375287,0.0377324252902,0.192146055376,0.0996214760509,0.41818544013,0.0155609426087,0.0609424881162,0.0122572858064,0.0401009487416,0.0286332986799,0.0277301496201,1,0.8,10,13,12,8,20,2.60531558339e-05,6.66960789348e-11,2.60531558339e-05,6.0349073266e-05,0.000745294012119,2.64890925479e-05,2.60531558339e-05,6.66960789348e-11,2.60531558339e-05,0.0319477678548,0.951140381186,0.0159755060249
843,0.0254529400463,0.0114091153714,0.243205309641,0.0557506777445,0.0445113457089,0.115421918412,0.00561197399746,0.228643925446,0.0891834462912,0.0697533284499,0.0299242735258,0.0811317453661,1,0.8,10,13,12,8,20,2.39583667698e-05,6.13334189308e-11,2.39583667698e-05,1.89228278792e-05,0.000575758068686,3.17756100843e-05,2.39583667698e-05,6.13334189308e-11,2.39583667698e-05,0.0319734249954,0.951325666797,0.0159786181116
844,0.361182961795,0.167100919561,0.169348705256,0.00194044254116,0.0202149551116,0.013331568037,0.00985790159373,0.0128736901742,0.0450756976466,0.0486557335415,0.117200428023,0.0332169967197,1,0.8,10,13,12,8,20,6.0143704356e-06,1.53967883151e-11,6.0143704356e-06,8.28350259915e-05,0.000375312836227,1.25118544126e-05,6.0143704356e-06,1.53967883151e-11,6.0143704356e-06,0.0319602307231,0.951562456774,0.015982595274
845,0.0263797768464,0.088625142359,0.0134950641399,0.0744706363372,0.0119938706991,0.117243687258,0.0942035694046,0.0754890007748,0.192807443747,0.125597031617,0.103566951095,0.0761278257223,1,0.8,10,13,12,8,20,5.20424095871e-06,1.33228568543e-11,5.20424095871e-06,3.17359431942e-05,0.000108220796158,2.64684387288e-06,5.20424095871e-06,1.33228568543e-11,5.20424095871e-06,0.0319733180077,0.951875409737,0.015987851682
846,0.0182828499945,0.0110380065425,0.0592522876201,0.045002172041,0.134290481526,0.115238531053,0.104506091872,0.0349090712319,0.0114594551126,0.290047122544,0.0111229744444,0.164850956019,1,0.8,10,13,12,8,20,3.72760817062e-06,9.54267691677e-12,3.72760817062e-06,2.64459701798e-05,0.000204326669918,3.43759159372e-06,3.72760817062e-06,9.54267691677e-12,3.72760817062e-06,0.0319700165246,0.951794372229,0.0159864905631
847,0.162201877992,0.00374393305922,0.132994845928,0.139460145144,0.0994461510841,0.179666657418,0.062215033374,0.0652139395974,0.0340004591815,0.0193436487579,0.0357565616794,0.0659567467843,1,0.8,10,13,12,8,20,8.59273357661e-06,2.19973979561e-11,8.59273357661e-06,7.53003763062e-05,0.000268623164732,9.48611021751e-05,8.59273357661e-06,2.19973979561e-11,8.59273357661e-06,0.0319387620291,0.95160477627,0.015983306079
848,0.0822353826127,0.00635833663127,0.016845903373,0.168778783522,0.087506816053,0.052146741959,0.0822607628319,0.0105561553143,0.0120768402838,0.433506735161,0.0110187696156,0.0367087726416,1,0.8,10,13,12,8,20,1.91990434931e-07,4.91495513424e-13,1.91990434931e-07,1.77528313966e-06,6.3345001434e-06,1.69464319717e-07,1.91990434931e-07,4.91495513424e-13,1.91990434931e-07,0.031996493491,0.952004440397,0.0159900189016
849,0.000590704812671,0.287511608182,0.206092065118,0.000773590517074,0.0196971923746,0.0130568278966,0.0209649288743,0.147090529801,0.00506819873533,0.021769261137,0.189951830335,0.087433262217,1,0.8,10,13,12,8,20,1.85579837818e-07,4.75084384815e-13,1.85579837818e-07,2.20761409699e-05,6.22991175297e-06,4.81390871587e-07,1.85579837818e-07,4.75084384815e-13,1.85579837818e-07,0.0319744280799,0.952005997108,0.0159900450484
850,0.012131655516,0.0236108084457,0.360751666228,0.0630308061554,0.0365536009003,0.00213119139452,0.160656879706,0.0725512073026,0.00684143131891,0.0803189055163,0.0492312014642,0.132190646052,1,0.8,10,13,12,8,20,5.30208631674e-06,1.35733409709e-11,5.30208631674e-06,4.79787726952e-05,8.6379689784e-05,2.17828678994e-05,5.30208631674e-06,1.35733409709e-11,5.30208631674e-06,0.0319710053137,0.95186398519,0.0159876597935
851,0.0031741107566,0.172532022356,0.0294484895742,0.0349507689042,0.304992352763,0.178080495798,0.0202662011169,0.083920249281,0.0124967385051,0.00475415589312,0.0296849519066,0.125699463145,1,0.8,10,13,12,8,20,4.79458543871e-06,1.22741387231e-11,4.79458543871e-06,7.05096020127e-05,1.32299624984e-05,6.05692815872e-05,4.79458543871e-06,1.22741387231e-11,4.79458543871e-06,0.0319504444779,0.951897839887,0.0159882284224
852,0.128102293232,0.17277755338,0.0223234021151,0.051486130671,0.164642399306,0.0771492242357,0.0261332299772,0.00820215866662,0.0263133882158,0.0798764538734,0.128240148158,0.114753618169,1,0.8,10,13,12,8,20,9.5089691374e-06,2.43429609917e-11,9.5089691374e-06,4.49746519401e-05,9.90063287583e-05,5.28275468278e-05,9.5089691374e-06,2.43429609917e-11,9.5089691374e-06,0.0319888753438,0.951789865339,0.0159864148646
853,0.0752226133814,0.0292549614282,0.0358588258716,0.192560335511,0.0200768514362,0.0848185045943,0.0628542578377,0.258206921189,0.162202766051,0.0526796669886,0.0144481101395,0.0118161855702,1,0.8,10,13,12,8,20,0.000942464423445,2.41270892402e-09,0.000942464423445,0.0238893011207,0.033498217001,0.00553343808921,0.000942464423445,2.41270892402e-09,0.000942464423445,0.0298455576051,0.888539570866,0.0149240527986
854,0.0611731358985,0.00119538105912,0.000164769814414,0.0366182632351,0.00181986274899,0.141963864678,0.138012199478,0.0734221959984,0.383400834007,0.000678504298516,0.138215155664,0.0233358331208,1,0.8,10,13,12,8,20,2.6080519754e-05,6.67661305701e-11,2.6080519754e-05,0.000198501324032,0.000826995985917,0.000138092577809,2.6080519754e-05,6.67661305701e-11,2.6080519754e-05,0.0319526504792,0.950809489112,0.0159699483086
855,0.0213877454024,0.156530510125,0.0507599033232,0.0720663253559,0.00510108856654,0.0761942738737,0.041965105991,0.0964370194138,0.090981808945,0.170230220666,0.110891834631,0.107454163707,1,0.8,10,13,12,8,20,1.22464463327e-06,3.13509026117e-12,1.22464463327e-06,2.04079347583e-06,2.14588584482e-06,1.99812788562e-05,1.22464463327e-06,3.13509026117e-12,1.22464463327e-06,0.0319961581328,0.951985081576,0.0159896937478
856,0.0274608864232,0.0569715250861,0.0213033488439,0.127161824716,0.142967065569,0.10402417631,0.245472995802,0.0706814331976,0.01455784141,0.0392618999934,0.110696413837,0.0394405888109,1,0.8,10,13,12,8,20,1.79940417838e-05,4.60647469666e-11,1.79940417838e-05,2.61521642039e-05,0.001130345206,6.31558151239e-05,1.79940417838e-05,4.60647469666e-11,1.79940417838e-05,0.0319372750573,0.950801284987,0.0159698105109
857,0.0376189161817,0.0706493062658,0.0676336672557,0.0639390925355,0.258557470394,0.212888760391,0.0774846699878,0.0386741918908,0.022459611418,0.0668932682957,0.0793092226818,0.00389182270244,1,0.8,10,13,12,8,20,1.1356478934e-05,2.9072586071e-11,1.1356478934e-05,7.04948966224e-05,0.00021485726779,1.79828406709e-05,1.1356478934e-05,2.9072586071e-11,1.1356478934e-05,0.0319435857193,0.951722372065,0.0159852812368
858,0.0559071355574,0.000777521590116,0.150569526993,0.082671078254,0.0204396564288,0.0319003691513,0.153133464352,0.371839406956,0.0174501875099,0.0706702551924,0.016803871471,0.0278375265445,1,0.8,10,13,12,8,20,1.25439830018e-05,3.21125964846e-11,1.25439830018e-05,0.000103857239835,0.000272791313928,2.75490230496e-05,1.25439830018e-05,3.21125964846e-11,1.25439830018e-05,0.0319803112174,0.951582385214,0.0159829299952
859,0.115532655553,0.000205435460997,0.0978244835693,0.0604547397465,0.00977826444249,0.226834441148,0.00258000340315,0.00519446605734,0.18235150116,0.0771768245987,0.0231473947884,0.198919790072,1,0.8,10,13,12,8,20,0.000103067502593,2.63852806637e-10,0.000103067502593,0.00676757291021,0.00136621775017,0.00174919500103,0.000103067502593,2.63852806637e-10,0.000103067502593,0.0316570385181,0.942221993917,0.0158257113654
860,0.0273276697443,0.180678222029,0.0447601922893,0.0175761091379,0.00115491366488,0.0166102596858,0.0443595717739,0.283670255319,0.0506031331153,0.030427402728,0.257156443779,0.0456758267336,1,0.8,10,13,12,8,20,7.26514584735e-08,1.85987733692e-13,7.26514584735e-08,4.30635310669e-07,4.23974313263e-07,1.65453109757e-07,7.26514584735e-08,1.85987733692e-13,7.26514584735e-08,0.0319971438074,0.952011409567,0.0159901359569
861,0.00879447569187,0.132315690612,0.16712949117,0.0805353592525,0.0014558638764,0.0304600777158,0.0471691521322,0.415443520933,0.0325127293525,0.006128966395,0.0363777499061,0.0416769229626,1,0.8,10,13,12,8,20,5.09408113907e-06,1.3040847716e-11,5.09408113907e-06,6.73745298923e-05,6.97544524779e-05,8.93758409488e-06,5.09408113907e-06,1.3040847716e-11,5.09408113907e-06,0.0319241957072,0.951920748182,0.0159886131938
862,0.0533517172008,0.111369140254,0.22077174625,0.0371039783607,0.0370074094036,0.139359648947,0.0225885087597,0.104435677688,0.0412156072912,0.085019756489,0.0694088717844,0.0783679375708,1,0.8,10,13,12,8,20,2.43485781121e-06,6.2332359967e-12,2.43485781121e-06,3.7386393093e-05,3.49960350113e-05,2.83804283647e-05,2.43485781121e-06,6.2332359967e-12,2.43485781121e-06,0.0319742347357,0.951926552284,0.0159887106804
863,0.066731623435,0.0889757377302,0.0180045997777,0.0836196353687,0.157291292137,0.14567220537,0.113021646772,0.134102666594,0.0889555167751,0.00395949783375,0.0956060028819,0.00405957532507,1,0.8,10,13,12,8,20,1.21065144242e-06,3.0992676926e-12,1.21065144242e-06,3.03926364763e-05,9.6850432017e-06,1.8455635745e-06,1.21065144242e-06,3.0992676926e-12,1.21065144242e-06,0.0319768127351,0.951986700471,0.015989720939
864,0.00824242061962,0.176796450808,0.0136775841286,0.0555188779952,0.00482211577605,0.0300291790274,0.0121279996402,0.126456391092,0.132728208756,0.0509653409949,0.0899558433633,0.298679587799,1,0.8,10,13,12,8,20,2.5960819711e-06,6.64596984603e-12,2.5960819711e-06,4.68998175808e-05,0.000255100670011,2.03578635198e-06,2.5960819711e-06,6.64596984603e-12,2.5960819711e-06,0.0319201440668,0.951779199597,0.0159862357211
865,0.011449314044,0.077992143286,0.0725079560039,0.0480898996716,0.01463416542,0.238533402138,0.0707142296886,0.125239998625,0.0910734561042,0.155979891061,0.0259009419222,0.0678846020355,1,0.8,10,13,12,8,20,2.7026228592e-06,6.91871451955e-12,2.7026228592e-06,2.90070781879e-05,8.65724355445e-05,3.43079137198e-06,2.7026228592e-06,6.91871451955e-12,2.7026228592e-06,0.0319747354513,0.951907060446,0.0159883832924
866,0.127763640855,0.0860098569402,0.0321647919385,0.0684576344131,0.0408823059718,0.0633439563115,0.0131056292883,0.0597873628595,0.0193514476495,0.186662982391,0.063229079873,0.239241311509,1,0.8,10,13,12,8,20,9.652561845e-07,2.47105583232e-12,9.652561845e-07,3.20634299163e-06,3.277215648e-05,7.77223648374e-06,9.652561845e-07,2.47105583232e-12,9.652561845e-07,0.0319952647109,0.951967721361,0.0159894021628
867,0.0195188314448,0.0250378928075,0.196638208262,0.0155535132032,0.111731898835,0.0804060407267,0.0157878776709,0.0992915040876,0.100385134297,0.0135652647447,0.0734444741559,0.248639359766,1,0.8,10,13,12,8,20,2.17264172316e-05,5.56196281129e-11,2.17264172316e-05,2.60121477594e-05,0.000431467680579,6.66197725325e-05,2.17264172316e-05,5.56196281129e-11,2.17264172316e-05,0.0319769665358,0.951431630193,0.0159803978898
868,0.0465413305929,0.0517986253844,0.101303689519,0.138589816075,0.301749213754,0.00253338741898,0.0280174536482,0.0895833860533,0.0134585351664,0.0809685878229,0.0746758303225,0.0707801442435,1,0.8,10,13,12,8,20,5.14582717826e-07,1.31733175764e-12,5.14582717826e-07,8.60923418487e-07,1.66181213034e-05,7.00889314224e-07,5.14582717826e-07,1.31733175764e-12,5.14582717826e-07,0.0319964097271,0.951993516582,0.0159898354235
869,0.218856674448,0.0159487627816,0.120465678404,0.00800907701296,0.120998410064,0.0176846119288,0.00295171159477,0.111542313732,0.169535020568,0.0298342994544,0.0934261613119,0.0907472786992,1,0.8,10,13,12,8,20,3.53126470253e-05,9.04003763848e-11,3.53126470253e-05,4.37020499818e-05,0.000355003488122,1.63562598409e-05,3.53126470253e-05,9.04003763848e-11,3.53126470253e-05,0.0319380257899,0.951523717048,0.0159819445953
870,0.178168599262,0.0249874305634,0.0106862643009,0.259495998855,0.0154574544959,0.0203233152269,0.0980711285046,0.0707371866377,0.0353487753681,0.135038948965,0.0665499856703,0.08513491215,1,0.8,10,13,12,8,20,0.000123309769306,3.15673009422e-10,0.000123309769306,0.00103748480218,0.00246562579772,0.000429134625497,0.000123309769306,3.15673009422e-10,0.000123309769306,0.0317888754492,0.947865144983,0.0159204946336
871,0.00902419870197,0.00430894146926,0.00103615033115,0.161053843812,0.0340376404467,0.309149089224,0.0113420462403,0.231488188633,0.100401716618,0.0465413725069,0.0675493386028,0.0240674734142,1,0.8,10,13,12,8,20,9.31657235563e-05,2.38504252304e-10,9.31657235563e-05,0.0157736018902,0.00267977693807,0.001249270893,9.31657235563e-05,2.38504252304e-10,9.31657235563e-05,0.0313265423972,0.932928527691,0.0156696168197
872,0.078420236908,0.160002162222,0.048901689084,0.0811256362789,0.0594805752009,0.0941757843284,0.0861052543009,0.0724423327852,0.0126744177746,0.191764362937,0.0733774130535,0.0415301351271,1,0.8,10,13,12,8,20,1.04488167667e-05,2.67489709228e-11,1.04488167667e-05,6.73623474352e-05,0.000159865764451,9.94959406086e-05,1.04488167667e-05,2.67489709228e-11,1.04488167667e-05,0.0319843314723,0.951662867368,0.0159842817864
873,0.000597402130071,0.025196955159,0.276907037769,0.0270916521778,0.117179941558,0.143566552552,0.189987335088,0.00670985453977,0.0480183699355,0.040178154464,0.11286979094,0.0116969536876,1,0.8,10,13,12,8,20,2.34019784355e-05,5.99090647949e-11,2.34019784355e-05,0.000147775654124,0.00038717339573,0.000206142358722,2.34019784355e-05,5.99090647949e-11,2.34019784355e-05,0.0319272727719,0.951260504156,0.0159775236295
874,0.0666516451148,0.0051891537978,0.135425407612,0.0990220299698,0.193395081855,0.0552482013316,0.034719032147,0.0092047199575,0.0718887353234,0.1243608192,0.191983306071,0.012911867621,1,0.8,10,13,12,8,20,5.92062647693e-06,1.51568037809e-11,5.92062647693e-06,1.92678428363e-05,4.05589356629e-05,4.19412088433e-05,5.92062647693e-06,1.51568037809e-11,5.92062647693e-06,0.031974427607,0.9519116613,0.0159884605691
875,0.0790962753416,0.106328563534,0.110791753879,0.141841659122,0.0406792722172,0.148573090338,0.189942011822,0.00193643013242,0.0453367184243,0.0476604421661,0.0821944141428,0.00561936888034,1,0.8,10,13,12,8,20,2.98876860888e-07,7.65124763874e-13,2.98876860888e-07,1.1564456875e-06,2.01454906505e-06,2.56877498135e-06,2.98876860888e-07,7.65124763874e-13,2.98876860888e-07,0.0319965897324,0.952006422791,0.0159900521982
876,0.0319526894223,0.0087596451683,0.0621131437374,0.0990905511595,0.054230559328,0.204632580649,0.190411897088,0.0977208158964,0.0974196406574,0.0537097687696,0.0259917087529,0.0739669993718,1,0.8,10,13,12,8,20,3.60785544366e-06,9.23610993578e-12,3.60785544366e-06,3.19808001776e-05,6.67572198525e-05,7.61200667596e-06,3.60785544366e-06,9.23610993578e-12,3.60785544366e-06,0.0319743489502,0.951916330588,0.0159885389952
877,0.29266646502,0.0281391686612,0.0464270804666,0.0209673822043,0.072498354941,0.0426993299037,0.278174004671,0.0275319201268,0.0230375577561,0.0438340529335,0.00187671716429,0.122147966152,1,0.8,10,13,12,8,20,0.000575913320843,1.47433810136e-09,0.000575913320843,0.00958983273848,0.00563197027739,0.00495020947189,0.000575913320843,1.47433810136e-09,0.000575913320843,0.0312601397346,0.930633128616,0.0156310629295
878,0.0697119422015,0.110124420152,0.227174304378,0.0285269677643,0.162903677709,0.00722291769344,0.112631694777,0.0474269816765,0.0657002509671,0.11287156472,0.0556181590538,8.71189068773e-05,1,0.8,10,13,12,8,20,3.49283865218e-06,8.94166694959e-12,3.49283865218e-06,1.95811062111e-05,7.51555652587e-05,1.14232040136e-05,3.49283865218e-06,8.94166694959e-12,3.49283865218e-06,0.0319930180743,0.951898609332,0.0159882413461
879,0.243740093136,0.0909165021832,0.00164548690736,0.203446042807,0.0267010939484,0.0519121448093,0.0574072009394,0.0839926239324,0.0782107608134,0.113650210108,0.0420166882803,0.00636115213494,1,0.8,10,13,12,8,20,0.000456792033214,1.16938760503e-09,0.000456792033214,0.0306897026537,0.0143407435084,0.00331675026983,0.000456792033214,1.16938760503e-09,0.000456792033214,0.0303917514435,0.904246020808,0.0151878608449
880,0.0146997477955,0.0869798801874,0.00620106077614,0.0691636840056,0.0755182139552,0.252441316533,0.300916087543,0.0524359239621,0.0587831607702,0.00546142445069,0.00228262426458,0.0751168757567,1,0.8,10,13,12,8,20,2.53356505764e-05,6.48592654757e-11,2.53356505764e-05,0.000192692813894,0.000240646355879,4.90641188936e-05,2.53356505764e-05,6.48592654757e-11,2.53356505764e-05,0.0319566881208,0.951478382706,0.0159811831525
881,0.180572995262,0.081078193696,0.095767097301,0.0511272130356,0.0116346463406,0.0484159942542,0.0248111378871,0.0519136698792,0.0866852001265,0.110204961552,0.0819607074535,0.175828183213,1,0.8,10,13,12,8,20,4.40492533832e-05,1.12766088661e-10,4.40492533832e-05,0.000391284121063,0.00124366195789,0.000152891416574,4.40492533832e-05,1.12766088661e-10,4.40492533832e-05,0.0319156898267,0.950161215635,0.0159590598036
882,0.027046107589,0.486206845879,0.0737879323119,0.0726510142757,0.0219014067596,0.0275453741468,0.0576506672356,0.00887122759395,0.0354021673003,0.0793528048838,0.0628038668097,0.0467805852146,1,0.8,10,13,12,8,20,0.000128707881942,3.29492177772e-10,0.000128707881942,0.000801820404308,0.00334180459216,0.000371649704971,0.000128707881942,3.29492177772e-10,0.000128707881942,0.0317988521032,0.947260698751,0.0159103422579
883,0.0826366927555,0.0065960608159,0.00432618580174,0.104532781192,0.0165045628323,0.336386886201,0.0169258194196,0.223994314153,0.0109264501697,0.15050109023,0.00426634837619,0.0424028080524,1,0.8,10,13,12,8,20,9.39041009576e-06,2.40394498452e-11,9.39041009576e-06,0.000218355730344,0.000290373511914,4.95333849493e-05,9.39041009576e-06,2.40394498452e-11,9.39041009576e-06,0.0319569884588,0.951466208552,0.0159809786734
884,0.146079773356,0.0322527982172,0.205475524961,0.0404159242904,0.0591625200279,0.14515556323,0.0794569422052,0.0711973146768,0.0548560128538,0.0223462032585,0.120935245496,0.0226661774277,1,0.8,10,13,12,8,20,9.64597583442e-05,2.46936981361e-10,9.64597583442e-05,0.00191418246295,0.00187919659402,0.000313514284533,9.64597583442e-05,2.46936981361e-10,9.64597583442e-05,0.0318527626755,0.947736176006,0.01591832845
885,0.137384316324,0.0109199822384,0.111976486253,0.0604679455632,0.103866856314,0.0790179296044,0.0631196453636,0.0932900489698,0.0536980133382,0.04929144922,0.0999387524668,0.137028574344,1,0.8,10,13,12,8,20,7.29212192755e-07,1.86678321345e-12,7.29212192755e-07,3.93015699068e-05,3.79743554108e-05,1.62428778923e-06,7.29212192755e-07,1.86678321345e-12,7.29212192755e-07,0.0319931998127,0.951936111877,0.0159888712449
886,0.323660580213,0.219224911464,0.196702402535,0.018791900531,0.0450401019334,0.00372274807333,0.00579538700849,0.0175543616997,0.00438262826034,0.0602409703452,0.0304046361528,0.0744793717846,1,0.8,10,13,12,8,20,1.37415769035e-05,3.5178436873e-11,1.37415769035e-05,0.000268873779448,0.000457454428143,6.76766430406e-05,1.37415769035e-05,3.5178436873e-11,1.37415769035e-05,0.0319252302194,0.951248476934,0.0159773216183
887,0.118763565286,0.00998202418493,0.0314254520719,0.000689391022745,0.0922635497109,0.0369227321417,0.159951545279,0.0707482873464,0.207911496669,0.15105919962,0.0934163279307,0.0268664287363,1,0.8,10,13,12,8,20,0.000123250733257,3.15521877137e-10,0.000123250733257,0.00101251811519,0.00197424301238,0.000759359828433,0.000123250733257,3.15521877137e-10,0.000123250733257,0.0317941764474,0.948043213531,0.0159234855014
888,0.0630246791242,0.271961644053,0.012586133493,0.0358853570232,0.0581240687466,0.0702588342288,0.0363629668237,0.103656155546,0.170134752644,0.142973172481,0.0308217901567,0.00421044567971,1,0.8,10,13,12,8,20,0.000192583680482,4.93014222034e-10,0.000192583680482,0.00599418591063,0.0060685746631,0.000505817490027,0.000192583680482,4.93014222034e-10,0.000192583680482,0.0315662801645,0.939317872782,0.0157769332821
889,0.210695217622,0.0928816294026,0.00948332424002,0.0240354683059,0.0327141450984,0.0279362210861,0.0122744185892,0.10446899352,0.0370454009599,0.282633607977,0.126482267487,0.0393493057118,1,0.8,10,13,12,8,20,7.03838432194e-08,1.80182638642e-13,7.03838432194e-08,1.1745183887e-05,8.21856078172e-07,9.98177098867e-08,7.03838432194e-08,1.80182638642e-13,7.03838432194e-08,0.0319783512082,0.952018446252,0.0159902541462
890,0.05057244247,0.00618329827875,0.163686437093,0.0282874201331,0.277636927886,0.0637027211583,0.0547970999791,0.0784057655315,0.0394448902179,0.0411404175502,0.117824442996,0.0783181367067,1,0.8,10,13,12,8,20,0.000113151297944,2.89667322737e-10,0.000113151297944,0.00080586882607,0.00318561796338,0.00035203143544,0.000113151297944,2.89667322737e-10,0.000113151297944,0.0317431502046,0.947545598323,0.0159151274767
891,0.0158541628268,0.0294315547105,0.100679962257,0.162903676364,0.0660857845313,0.0377016850616,0.107623247078,0.0461921679892,0.276148721509,0.0496781039207,0.0258260673248,0.0818748664276,1,0.8,10,13,12,8,20,7.6223255075e-06,1.95131532992e-11,7.6223255075e-06,9.06522199796e-05,2.98063113501e-05,9.91449272569e-05,7.6223255075e-06,1.95131532992e-11,7.6223255075e-06,0.0319226259213,0.951840023943,0.0159872573365
892,0.0244924663798,0.180376535777,0.161878568857,0.170078972479,0.00824967739132,0.113732737931,0.0258448049892,0.107966551548,0.126756233682,0.00596099768568,0.0626739864262,0.011988466854,1,0.8,10,13,12,8,20,0.00122401956111,3.13349007643e-09,0.00122401956111,0.00671562789028,0.0195734192597,0.00523193018985,0.00122401956111,3.13349007643e-09,0.00122401956111,0.03083194655,0.917343149288,0.0154078423104
893,0.0202985365628,0.0700485551794,0.109148538276,0.192754311671,0.0105014985458,0.104411201757,0.0387686259899,0.135760973914,0.205192022602,0.0651225859546,0.0409639418656,0.0070292076817,1,0.8,10,13,12,8,20,3.51669160104e-05,9.00273049866e-11,3.51669160104e-05,0.00108068474259,0.0011112136965,0.000405680556094,3.51669160104e-05,9.00273049866e-11,3.51669160104e-05,0.0318855263683,0.949429457712,0.0159467690804
894,0.0182375012049,0.147933791374,0.226067976714,0.00840233867726,0.0584534329697,0.0631007261329,0.179993233656,0.0540422005215,0.127736489905,0.0523873428205,0.027245817531,0.0363991484945,1,0.8,10,13,12,8,20,1.21663346829e-05,3.11458167881e-11,1.21663346829e-05,0.000495827669203,0.000222621272319,9.42341355557e-05,1.21663346829e-05,3.11458167881e-11,1.21663346829e-05,0.0319631637346,0.951198997238,0.0159764905494
895,0.0120377054909,0.0110165856375,0.0183562755891,0.208410101161,0.0792356041611,0.040265625075,0.192665990385,0.1426802472,0.0169242880408,0.0521750152965,0.0335294040165,0.192703157946,1,0.8,10,13,12,8,20,1.44351126142e-06,3.69538882924e-12,1.44351126142e-06,1.86791626319e-05,1.32164806905e-05,1.28574617096e-05,1.44351126142e-06,3.69538882924e-12,1.44351126142e-06,0.0319772711026,0.951982550504,0.0159896512355
896,0.0819249506737,0.16560376263,0.0209252222785,0.00958381854046,0.00791997178106,0.0638292435228,0.0196739038519,0.00246731946339,0.145525661424,0.238484284049,0.0757685873502,0.168293274435,1,0.8,10,13,12,8,20,4.41211451555e-08,1.12950131598e-13,4.41211451555e-08,1.27130720079e-06,1.2341600292e-06,8.61192910571e-09,4.41211451555e-08,1.12950131598e-13,4.41211451555e-08,0.031996756243,0.952010433628,0.0159901195649
897,0.21012041464,0.188659559905,0.0199317385043,0.0966464641883,0.05503703479,0.0422268604655,0.0161999324846,0.0289978013773,0.167413825903,0.0722144855744,0.0396112187421,0.0629406634254,1,0.8,10,13,12,8,20,3.88876073972e-05,9.95522749368e-11,3.88876073972e-05,2.49093063681e-05,0.000359011013446,3.29888432598e-05,3.88876073972e-05,9.95522749368e-11,3.88876073972e-05,0.0319595838117,0.951486634643,0.0159813217533
898,0.0652578893812,0.0150280039196,0.045160992551,0.0886794822975,0.0054463559001,0.0352871132163,0.186040003383,0.255171360413,0.0348069312394,0.105484176554,0.107107783409,0.0565299077367,1,0.8,10,13,12,8,20,7.80632802048e-05,1.99841997324e-10,7.80632802048e-05,6.32522560762e-05,0.00063794007885,0.000303007311394,7.80632802048e-05,1.99841997324e-10,7.80632802048e-05,0.0319550674024,0.950759372882,0.0159691065484
899,0.072879776947,0.00367204249796,0.011463974388,0.109743616163,0.0221274265156,0.0104339633143,0.042006795878,0.0937976004578,0.246886824269,0.154550117488,0.0332027764574,0.199235085624,1,0.8,10,13,12,8,20,1.98899641885e-06,5.09183083226e-12,1.98899641885e-06,3.46594253737e-05,0.000184387576094,1.20067064093e-05,1.98899641885e-06,5.09183083226e-12,1.98899641885e-06,0.0319710385789,0.951803311017,0.0159866407004
900,0.05081715033,0.00186830139071,0.139005677348,0.0855731685259,0.000817142815598,0.187760698666,0.0369451483053,0.177249272603,0.161360896793,0.0984580165357,0.0475549897534,0.0125895369336,1,0.8,10,13,12,8,20,2.33729128171e-05,5.98346568117e-11,2.33729128171e-05,2.71935875433e-05,0.00059332082792,2.87465800265e-05,2.33729128171e-05,5.98346568117e-11,2.33729128171e-05,0.031954459283,0.951324194567,0.0159785933838
901,0.0742425818387,0.0906184030997,0.154992419558,0.0197199082787,0.0328635137911,0.0193133203984,0.129254678934,0.00698898476723,0.194459124517,0.0887654026163,0.156097421881,0.0326842403208,1,0.8,10,13,12,8,20,1.4427718099e-05,3.69349583334e-11,1.4427718099e-05,3.27074120795e-05,0.000558250253415,3.21887912264e-05,1.4427718099e-05,3.69349583334e-11,1.4427718099e-05,0.0319739162984,0.951365931888,0.0159792944105
902,0.0611645598414,0.0147667370003,0.0509636836499,0.123294521263,0.129799713174,0.0771986379054,0.18749769088,0.298159373162,0.0177225769881,0.0194247966156,7.17807451664e-05,0.0199359287748,1,0.8,10,13,12,8,20,1.64989628767e-05,4.22373449644e-11,1.64989628767e-05,0.000145857766372,0.000498309207824,3.80126221308e-05,1.64989628767e-05,4.22373449644e-11,1.64989628767e-05,0.031906046922,0.951366474029,0.0159793035164
903,0.0622755856228,0.0374721813338,0.320823778168,0.300637305621,0.0118064634841,0.00520791097541,0.00231159289908,0.0411023621793,0.0320753256005,0.165385528081,0.00541337885814,0.0154885871771,1,0.8,10,13,12,8,20,0.000415409438906,1.0634481636e-09,0.000415409438906,0.00764032459423,0.00731515773324,0.00162008476415,0.000415409438906,1.0634481636e-09,0.000415409438906,0.0314136508244,0.93465060116,0.0156985410412
904,0.0067894112698,0.071336196644,0.054998410165,0.0960116061651,0.0191123259688,0.29720537315,0.0553204913127,0.0116820688314,0.0617335168776,0.155032880013,0.00200125428438,0.168776465318,1,0.8,10,13,12,8,20,7.82088927988e-07,2.00214765565e-12,7.82088927988e-07,1.14907288053e-05,6.62609058377e-05,1.1488734276e-06,7.82088927988e-07,2.00214765565e-12,7.82088927988e-07,0.0319942761476,0.951934845018,0.0159888499665
905,0.0397844228086,0.107572781827,0.00127484953983,0.346650379405,0.0815632098346,0.0713075802191,0.00763373320906,0.0491462352547,0.0455148758354,0.0343400362948,0.0176062339061,0.197605661866,1,0.8,10,13,12,8,20,2.63790042356e-06,6.7530250843e-12,2.63790042356e-06,1.68950740574e-05,8.97891514774e-05,2.39800270123e-06,2.63790042356e-06,6.7530250843e-12,2.63790042356e-06,0.0319734898893,0.951918304124,0.015988572143
906,0.1675480593,0.0960908629592,0.15741712894,0.0296474145053,0.0813068707697,0.00865410709311,0.0191637289022,0.0458754767238,0.296090113483,0.00541909963542,0.0452834962258,0.0475036414622,1,0.8,10,13,12,8,20,0.00152782567961,3.91123373981e-09,0.00152782567961,0.0376722432172,0.0173933191526,0.0108933512956,0.00152782567961,3.91123373981e-09,0.00152782567961,0.0296535203992,0.883437891223,0.0148383641711
907,0.346240169421,0.156172817981,0.0877267226497,0.00480645009835,0.00133562569773,0.0637676196961,0.0900687623303,0.0180770736378,0.0527771880992,0.00147556414952,0.0504332619937,0.127118744246,1,0.8,10,13,12,8,20,0.000154003520688,3.94249012962e-10,0.000154003520688,0.00381047268682,0.00215095728215,0.00230132709767,0.000154003520688,3.94249012962e-10,0.000154003520688,0.0316867266528,0.943585881962,0.0158486194472
908,0.13959969325,0.0155170201229,0.229793756525,0.0231306004243,0.0362577396589,0.021615940768,0.166994516911,0.0837620887359,0.104293909355,0.0971056028584,0.0182434029885,0.0636857284025,1,0.8,10,13,12,8,20,0.000347511296525,8.89628919104e-10,0.000347511296525,0.00719893828856,0.00489512977349,0.00302879174142,0.000347511296525,8.89628919104e-10,0.000347511296525,0.0314679051503,0.936293060038,0.0157261280433
909,0.160394122609,0.0687495662172,0.0396738911755,0.00981013349998,0.00177963697999,0.318269675096,0.026313935789,0.0363062479777,0.180143798593,0.107474473002,0.0195127541869,0.0315717648734,1,0.8,10,13,12,8,20,1.87270570841e-06,4.79412661354e-12,1.87270570841e-06,3.8474136036e-05,4.27002520916e-05,8.35251334173e-06,1.87270570841e-06,4.79412661354e-12,1.87270570841e-06,0.0319757846737,0.951938289767,0.0159889078251
910,0.0383068406976,0.0414022352006,0.00435114958495,0.0176618947818,0.0253786117442,0.0631061866576,0.0232929809397,0.122528471798,0.036033674684,0.00852870989041,0.522294957407,0.0971142866149,1,0.8,10,13,12,8,20,1.29417075447e-07,3.31307713145e-13,1.29417075447e-07,1.49993398795e-05,3.88020913849e-06,3.87995480706e-07,1.29417075447e-07,3.31307713145e-13,1.29417075447e-07,0.0319781688985,0.952011901666,0.0159901442223
911,0.0328626918206,0.0611608938426,0.230621250993,0.0344571782266,0.0927972650396,0.0360310820705,0.0840240194888,0.0370795400406,0.0368655884831,0.0974869002575,0.102063257741,0.154550331996,1,0.8,10,13,12,8,20,8.32292200382e-05,2.13066803298e-10,8.32292200382e-05,0.00661465225989,0.00286645641868,0.0010234395952,8.32292200382e-05,2.13066803298e-10,8.32292200382e-05,0.0316316479886,0.941713712246,0.0158171741851
912,0.00229289253721,0.0304207044823,0.142854264342,0.16731592668,0.0429468843715,0.00661538549416,0.0607854594357,0.135503605964,0.149239338432,0.184528400088,0.00302965253012,0.0744674856432,1,0.8,10,13,12,8,20,1.69307727129e-06,4.3342778145e-12,1.69307727129e-06,2.54995397959e-05,0.000137020075213,2.62873990833e-06,1.69307727129e-06,4.3342778145e-12,1.69307727129e-06,0.0319730916375,0.951867272679,0.0159877150107
913,0.0179901863496,0.0951006527699,0.159657866828,0.0542850679235,0.0653060328095,0.122508914964,0.0589024685353,0.0231576659545,0.0236012613983,0.237097605688,0.0519584738002,0.0904338029791,1,0.8,10,13,12,8,20,2.88816029188e-06,7.39369034722e-12,2.88816029188e-06,1.00129069317e-05,4.45419121432e-05,3.92473514832e-06,2.88816029188e-06,7.39369034722e-12,2.88816029188e-06,0.0319944230991,0.951946498982,0.0159890457083
914,0.00368563455571,0.0921466198397,0.0233661706001,0.257369444413,0.122646814923,0.0350305019294,0.0678264289066,0.233536357704,0.0620769479607,0.0137716033721,0.0653977460285,0.0231457297681,1,0.8,10,13,12,8,20,0.000492728158307,1.26138408527e-09,0.000492728158307,0.00748424622299,0.0159146481893,0.00720983416602,0.000492728158307,1.26138408527e-09,0.000492728158307,0.0309370265235,0.921013834024,0.0154694957185
915,0.0502981190299,0.15260022391,0.164348957582,0.0571814826061,0.0834752424716,0.0716826473085,0.0920676020138,0.0694432904488,0.0163093874698,0.00886522278932,0.0438685501545,0.189859274216,1,0.8,10,13,12,8,20,7.32176991319e-06,1.87437309778e-11,7.32176991319e-06,2.33481827094e-05,0.000123866392582,3.78812254478e-05,7.32176991319e-06,1.87437309778e-11,7.32176991319e-06,0.0319892488538,0.951809621535,0.0159867466928
916,0.0342534931752,0.204263199142,0.232267623164,0.00397026348587,0.058461719651,0.178207419403,0.0126157912657,0.0556371197587,0.00602902391865,0.0388037283974,0.0250847902979,0.150405828341,1,0.8,10,13,12,8,20,4.19872439592e-05,1.07487344536e-10,4.19872439592e-05,0.00412098699674,0.00111383263896,0.00029853652147,4.19872439592e-05,1.07487344536e-10,4.19872439592e-05,0.0318100500579,0.946589574644,0.0158990699501
917,0.0462337328501,0.0583411316151,0.137516811132,0.0296193845077,0.00182090477428,0.329869847679,0.079801682815,0.116427462317,0.0182874285776,0.129722912032,0.050115322258,0.00224337944213,1,0.8,10,13,12,8,20,1.60503571741e-05,4.10889143658e-11,1.60503571741e-05,0.000157377226593,0.000729372879037,0.000233412085727,1.60503571741e-05,4.10889143658e-11,1.60503571741e-05,0.0319378286235,0.950906234416,0.0159715732582
918,0.107178936142,0.0611314922275,0.274999005333,0.00134097815272,0.022689059746,0.0584786006858,0.0313726121499,0.0306695236337,0.11785275868,0.025691840847,0.249585113226,0.0190100791772,1,0.8,10,13,12,8,20,0.000220046178958,5.63318218133e-10,0.000220046178958,0.00712413483764,0.00311985799431,0.00220258225159,0.000220046178958,5.63318218133e-10,0.000220046178958,0.031551601481,0.939344261089,0.0157773765043
919,0.0416401506485,0.0244080507549,0.122238907169,0.167538728027,0.140611457921,0.129686052383,0.0479338921102,0.237274490729,0.0172855716569,0.0282691213031,0.00151260582775,0.0416009714695,1,0.8,10,13,12,8,20,1.60562535797e-05,4.11040091641e-11,1.60562535797e-05,0.00016776074838,0.000130229519953,7.42130498103e-05,1.60562535797e-05,4.11040091641e-11,1.60562535797e-05,0.0319803686148,0.951599977493,0.015983225478
920,0.0216881432221,0.0452078407032,0.0657753802725,0.0306638350929,0.348635963183,0.0127067663605,0.163465259426,0.0471284094225,0.0591211287909,0.103155497076,0.0930490707068,0.00940270574434,1,0.8,10,13,12,8,20,4.03984205397e-05,1.03419956582e-10,4.03984205397e-05,3.80173283838e-05,0.00114683955326,2.00558877459e-05,4.03984205397e-05,1.03419956582e-10,4.03984205397e-05,0.0319345128667,0.950730361211,0.0159686192638
921,0.109181721304,0.0417995816597,0.120613978955,0.0162266562021,0.0777658064834,0.0637281543912,0.0890156956898,0.0344234440765,0.00160515607169,0.101302438529,0.109513350141,0.234824016496,1,0.8,10,13,12,8,20,2.88480297422e-06,7.38509561399e-12,2.88480297422e-06,6.05144679047e-05,0.0001522332429,3.45457204152e-06,2.88480297422e-06,7.38509561399e-12,2.88480297422e-06,0.0319217058335,0.951862910907,0.0159876417497
922,0.00806219600288,0.16193422281,0.0251417871728,0.113841485031,0.00844093693455,0.0121049757672,0.159765728909,0.00508956562437,0.127683259113,0.263451985131,0.0213926334875,0.0930912240162,1,0.8,10,13,12,8,20,1.25305632222e-07,3.20782418489e-13,1.25305632222e-07,2.52313597883e-05,2.37604209132e-06,9.94125488442e-07,1.25305632222e-07,3.20782418489e-13,1.25305632222e-07,0.031955174535,0.952025352569,0.0159903701458
923,0.175698991685,0.00259830440747,0.101515410513,0.0989064606842,0.0214002459632,0.355806487478,0.0410696669633,0.0119820796003,0.135379299086,0.0180153638594,0.0177665436549,0.0198611461054,1,0.8,10,13,12,8,20,1.08128645171e-05,2.76809331637e-11,1.08128645171e-05,1.4383867229e-05,0.000462450090415,7.73185491857e-06,1.08128645171e-05,2.76809331637e-11,1.08128645171e-05,0.031961770752,0.951528388858,0.0159820230638
924,0.105247117537,0.0614944372158,0.0632539566202,0.132755464964,0.186559694143,0.0684994101134,0.112058537785,0.0675699892884,0.0495260546186,0.0358972072552,0.0334179177419,0.0837202127171,1,0.8,10,13,12,8,20,8.72888804847e-06,2.23459534041e-11,8.72888804847e-06,3.74384234064e-05,0.000134723479035,1.28633604025e-05,8.72888804847e-06,2.23459534041e-11,8.72888804847e-06,0.0319708830898,0.951822217789,0.0159869582615
925,0.0451861470177,0.305144396776,0.0318988358337,0.0413028479807,0.0392216835287,0.0346246130501,0.0675910208939,0.116925351619,0.123809526751,0.0309465699613,0.0648036734223,0.0985453331649,1,0.8,10,13,12,8,20,6.84641191645e-06,1.75268145061e-11,6.84641191645e-06,3.45305212011e-05,0.000299793809932,3.95836678805e-05,6.84641191645e-06,1.75268145061e-11,6.84641191645e-06,0.0319655551646,0.951649100596,0.0159840505575
926,0.131289588123,0.154815420205,0.00185270523963,0.0484496471272,0.0751206975633,0.023126003518,0.051333146557,0.0343964018719,0.0443765368759,0.0262656951627,0.0977339152241,0.311240242532,1,0.8,10,13,12,8,20,1.53692656409e-06,3.93453200406e-12,1.53692656409e-06,1.84039504275e-05,3.95333201846e-05,9.96950020825e-06,1.53692656409e-06,3.93453200406e-12,1.53692656409e-06,0.0319940984608,0.951942862426,0.0159889846282
927,0.0781793265061,0.0854404850939,0.117913976806,0.0558287381152,0.0349928188345,0.0445803771381,0.324746670875,0.086435582541,0.134937979335,0.0113865046254,0.0112886458867,0.0142688942435,1,0.8,10,13,12,8,20,5.23007379381e-06,1.33889889122e-11,5.23007379381e-06,6.0610211098e-05,3.70058880246e-05,3.23448783238e-05,5.23007379381e-06,1.33889889122e-11,5.23007379381e-06,0.0319906663075,0.95187068015,0.0159877722431
928,0.00383419274696,0.135709093687,0.0624032750172,0.0609744233141,0.0135360867852,0.00211437177638,0.0558122359843,0.192692599408,0.0656692222271,0.0206686778076,0.0450841599147,0.341501661331,1,0.8,10,13,12,8,20,5.26436935903e-06,1.34767855591e-11,5.26436935903e-06,6.22461836532e-05,0.000193558864039,1.04135777166e-05,5.26436935903e-06,1.34767855591e-11,5.26436935903e-06,0.0319689173597,0.951757928069,0.0159858784411
929,0.0272747160622,0.164433264635,0.118493293463,0.0574267453466,0.0690077863835,0.0241849136655,0.119848643366,0.01113059167,0.0853792107682,0.184351106603,0.12780737716,0.010662350877,1,0.8,10,13,12,8,20,4.65860244506e-07,1.19260222594e-12,4.65860244506e-07,3.22218190556e-05,2.60771517069e-06,6.87544261586e-06,4.65860244506e-07,1.19260222594e-12,4.65860244506e-07,0.0319769906244,0.951989670137,0.015989770818
930,0.0659893973895,0.00568559558549,0.051641341034,0.18459891271,0.0830719518116,0.178562661181,0.151202348232,0.0170998245394,0.0776826475563,0.0257851264001,0.00270713494486,0.155973058615,1,0.8,10,13,12,8,20,0.000200717429645,5.13836619891e-10,0.000200717429645,0.000357267114208,0.00347378466168,0.000335557456159,0.000200717429645,5.13836619891e-10,0.000200717429645,0.0318378749154,0.947281945977,0.0159106991297
931,0.141776110034,0.0708496004488,0.0310188556428,0.0251982031455,0.0983237602954,0.00504245049513,0.173622875497,0.0201990083743,0.0698160574159,0.137524948787,0.0945648128644,0.132063316999,1,0.8,10,13,12,8,20,4.13922965062e-06,1.05964279056e-11,4.13922965062e-06,1.15695196462e-05,6.07857221472e-06,6.04063239193e-05,4.13922965062e-06,1.05964279056e-11,4.13922965062e-06,0.0319932585902,0.951923471125,0.0159886589288
932,0.30110407462,0.136104938196,0.0209434032199,0.00431102091459,0.128040342105,0.0268976491777,0.0316328933658,0.0121655506863,0.13481374579,0.0541872219153,0.127606398062,0.0221927619482,1,0.8,10,13,12,8,20,3.09109741782e-07,7.91320938961e-13,3.09109741782e-07,2.50930190625e-06,2.92268069737e-06,2.75079185574e-07,3.09109741782e-07,7.91320938961e-13,3.09109741782e-07,0.0319968729486,0.952006136165,0.015990047384
933,0.00448748105731,0.0414661142256,0.0432160034542,0.139980930944,0.127421966199,0.10183751481,0.130805360789,0.0128856170255,0.0282231052362,0.118076137541,0.228584065088,0.0230157036302,1,0.8,10,13,12,8,20,7.38437823869e-07,1.8904008291e-12,7.38437823869e-07,4.51981005204e-05,3.73645300084e-05,7.28594980335e-07,7.38437823869e-07,1.8904008291e-12,7.38437823869e-07,0.0319937472806,0.951931218681,0.015988789058
934,0.231320651533,0.0343399068069,0.0910999592533,0.0523641726719,0.102602509064,0.0697665848107,0.0112879082161,0.0178199431566,0.00108235963662,0.203713240078,0.0747543895273,0.109848375245,1,0.8,10,13,12,8,20,6.63016884108e-07,1.69732322332e-12,6.63016884108e-07,1.7014718121e-05,2.21532147103e-05,9.36492780835e-07,6.63016884108e-07,1.69732322332e-12,6.63016884108e-07,0.031976598643,0.951990854156,0.0159897907049
935,0.0804933347011,0.121183796883,0.00983441265771,0.103240103622,0.0575018186908,0.0963474542201,0.174281084868,0.194330890837,0.057360638192,0.0780190723892,0.0145843508195,0.01282304212,1,0.8,10,13,12,8,20,2.366547698e-06,6.05836210688e-12,2.366547698e-06,8.18738971449e-05,4.7537095811e-05,1.91314974136e-06,2.366547698e-06,6.05836210688e-12,2.366547698e-06,0.0319730962512,0.951897884236,0.0159882291673
936,0.0371900800208,0.0659486185625,0.110085356992,0.0870099382746,0.168717073065,0.0371241197322,0.0248868930837,0.230535464851,0.0357839659888,0.174246791094,0.02739142091,0.00108027742568,1,0.8,10,13,12,8,20,4.19577546004e-06,1.07411851777e-11,4.19577546004e-06,6.88689765566e-05,0.000115291488255,2.96705115853e-05,4.19577546004e-06,1.07411851777e-11,4.19577546004e-06,0.0319210143239,0.951860765855,0.015987605721
937,0.260528646651,0.0936221484768,0.0202376113973,0.109726826106,0.0378705883545,0.0811080506283,0.00831536007679,0.0740409634765,0.0724404291103,0.170483716579,0.0192079862471,0.0524176728954,1,0.8,10,13,12,8,20,2.29667355184e-06,5.87948429271e-12,2.29667355184e-06,1.75773343516e-05,2.76802116749e-05,8.15005862811e-07,2.29667355184e-06,5.87948429271e-12,2.29667355184e-06,0.0319943135458,0.951961135648,0.0159892915481
938,0.00295824570791,0.0413749973486,0.162020836152,0.208335904491,0.0364424711545,0.150753682452,0.037352426043,0.100452856258,0.0128660285996,0.0867670258529,0.0805803791871,0.0800951467527,1,0.8,10,13,12,8,20,1.65709964213e-06,4.24217508386e-12,1.65709964213e-06,1.79152947313e-05,3.48618686182e-05,2.88313397016e-06,1.65709964213e-06,4.24217508386e-12,1.65709964213e-06,0.0319760988659,0.951972136116,0.0159894763137
939,0.0310980171747,0.265297176366,0.105562944519,0.0296434087614,0.0878276578622,0.0374369107056,0.073674812196,0.00671514024256,0.141702383955,0.035101107842,0.106444320856,0.0794961195191,1,0.8,10,13,12,8,20,0.000185902821707,4.75911223569e-10,0.000185902821707,0.00241141466956,0.00402860693848,0.00181947219262,0.000185902821707,4.75911223569e-10,0.000185902821707,0.0317088114548,0.94344188171,0.0158462007959
940,0.14408449917,0.0193073766307,0.0223506076111,0.0061987221224,0.0110600266488,0.0624551641492,0.394170748296,0.0209734923785,0.0455898608463,0.0365450870791,0.158500938498,0.07876347657,1,0.8,10,13,12,8,20,1.94538665451e-06,4.98018983554e-12,1.94538665451e-06,5.70606086832e-05,1.55164668087e-05,1.8134319218e-05,1.94538665451e-06,4.98018983554e-12,1.94538665451e-06,0.0319254533108,0.951986338872,0.0159897148655
941,0.0366322624813,0.182602547777,0.129714513583,0.0259703174165,0.0711497846209,0.0039155183775,0.0354511913148,0.0820902155258,0.214109044104,0.0741937009315,0.0943085290486,0.0498623748178,1,0.8,10,13,12,8,20,2.46792724698e-05,6.31789375227e-11,2.46792724698e-05,9.91866874427e-05,0.000541046939861,5.01981060165e-05,2.46792724698e-05,6.31789375227e-11,2.46792724698e-05,0.0319309841464,0.951301652146,0.0159782147577
942,0.00170806497954,0.150202194468,0.109567047926,0.0824017206768,0.0850685353452,0.00245979039819,0.0524348970138,0.202763091209,0.124836337383,0.0784992161086,0.0150119674144,0.0950471370765,1,0.8,10,13,12,8,20,1.0045736924e-05,2.57170865255e-11,1.0045736924e-05,7.27562090358e-05,0.000537521769076,6.01789831632e-05,1.0045736924e-05,2.57170865255e-11,1.0045736924e-05,0.0319741445382,0.95133641683,0.0159787986709
943,0.178039532809,0.185261085386,0.106936710133,0.16727815442,0.0549127050294,0.0303732281498,0.0659350112293,0.00715820119119,0.0934266088731,0.0219284284002,0.0254299021163,0.0633204322615,1,0.8,10,13,12,8,20,0.00105872977286,2.71034821851e-09,0.00105872977286,0.0125218909583,0.00884428285059,0.00822113171234,0.00105872977286,2.71034821851e-09,0.00105872977286,0.0308757979765,0.919851990777,0.0154499812134
944,0.0144292391517,0.159916963208,0.011179969356,0.016118161984,0.00802827791177,0.199149110345,0.0144901291125,0.115962047571,0.0259271179782,0.0415438604162,0.213201222152,0.180053900814,1,0.8,10,13,12,8,20,9.18158635597e-06,2.35048610713e-11,9.18158635597e-06,0.00016873220508,0.000598981135849,6.53725513871e-05,9.18158635597e-06,2.35048610713e-11,9.18158635597e-06,0.0319527754327,0.951200889943,0.0159765223396
945,0.0499822422992,0.0951424980584,0.101582338875,0.16443493006,0.0412359884762,0.129986641939,0.000599604597677,0.0253642610499,0.0122375805636,0.00958435250075,0.156309746276,0.213539815305,1,0.8,10,13,12,8,20,1.5943471689e-05,4.08152875239e-11,1.5943471689e-05,2.52574747721e-05,0.000270388105713,6.91140802865e-05,1.5943471689e-05,4.08152875239e-11,1.5943471689e-05,0.0319638608972,0.951623976898,0.0159836285758
946,0.00372015883569,0.0258619609032,0.0607590754156,0.250986249676,0.0651428236856,0.0234784329407,0.10708959019,0.0267320615202,0.0580091990815,0.110321516165,0.181171069218,0.0867278623679,1,0.8,10,13,12,8,20,4.99728104094e-06,1.27930394648e-11,4.99728104094e-06,6.78259810945e-05,4.16796589765e-05,1.86227348517e-05,4.99728104094e-06,1.27930394648e-11,4.99728104094e-06,0.031970851416,0.951892885846,0.0159881452135
947,0.035109422394,0.152989585252,0.0570829274279,0.0070900997558,0.0276010995285,0.0998584965264,0.0245544367099,0.150100113149,0.218809692619,0.0962699636954,0.0430064965862,0.0875276663556,1,0.8,10,13,12,8,20,0.000190162698509,4.86816508182e-10,0.000190162698509,0.00264844280746,0.00477212784953,0.000801673742125,0.000190162698509,4.86816508182e-10,0.000190162698509,0.0316916235834,0.943478661691,0.0158468185584
948,0.0735993794404,0.0866470856041,0.0220149725632,0.143290181145,0.0750618332251,0.0691280201354,0.0799331479889,0.0402437606457,0.0766623588492,0.108816273022,0.053235537029,0.171367450352,1,0.8,10,13,12,8,20,2.73850474724e-06,7.01057215294e-12,2.73850474724e-06,1.92258058976e-05,5.29258200848e-05,5.27019412574e-06,2.73850474724e-06,7.01057215294e-12,2.73850474724e-06,0.0319757477639,0.951946825196,0.0159890511875
949,0.0542782618813,0.0968855348204,0.0147463199594,0.0178112110983,0.276759717878,0.0927142909886,0.00039313050076,0.0544725324655,0.0480013055715,0.12576587042,0.128944799642,0.0892270247745,1,0.8,10,13,12,8,20,7.60848262398e-07,1.94777155174e-12,7.60848262398e-07,3.67578161629e-05,2.12235662898e-05,3.62754203637e-06,7.60848262398e-07,1.94777155174e-12,7.60848262398e-07,0.0319540368833,0.95199150909,0.0159898017053
950,0.175856264186,0.0348146009408,0.100426390105,0.155295618016,0.030507500396,0.041852479157,0.0370860929639,0.0143813612024,0.0339394896094,0.0485716891238,0.115019791602,0.212248722697,1,0.8,10,13,12,8,20,1.31238496905e-07,3.35970552076e-13,1.31238496905e-07,1.80284126365e-06,1.14839062903e-06,5.68791721079e-07,1.31238496905e-07,3.35970552076e-13,1.31238496905e-07,0.0319963852265,0.952009466475,0.0159901033204
951,0.091852121337,0.11484013987,0.100908413255,0.10933677599,0.00806228150203,0.0571319946889,0.0950148454061,0.0961776554044,0.0234214022216,0.141186185954,0.107961565166,0.0541066192052,1,0.8,10,13,12,8,20,6.48916556804e-05,1.66122638542e-10,6.48916556804e-05,0.00187647183245,0.00191594098561,0.000201521072832,6.48916556804e-05,1.66122638542e-10,6.48916556804e-05,0.0318185790261,0.948005075204,0.0159228449239
952,0.0385693874787,0.0298842470255,0.14862977297,0.0739880194824,0.108209392837,0.0266682453603,0.0206691893849,0.0701139923676,0.0371344287179,0.131205283217,0.234731104601,0.0801969365585,1,0.8,10,13,12,8,20,6.00764969136e-07,1.53795832099e-12,6.00764969136e-07,4.36513291938e-06,2.00150651455e-05,1.59334621114e-06,6.00764969136e-07,1.53795832099e-12,6.00764969136e-07,0.031995931473,0.951985983031,0.0159897088887
953,0.1472453933,0.00432270364221,0.0845282313374,0.0431688402752,0.0395325765788,0.168286493434,0.0838166806396,0.0638242825921,0.019097519365,0.0747024994776,0.196822480175,0.0746522991834,1,0.8,10,13,12,8,20,1.97781780033e-06,5.06321356884e-12,1.97781780033e-06,2.00634436488e-05,2.63161353583e-05,8.35840992085e-06,1.97781780033e-06,5.06321356884e-12,1.97781780033e-06,0.03197636103,0.951971523673,0.0159894660271
954,0.250882269841,0.0173394510526,0.247808126534,0.0283294567913,0.078161996258,0.00892577522722,0.00278820408647,0.00933472723882,0.146792156616,0.0633225763773,0.0600992157113,0.0862160442668,1,0.8,10,13,12,8,20,1.17899140926e-05,3.01821800772e-11,1.17899140926e-05,2.81253867125e-05,0.000171021261625,2.63533597689e-05,1.17899140926e-05,3.01821800772e-11,1.17899140926e-05,0.0319874412027,0.951754085177,0.0159858138953
955,0.169154865776,0.226101113996,0.00932980486608,0.0276003604321,0.0496549119174,0.0167195903728,0.0411747522104,0.0697993607763,0.160429741391,0.0416155939631,0.135839586776,0.0525803175233,1,0.8,10,13,12,8,20,3.10924454633e-05,7.95966603861e-11,3.10924454633e-05,9.23330151512e-05,0.000723418381291,0.000120190922944,3.10924454633e-05,7.95966603861e-11,3.10924454633e-05,0.0319213564397,0.951044436773,0.0159738945271
956,0.00727062154036,0.0313277088,0.155559831312,0.185355717163,0.182560030841,0.075325584528,0.0315779933778,0.0116096121893,0.113037070297,0.0180746427634,0.150635022849,0.0376661643403,1,0.8,10,13,12,8,20,1.4517239448e-05,3.7164132987e-11,1.4517239448e-05,2.12372210623e-05,0.000347260269434,8.14842208025e-06,1.4517239448e-05,3.7164132987e-11,1.4517239448e-05,0.031964309892,0.951617456112,0.0159835190516
957,0.171591542928,0.012988695104,0.00889593390979,0.325817099252,0.0306277907471,0.00635154298677,0.0830111724795,0.00805840414803,0.129029934589,0.0651037774781,0.00264367802865,0.155880428349,1,0.8,10,13,12,8,20,0.000107693006561,2.75694096795e-10,0.000107693006561,9.76447056229e-05,0.00159834569379,0.000348181908122,0.000107693006561,2.75694096795e-10,0.000107693006561,0.0318997413398,0.949674430099,0.0159508836759
958,0.00457186368865,0.197114731147,0.00691988448358,0.0437345788907,0.0489295359123,0.0889986136865,0.017244970679,0.055431323331,0.124212335377,0.0576700652822,0.222756470565,0.132415626957,1,0.8,10,13,12,8,20,8.59026287245e-05,2.19910729535e-10,8.59026287245e-05,0.00122256506308,0.000872077408933,0.000771039043001,8.59026287245e-05,2.19910729535e-10,8.59026287245e-05,0.0318762570111,0.948975309387,0.0159391411325
959,0.0326337557445,0.159791893047,0.0835803606084,0.186492678076,0.12411115693,0.0151191264053,0.0174509621316,0.171832129074,0.0341331922226,0.117448011005,0.0498908784165,0.0075158563393,1,0.8,10,13,12,8,20,8.2461321058e-07,2.11100981909e-12,8.2461321058e-07,5.91679466128e-05,9.68521778998e-06,5.94883540859e-07,8.2461321058e-07,2.11100981909e-12,8.2461321058e-07,0.0319275540896,0.952009593944,0.0159901054614
960,0.0488377840559,0.0437133702996,0.0660605358446,0.0703565835991,0.0563991393179,0.169406656391,0.0623733201156,0.100686951069,0.253566636893,0.0522017920016,0.026955135098,0.0494420953153,1,0.8,10,13,12,8,20,5.98601354021e-06,1.53241946629e-11,5.98601354021e-06,9.94776579888e-05,0.000183430961003,4.76544115791e-06,5.98601354021e-06,1.53241946629e-11,5.98601354021e-06,0.0319659400775,0.951736916254,0.0159855255233
961,0.0760670230618,0.0130203994156,0.0360895649942,0.0966476977051,0.210561769036,0.114782722396,0.130109797973,0.0671755196723,0.017906864469,0.132799661688,0.0798878064715,0.0249511731177,1,0.8,10,13,12,8,20,1.71133271709e-05,4.38101175576e-11,1.71133271709e-05,2.49727344297e-05,0.000381667189695,1.63143286696e-05,1.71133271709e-05,4.38101175576e-11,1.71133271709e-05,0.0319625633301,0.951563417609,0.0159826114123
962,0.085720791583,0.118461885902,0.0678067175217,0.0588825798331,0.30136602049,0.0632378113685,0.104025260689,0.00592600129434,0.0338904689761,0.0358920375185,0.0732150568831,0.0515753679405,1,0.8,10,13,12,8,20,3.83661750936e-05,9.82174082395e-11,3.83661750936e-05,0.00110279968917,0.000353032582387,0.000211868472026,3.83661750936e-05,9.82174082395e-11,3.83661750936e-05,0.0319152386511,0.950302168439,0.0159614272694
963,0.0259141549198,0.197237319316,0.0253367174074,0.0459717361064,0.00727885896885,0.00551730855288,0.0786746297475,0.157328859324,0.120824294493,0.1068168025,0.06738456236,0.161714756305,1,0.8,10,13,12,8,20,8.70808571795e-08,2.22926994379e-13,8.70808571795e-08,1.75329112429e-06,1.43356591225e-06,2.80275719758e-07,8.70808571795e-08,2.22926994379e-13,8.70808571795e-08,0.0319963659592,0.952009711154,0.0159901074301
964,0.0571388840255,0.0169667454679,0.00205358897125,0.0354912946603,0.0531048483417,0.108941820187,0.0781921861589,0.104048587789,0.0378473561945,0.0429526211357,0.373394007621,0.0898680594472,1,0.8,10,13,12,8,20,4.57275139246e-07,1.17062435647e-12,4.57275139246e-07,4.38541664202e-06,2.74781002387e-05,1.43165455838e-06,4.57275139246e-07,1.17062435647e-12,4.57275139246e-07,0.0319956927033,0.951979581652,0.0159896013702
965,0.0855037258676,0.00369600132317,0.105284281571,0.0643766586463,0.015578050031,0.103362338764,0.366963218128,0.156301176913,0.0178309564647,0.0232598120732,0.0106003780898,0.047243402128,1,0.8,10,13,12,8,20,4.34195387111e-05,1.111540191e-10,4.34195387111e-05,6.40764756274e-05,0.00041626710272,5.6597466408e-05,4.34195387111e-05,1.111540191e-10,4.34195387111e-05,0.0319727716914,0.951337787199,0.0159788216878
966,0.007625558271,0.00379297821535,0.000784246974965,0.196577042801,0.00583227799195,0.271373039107,0.13815005298,0.0480136935582,0.104841472275,0.094383294023,0.107445412678,0.0211809311246,1,0.8,10,13,12,8,20,1.08835978172e-06,2.7862010412e-12,1.08835978172e-06,2.01982419731e-05,4.55531038315e-05,2.02869896704e-06,1.08835978172e-06,2.7862010412e-12,1.08835978172e-06,0.0319761752402,0.951962378841,0.015989312429
967,0.0431416380526,0.206325435292,0.0282323140816,0.0409768177964,0.150900383767,0.00778918140875,0.289066905272,0.0152371818752,0.00155295879707,0.0477324104596,0.031483245086,0.137561528113,1,0.8,10,13,12,8,20,1.2205564599e-05,3.12462453734e-11,1.2205564599e-05,0.000190490072807,7.05128922721e-05,3.41293719271e-05,1.2205564599e-05,3.12462453734e-11,1.2205564599e-05,0.031983646642,0.951687699824,0.0159846988763
968,0.0748770944131,0.0429979230736,0.0351387158295,0.119834807383,0.0487265011217,0.00871927046006,0.0579529539466,0.032006269425,0.265192526581,0.120092806365,0.107426669836,0.0870344615658,1,0.8,10,13,12,8,20,1.5286130232e-06,3.91324933939e-12,1.5286130232e-06,1.72736788372e-05,4.45794606092e-05,2.36733424044e-06,1.5286130232e-06,3.91324933939e-12,1.5286130232e-06,0.0319760411872,0.951964279526,0.0159893443532
969,0.137749337,0.0315998053769,0.0889696478827,0.0863085793548,0.00157145804629,0.0081043849336,0.121038096226,0.0777633074076,0.101219050255,0.0496701466852,0.238607595058,0.057398591774,1,0.8,10,13,12,8,20,7.85517740249e-05,2.01092541504e-10,7.85517740249e-05,0.00311761134861,0.00343214370074,0.000487359334438,7.85517740249e-05,2.01092541504e-10,7.85517740249e-05,0.0317612976979,0.945014761287,0.0158726191329
970,0.001464568626,0.00069939402219,0.0784123557228,0.287088608408,0.0660375775919,0.138467963968,0.109384941152,0.0620243763565,0.033300019708,0.0433823871651,0.172951587152,0.00678622012801,1,0.8,10,13,12,8,20,1.13463904846e-05,2.90467596406e-11,1.13463904846e-05,6.0325891347e-05,0.000285653064297,2.3156372563e-05,1.13463904846e-05,2.90467596406e-11,1.13463904846e-05,0.0319641563083,0.951637467576,0.0159838551674
971,0.175588904428,0.060663667815,0.0723023300643,0.0809587454001,0.0744407163681,0.0668907027202,0.118905105735,0.0498157173932,0.192408955177,0.00639246055663,0.080129436041,0.0215032583015,1,0.8,10,13,12,8,20,0.000656549298788,1.6807662049e-09,0.000656549298788,0.00262122252608,0.0106231458013,0.00343269171652,0.000656549298788,1.6807662049e-09,0.000656549298788,0.0313612883061,0.933653654921,0.0156817961726
972,0.0827272144015,0.00703787066268,0.14715757996,0.110181101033,0.00346962591063,0.0101021353893,0.0596004386682,0.28849326605,0.0756673332762,0.0500866988417,0.128545568488,0.0369311673191,1,0.8,10,13,12,8,20,2.13210659131e-05,5.45819287375e-11,2.13210659131e-05,0.000106178222725,0.000755664123589,0.00016360079023,2.13210659131e-05,5.45819287375e-11,2.13210659131e-05,0.0319194723732,0.950996707263,0.0159730928547
973,0.0052522003134,0.00272295268426,0.0485229618985,0.048018191541,0.104725171438,0.0901674692684,0.245972828797,0.113670226963,0.101900259558,0.0581866279635,0.135883159141,0.0449779504339,1,0.8,10,13,12,8,20,0.000119825480275,3.06753229503e-10,0.000119825480275,0.00268972461714,0.00514844858898,0.000794561315816,0.000119825480275,3.06753229503e-10,0.000119825480275,0.0317056306219,0.943337878382,0.0158444539394
974,0.105884438793,0.0260533134967,0.0477518055839,0.0446413898214,0.114201413876,0.185404330111,0.188085207391,0.0382883647207,0.154067106653,0.0279089101944,0.0629380493741,0.00477566998537,1,0.8,10,13,12,8,20,0.00114533922801,2.93206842371e-09,0.00114533922801,0.0622716937491,0.0221700185593,0.0114463985866,0.00114533922801,2.93206842371e-09,0.00114533922801,0.0287824493459,0.856364442784,0.0143836341993
975,0.116161635997,0.0286636776677,0.088375693233,0.111462471465,0.0216701651529,0.0277217531358,0.133406555067,0.0128667038284,0.169404639601,0.236741882247,0.0231882981646,0.0303365244415,1,0.8,10,13,12,8,20,7.43057955865e-07,1.90222836701e-12,7.43057955865e-07,3.71588086418e-05,0.000239210100129,5.46363491619e-06,7.43057955865e-07,1.90222836701e-12,7.43057955865e-07,0.0319690753116,0.951760203254,0.0159859166555
976,0.0126327232765,0.0167263311966,0.101326494063,0.0798049149639,0.0486805501171,0.0496868515378,0.106899763914,0.070105563307,0.0334980474017,0.0526114813355,0.412491284243,0.0155359946435,1,0.8,10,13,12,8,20,1.19071599275e-06,3.04823294144e-12,1.19071599275e-06,3.92068162142e-06,1.33830289922e-05,3.60052808085e-06,1.19071599275e-06,3.04823294144e-12,1.19071599275e-06,0.0319960615176,0.951988519876,0.015989751498
977,0.0461379099362,0.349095103386,0.0511142524703,0.0640338698969,0.0159915936225,0.120768940338,0.0267120663174,0.0420252198716,0.146916730947,0.0206087639363,0.110265847786,0.00632970149086,1,0.8,10,13,12,8,20,0.000463495995865,1.18654974941e-09,0.000463495995865,0.0111375932437,0.0127815544172,0.00203610640502,0.000463495995865,1.18654974941e-09,0.000463495995865,0.0310895780334,0.925555404875,0.0155457766691
978,0.0673415013789,0.151030709459,0.0982142145452,0.0436332604222,0.0957161765584,0.048874319642,0.0810316791682,0.191923493115,0.0400368873611,0.0168005624104,0.110877923365,0.0545192725737,1,0.8,10,13,12,8,20,0.000348982068229,8.93394094666e-10,0.000348982068229,0.00290932829095,0.00422033407024,0.00255263986908,0.000348982068229,8.93394094666e-10,0.000348982068229,0.0315764512691,0.941531207633,0.0158141088084
979,0.114776317013,0.236826366991,0.00489253813324,0.0227213095042,0.00585286132103,0.0726531472639,0.0536976627045,0.096402936874,0.0723415250256,0.151366492372,0.00739786150786,0.16107098129,1,0.8,10,13,12,8,20,5.87218486285e-05,1.50327932489e-10,5.87218486285e-05,0.000175809919704,0.000779345883999,0.000359563202132,5.87218486285e-05,1.50327932489e-10,5.87218486285e-05,0.0319071227454,0.950577223417,0.0159660471369
980,0.00890973413931,0.0919117016486,0.0437885127323,0.107286103658,0.0295237541549,0.0509879303402,0.0160148551406,0.019495727386,0.197001336995,0.190518143142,0.208311794893,0.0362504057693,1,0.8,10,13,12,8,20,6.74735511522e-06,1.7273229095e-11,6.74735511522e-06,1.06982497227e-05,0.000192301247906,1.66580030422e-05,6.74735511522e-06,1.7273229095e-11,6.74735511522e-06,0.0319890699331,0.951778066423,0.0159862166881
981,0.0197544145344,0.0584557002973,0.0194103914612,0.18839006152,0.192587431921,0.032984397487,0.124217022921,0.0195832283552,0.0220216605592,0.199584566036,0.0676034630798,0.0554076618284,1,0.8,10,13,12,8,20,0.000151542675925,3.87949250367e-10,0.000151542675925,0.0104727485678,0.00139013541505,0.00276220522699,0.000151542675925,3.87949250367e-10,0.000151542675925,0.0314651341663,0.937556260189,0.0157473449551
982,0.0133012543361,0.23908014998,0.00880112988011,0.0287117292684,0.077331759095,0.0524763153917,0.325956505433,0.0490158482765,0.00104961935089,0.0406754876734,0.0253888542128,0.138211347102,1,0.8,10,13,12,8,20,2.21916333086e-05,5.681058127e-11,2.21916333086e-05,3.37920547568e-05,0.000503220552974,1.77571418136e-05,2.21916333086e-05,5.681058127e-11,2.21916333086e-05,0.0319354830296,0.951440434801,0.0159805457734
983,0.0563286595028,0.030048151882,0.037552685903,0.337495487338,0.0315910431105,0.0226971963688,0.0809991351218,0.100342572119,0.0829067864062,0.0923971337462,0.0752655731882,0.0523755753134,1,0.8,10,13,12,8,20,1.10674161801e-06,2.83325854211e-12,1.10674161801e-06,5.42439996394e-05,4.08924571421e-05,5.07198665307e-06,1.10674161801e-06,2.83325854211e-12,1.10674161801e-06,0.0319268425597,0.951978931573,0.0159895904513
984,0.179609769933,0.130996769059,0.00526946529795,0.0117687406594,0.00947565910023,0.320310673507,0.0856707460947,0.0143075052431,0.0824978137899,0.0925390582761,0.0411860671754,0.0263677318637,1,0.8,10,13,12,8,20,5.00630706948e-06,1.28161460979e-11,5.00630706948e-06,5.4463460579e-05,9.89845298573e-05,3.86631290662e-06,5.00630706948e-06,1.28161460979e-11,5.00630706948e-06,0.0319498157456,0.951884834712,0.0159880099854
985,0.042157027228,0.690225197649,0.0275539379405,0.0482048047057,0.0139977130518,0.0474131599864,0.047152789761,0.00826188481994,0.0240080082199,0.00231605366706,0.020838343261,0.0278710797093,1,0.8,10,13,12,8,20,8.53506526501e-06,2.18497670784e-11,8.53506526501e-06,4.9736252842e-05,9.75178347907e-05,6.05760485622e-05,8.53506526501e-06,2.18497670784e-11,8.53506526501e-06,0.0319894478305,0.951782294033,0.0159862876957
986,0.0789945327664,0.136965239207,0.00137610645327,0.0182571064977,0.100930356168,0.0345091606668,0.0718832419655,0.0488702950019,0.00363938645823,0.0569335735795,0.446311081835,0.0013299194011,1,0.8,10,13,12,8,20,4.27784709891e-06,1.09512885732e-11,4.27784709891e-06,6.61904719988e-05,0.000172532163438,1.18190005414e-05,4.27784709891e-06,1.09512885732e-11,4.27784709891e-06,0.0319689070603,0.951777237134,0.0159862027593
987,0.23942023997,0.00111683603469,0.123674979123,0.130401370608,0.173979816565,0.035879357375,0.0727466926113,0.00735011840085,0.0210038080616,0.0623477169258,0.0898692042649,0.0422098600586,1,0.8,10,13,12,8,20,1.75748085781e-06,4.49915099601e-12,1.75748085781e-06,2.94717947756e-05,8.75832768525e-06,1.58391919018e-05,1.75748085781e-06,4.49915099601e-12,1.75748085781e-06,0.031976315872,0.951973092504,0.0159894923774
988,0.0827470786034,0.00177447982551,0.00785401336361,0.0599025827983,0.00372079618564,0.0637398051678,0.00549392028457,0.0186082033128,0.568984804004,0.0242014417586,0.133242680834,0.029730193862,1,0.8,10,13,12,8,20,1.97902143894e-05,5.0662948837e-11,1.97902143894e-05,4.05571297879e-05,0.000496808626709,1.34756947427e-05,1.97902143894e-05,5.0662948837e-11,1.97902143894e-05,0.0319761836029,0.951413716971,0.0159800970164
989,0.0936753520233,0.0477693678195,0.0312396359153,0.139777268578,0.011728956542,0.0449990381603,0.0930649956557,0.299811706895,0.0687939595077,0.0186415375698,0.0918950747734,0.0586031065603,1,0.8,10,13,12,8,20,6.14154708759e-07,1.57223605442e-12,6.14154708759e-07,9.33389571071e-06,7.70134692527e-05,1.843184755e-06,6.14154708759e-07,1.57223605442e-12,6.14154708759e-07,0.0319937011267,0.9519269346,0.0159887171018
990,0.00848731785848,0.0895740229502,0.0487831904675,0.0823652757531,0.175603412703,0.107270318953,0.0639733877203,0.0104485441768,0.0121733597373,0.097716666312,0.150335129992,0.153269373375,1,0.8,10,13,12,8,20,2.09024105542e-06,5.35101710188e-12,2.09024105542e-06,5.64386301595e-05,0.000423963179605,1.40986296684e-05,2.09024105542e-06,5.35101710188e-12,2.09024105542e-06,0.0319613332996,0.951553362757,0.0159824425294
991,0.187482453435,0.058375418462,0.108321013931,0.0558249612817,0.0625388376967,0.0331239573951,0.0166216921319,0.0222080931004,0.166181210254,0.0354628185875,0.237011839754,0.01684770397,1,0.8,10,13,12,8,20,7.8574718566e-05,2.01151279529e-10,7.8574718566e-05,0.000624719887704,0.00285668315317,0.000156434350598,7.8574718566e-05,2.01151279529e-10,7.8574718566e-05,0.0318518292426,0.948268760269,0.0159272738205
992,0.00785789932168,0.193288244195,0.0455899236862,0.0780746907477,0.0474506748562,0.261911188497,0.162925880358,0.113910905975,0.0148483764907,0.0119706247117,0.0548329199922,0.00733867116936,1,0.8,10,13,12,8,20,7.32728652934e-05,1.87578535151e-10,7.32728652934e-05,0.00467899394532,0.00231249070465,0.00253787042469,7.32728652934e-05,1.87578535151e-10,7.32728652934e-05,0.0316496056675,0.942694303076,0.0158336443456
993,0.0354249359633,0.0404601594614,0.00779813365031,0.0557321557801,0.0198910187635,0.0334867367581,0.15513551039,0.0798014968886,0.00689668560935,0.174929862285,0.0321393795387,0.358303924912,1,0.8,10,13,12,8,20,3.64416159638e-05,9.32905368674e-11,3.64416159638e-05,0.00296694357928,0.000643355816723,0.000845652302124,3.64416159638e-05,9.32905368674e-11,3.64416159638e-05,0.0318492757014,0.947632420199,0.0159165857509
994,0.147825148781,0.227751245759,0.0822911533965,0.0871834291538,0.000244457872805,0.0647772770409,0.0779599395137,0.0383374075536,0.0897574447008,0.0551948298377,0.0858921904024,0.0427854759879,1,0.8,10,13,12,8,20,0.000191264809623,4.89637912634e-10,0.000191264809623,0.00708690050484,0.00303745914561,0.00225220492024,0.000191264809623,4.89637912634e-10,0.000191264809623,0.0315474117283,0.93953045956,0.0157805039236
995,0.0256658475939,0.111127650086,0.214740035448,0.0098712437078,0.0505178295251,0.039528018708,0.011826353923,0.0873872120345,0.098208406478,0.0475380766916,0.177032987824,0.126556337981,1,0.8,10,13,12,8,20,1.21651202494e-06,3.11427078385e-12,1.21651202494e-06,5.16698473109e-06,4.52394215501e-06,4.63629153539e-06,1.21651202494e-06,3.11427078385e-12,1.21651202494e-06,0.031995286767,0.951995648725,0.0159898712353
996,0.158206414224,0.0829016124615,0.00586897923202,0.0626312463778,0.0954685369998,0.112938894064,0.0351894137593,0.0484490578796,0.261767025642,0.00615995639489,0.0507874147525,0.0796314482124,1,0.8,10,13,12,8,20,4.09342789952e-05,1.04791754228e-10,4.09342789952e-05,2.88446297452e-05,0.00134969105946,4.70168153161e-05,4.09342789952e-05,1.04791754228e-10,4.09342789952e-05,0.0319269809437,0.950518665635,0.015965063591
997,0.112190539575,0.0502268928266,0.188414707415,0.0429004699449,0.145930759254,0.013517661948,0.0302485084857,0.0546851416356,0.0254149492593,0.123046794521,0.171081784389,0.0423417907458,1,0.8,10,13,12,8,20,1.22295971398e-06,3.13077686778e-12,1.22295971398e-06,8.61491106893e-05,3.285112663e-05,9.90110135584e-06,1.22295971398e-06,3.13077686778e-12,1.22295971398e-06,0.0319726924167,0.951905162977,0.0159883514222
998,0.133751224911,0.0175032315621,0.0232818152486,0.00500650653759,0.0823531561061,0.0385766242437,0.0494383800126,0.125198804311,0.204707342894,0.168252631171,0.0635476433686,0.0883826396341,1,0.8,10,13,12,8,20,4.826090591e-06,1.2354791913e-11,4.826090591e-06,3.51579603936e-05,9.54480009431e-05,3.26749538674e-05,4.826090591e-06,1.2354791913e-11,4.826090591e-06,0.0319499750581,0.951879518939,0.0159879207008
999,0.0238443779373,0.099029414888,0.0288330313176,0.0159030815939,0.212042847043,0.0886095479479,0.0358398398712,0.0692885195353,0.19551520795,0.00280933949637,0.0396008497328,0.188683942687,1,0.8,10,13,12,8,20,6.24797545118e-06,1.5994817155e-11,6.24797545118e-06,0.000111624749036,0.000168669679538,4.76044123752e-05,6.24797545118e-06,1.5994817155e-11,6.24797545118e-06,0.0319433851029,0.951718507791,0.0159852163318
