run_ID,t1_initial,t2_initial,t3_initial,t4_initial,t5_initial,t6_initial,t7_initial,t8_initial,t9_initial,t10_initial,t11_initial,t12_initial,alpha,prior_cost_c,lambda,k,sample_amount,learning_parameter,generations,t1_final,t2_final,t3_final,t4_final,t5_final,t6_final,t7_final,t8_final,t9_final,t10_final,t11_final,t12_final
0,0.049258951914,0.238314296511,0.0726964700059,0.0707736954561,0.037707158181,0.0138228468971,0.00248605261135,0.225008316489,0.0191814187512,0.0667175006839,0.0959195641212,0.108113728379,1,0.9,30,9,1,1,20,0.00754115277189,0.000754115277189,0.00754115277189,0.0318065294702,0.0162559754397,0.0106938239016,0.00754115277189,0.000754115277189,0.00754115277189,0.238221253068,0.433128759018,0.23822081746
1,0.0256292003482,0.0546968590544,0.0023713808152,0.140601359974,0.0644522709512,0.211906478686,0.0507453502466,0.133574996105,0.192578695872,0.0860846151996,0.0275844867084,0.00977430603905,1,0.9,30,9,1,1,20,0.00906154029487,0.000906154029487,0.00906154029487,0.0258095771704,0.01036134759,0.0137852603847,0.00906154029487,0.000906154029487,0.00906154029487,0.238853699526,0.434278481349,0.238853164742
2,0.155378546096,0.000960515297338,0.0362696330925,0.0173448145462,0.0233527502517,0.0406912998237,0.039806765606,0.0730183554793,0.370141789989,0.154531137629,0.0711510819048,0.0173533102847,1,0.9,30,9,1,1,20,0.00895488122968,0.000895488122968,0.00895488122968,0.0184192877946,0.0125854660105,0.007647914798,0.00895488122968,0.000895488122968,0.00895488122968,0.241931566204,0.439874363889,0.241930900139
3,0.104449229354,0.019427652033,0.0475190201254,0.105038537352,0.204162956739,0.149999739997,0.0904278410913,0.0278446639549,0.069468788953,0.0815401273771,0.028921513897,0.0711999291261,1,0.9,30,9,1,1,20,0.00941783574204,0.000941783574204,0.00941783574204,0.020095454097,0.0120946316704,0.00944179585278,0.00941783574204,0.000941783574204,0.00941783574204,0.240642043545,0.437529783689,0.240641381029
4,0.0608732908534,0.0456299204389,0.00175445214126,0.000261223091469,0.0663908552001,0.148766020324,0.106984185433,0.0398169198111,0.0168208741574,0.494454766793,0.0168290830837,0.00141840867271,1,0.9,30,9,1,1,20,0.0021256609669,0.00021256609669,0.0021256609669,0.0159474127018,0.00885699526876,0.00364610355697,0.0021256609669,0.00021256609669,0.0021256609669,0.252115722708,0.458390961099,0.252115028604
5,0.407526219712,0.00709497352722,0.044738712484,0.017390195197,0.0370568211474,0.136317855128,0.0178368299568,0.263152831062,0.00417549097026,0.0290775425466,0.0104101456044,0.0252223826638,1,0.9,30,9,1,1,20,0.0179753742928,0.00179753742928,0.0179753742928,0.0350372601018,0.022734152807,0.01672643387,0.0179753742928,0.00179753742928,0.0179753742928,0.222620814072,0.404764365883,0.222620401236
6,0.0374120775615,0.0448315314122,0.0951436849338,0.058579817951,0.016425455884,0.201115685773,0.22521111279,0.00664178872074,0.0633287157638,0.0120747804079,0.00116202551349,0.238073323289,1,0.9,30,9,1,1,20,0.00970350437164,0.000970350437164,0.00970350437164,0.0195654637084,0.0193788632393,0.00573974041851,0.00970350437164,0.000970350437164,0.00970350437164,0.239528402716,0.435505039714,0.239527771843
7,0.0387983153347,0.0463218244394,0.233389598181,0.114741472138,0.14852622117,0.0616129744679,0.074991508453,0.0323679691077,0.0164842175687,0.0131172319622,0.0890362737175,0.13061239346,1,0.9,30,9,1,1,20,0.00905423284504,0.000905423284504,0.00905423284504,0.019279689481,0.011225926707,0.00917499995628,0.00905423284504,0.000905423284504,0.00905423284504,0.241553054302,0.439186162325,0.241552389279
8,0.0445540810633,0.170606530877,0.0677604240799,0.0396958069687,0.252544510731,0.00929975525312,0.114506420503,0.0911211801119,0.0535801241721,0.0284211502317,0.104433383639,0.023476632368,1,0.9,30,9,1,1,20,0.00940682387723,0.000940682387723,0.00940682387723,0.0187090641507,0.0169063953908,0.00774285604536,0.00940682387723,0.000940682387723,0.00940682387723,0.240201994425,0.436729696583,0.240201333121
9,0.00602560830503,0.155118829221,0.00607944287706,0.040559596365,0.151614009251,0.104178347642,0.00163506152824,0.166910443438,0.17398006361,0.0651080511345,0.027891801238,0.10089874539,1,0.9,30,9,1,1,20,0.00841316653109,0.000841316653109,0.00841316653109,0.0250957005527,0.0131442100784,0.0126353795959,0.00841316653109,0.000841316653109,0.00841316653109,0.23932624703,0.435137524718,0.239325638595
10,0.0147889105223,0.0327998606808,0.00153093028448,0.0517395827875,0.132431472473,0.0728324268775,0.155704741359,0.0590056185215,0.127623846183,0.0265117046546,0.0117062016059,0.313324704051,1,0.9,30,9,1,1,20,0.00811163822275,0.000811163822275,0.00811163822275,0.0212652620034,0.0173274741182,0.00740778448009,0.00811163822275,0.000811163822275,0.00811163822275,0.240934694058,0.438061874067,0.240934030737
11,0.141800897454,0.123339000402,0.136236019095,0.0476132031518,0.00584165983379,0.00827763673299,0.0361353953125,0.0241474063032,0.0312881455097,0.136076883307,0.0400325272478,0.269211225651,1,0.9,30,9,1,1,20,0.00650022156438,0.000650022156438,0.00650022156438,0.0169046087504,0.0097199210756,0.0083967836806,0.00650022156438,0.000650022156438,0.00650022156438,0.245582768448,0.446512895145,0.24558209233
12,0.0952066433937,0.10570362933,0.325452941415,0.0137520221808,0.197386412447,0.0459638533193,0.0530055146986,0.0220022425993,0.0629732190243,0.0285607434275,0.0123214573217,0.0376713208422,1,0.9,30,9,1,1,20,0.0142666301909,0.00142666301909,0.0142666301909,0.0333106578164,0.0199887113038,0.0142135535545,0.0142666301909,0.00142666301909,0.0142666301909,0.228529796676,0.415508021837,0.22852941201
13,0.234274983503,0.0236032606828,0.0202541954864,0.0893112691492,0.0105171954917,0.0607681745013,0.0543905501342,0.183938970915,0.0153121824163,0.118623812778,0.183800594458,0.00520481048341,1,0.9,30,9,1,1,20,0.00916535128376,0.000916535128376,0.00916535128376,0.0215717985869,0.0141884672313,0.00907535546214,0.00916535128376,0.000916535128376,0.00916535128376,0.240080700635,0.436509163028,0.240080039665
14,0.00099297193171,0.145534364275,0.106033219545,0.134704096981,0.0562251600126,0.0382823676049,0.0833318784469,0.0501260271223,0.048734037797,0.186747920549,0.000983379576779,0.148304576157,1,0.9,30,9,1,1,20,0.00988851782237,0.000988851782237,0.00988851782237,0.0177568513927,0.0186747253222,0.00525817898763,0.00988851782237,0.000988851782237,0.00988851782237,0.240109134676,0.436560861141,0.240108473627
15,0.465221296786,0.0292118083312,0.014449194438,0.056511050572,0.100096442586,0.0122167623401,0.0207503363864,0.209709545144,0.00514505139376,0.0120230995159,0.0498089275154,0.0248564849913,1,0.9,30,9,1,1,20,0.0120404171311,0.00120404171311,0.0120404171311,0.03103515544,0.022117037893,0.0183393927665,0.0120404171311,0.00120404171311,0.0120404171311,0.229936783471,0.418065728051,0.229936150428
16,0.048804025349,0.039897049315,0.0351039210311,0.00933396127466,0.0246788870724,0.0556047109483,0.0192961772912,0.190061822433,0.155191903818,0.270238853,0.0462465626719,0.105542125795,1,0.9,30,9,1,1,20,0.00769297598773,0.000769297598773,0.00769297598773,0.0272147844385,0.0153051104453,0.00918986452508,0.00769297598773,0.000769297598773,0.00769297598773,0.239899851698,0.436180574029,0.239899315716
17,0.0288419353549,0.142529944801,0.127239286513,0.0176220368829,0.0018558928748,0.0249538778388,0.111397054341,0.104244109247,0.0755796416892,0.309220434137,0.0129261954865,0.0435895908339,1,0.9,30,9,1,1,20,0.0033820087457,0.00033820087457,0.0033820087457,0.0159680511542,0.00586604205443,0.00489153703554,0.0033820087457,0.00033820087457,0.0033820087457,0.251185492883,0.456699638801,0.25118480134
18,0.015247623506,0.0416481151705,0.061815423332,0.0910223219379,0.013108314291,0.328911958914,0.0813339549867,0.0294622380161,0.00759298284001,0.203627464343,0.0711595846178,0.0550700180452,1,0.9,30,9,1,1,20,0.00876308793826,0.000876308793826,0.00876308793826,0.0195579258595,0.00811929846612,0.0119660879148,0.00876308793826,0.000876308793826,0.00876308793826,0.241883084441,0.43978621547,0.241882418508
19,0.0203658739362,0.151349244894,0.0223232208035,0.0441313223143,0.0397578030039,0.118559361135,0.0463206525339,0.194636130387,0.0896663945974,0.052483223579,0.0237427058249,0.19666406699,1,0.9,30,9,1,1,20,0.00303557474905,0.000303557474905,0.00303557474905,0.0168949074313,0.00529208873798,0.00708878087307,0.00303557474905,0.000303557474905,0.00303557474905,0.250898674107,0.456178151552,0.250897983353
20,0.000327516047956,0.0639404175173,0.12285752262,0.0969131939415,0.231403403302,0.152681726841,0.0621396592747,0.0620624376261,0.00567278267163,0.0561962350722,0.0796470001613,0.0661581049257,1,0.9,30,9,1,1,20,0.00862125786807,0.000862125786807,0.00862125786807,0.0240378202768,0.0208712376176,0.00642955196025,0.00862125786807,0.000862125786807,0.00862125786807,0.238975983984,0.434500724591,0.238975398525
21,0.00361329647859,0.00518425742493,0.00325268644009,0.132663442839,0.124679095169,0.0110151103053,0.0666778467198,0.0435502983791,0.155525018992,0.0818261668143,0.0665460961748,0.305466684262,1,0.9,30,9,1,1,20,0.00843703807286,0.000843703807286,0.00843703807286,0.0235975204905,0.0133284153238,0.00952843463766,0.00843703807286,0.000843703807286,0.00843703807286,0.240457805651,0.437195009026,0.240457254964
22,0.221467676951,0.0137556668711,0.0951018613634,0.0791246489587,0.22171694625,0.0272643093078,0.0114739828833,0.0399453196782,0.094956005083,0.0904610038379,0.0908780482452,0.0138545305702,1,0.9,30,9,1,1,20,0.00949697772782,0.000949697772782,0.00949697772782,0.019046128326,0.0143824784568,0.00723914675786,0.00949697772782,0.000949697772782,0.00949697772782,0.240807497432,0.43783060811,0.240806834461
23,0.473136440822,0.0374771306268,0.0687631738386,0.0377607633179,0.0397872525484,0.0129779638625,0.00617593496043,0.116404669538,0.00249211594571,0.0916888157352,0.00850943723905,0.104826301566,1,0.9,30,9,1,1,20,0.00826662695123,0.000826662695123,0.00826662695123,0.0204708244662,0.00853835445357,0.0161854806713,0.00826662695123,0.000826662695123,0.00826662695123,0.240975265375,0.438135639896,0.240974601943
24,0.0711603027399,0.0397070077561,0.0571820717137,0.0436771885235,0.0154692591976,0.140926317089,0.12665380792,0.0933223462987,0.0334760561589,0.0585280016976,0.0336197440421,0.286277896862,1,0.9,30,9,1,1,20,0.0096965069358,0.00096965069358,0.0096965069358,0.0156889445668,0.0103835444484,0.00563123728454,0.0096965069358,0.00096965069358,0.0096965069358,0.242935741048,0.441700131305,0.242935072218
25,0.0430208756225,0.0370767228786,0.0865558962754,0.0494812387065,0.149822235288,0.0906994634284,0.232410309626,0.0190344129236,0.000333433256356,0.139734068374,0.131883775576,0.0199475680453,1,0.9,30,9,1,1,20,0.00837743628778,0.000837743628778,0.00837743628778,0.019651813817,0.0143599314006,0.00859583513324,0.00837743628778,0.000837743628778,0.00837743628778,0.241530944607,0.439145962989,0.241530279644
26,0.0982802809334,0.00841807675043,0.240698125017,0.0628488122395,0.00839914443786,0.00414181097175,0.0628977803514,0.0668376903959,0.0603996988907,0.0738157187934,0.0966497132847,0.216613147934,1,0.9,30,9,1,1,20,0.00863270059664,0.000863270059664,0.00863270059664,0.0247738794137,0.0168649563887,0.0112358869867,0.00863270059664,0.000863270059664,0.00863270059664,0.238561057122,0.433746372634,0.238560504949
27,0.0767993050046,0.000559203960452,0.119964211127,0.251900247118,0.0018831807718,0.164121793651,0.0175421278377,0.0409846216716,0.113336678801,0.0822862111634,0.11594692192,0.0146754969738,1,0.9,30,9,1,1,20,0.00896754562706,0.000896754562706,0.00896754562706,0.0210209811282,0.0186224238245,0.0064304720596,0.00896754562706,0.000896754562706,0.00896754562706,0.239973965281,0.436315139402,0.239973326671
28,0.0406338580622,0.0195383891272,0.0575568041301,0.188987438755,0.122280763546,0.109568927972,0.0554192787885,0.00237674932495,0.0725054602902,0.0671968458908,0.137669054883,0.12626642923,1,0.9,30,9,1,1,20,0.00810858598296,0.000810858598296,0.00810858598296,0.0266592678142,0.0190692951568,0.00844762271716,0.00810858598296,0.000810858598296,0.00810858598296,0.238796708491,0.434174867544,0.238796177149
29,0.0854702659488,0.0816418517335,0.165621513904,0.179672278023,0.0860963459296,0.0806810394322,0.00719669444973,0.0135900442305,0.171497749987,0.0293025597049,0.0655042950309,0.0337253616262,1,0.9,30,9,1,1,20,0.0103581135502,0.00103581135502,0.0103581135502,0.0197983159589,0.0240779322951,0.00589145695217,0.0103581135502,0.00103581135502,0.0103581135502,0.237476920585,0.431775030515,0.237476266783
30,0.00675135748835,0.0708504852009,0.230297150344,0.0349122326341,0.0514120183475,0.116614364651,0.0923393586774,0.0289515688517,0.183309270094,0.0290614616454,0.15452045778,0.000980274286026,1,0.9,30,9,1,1,20,0.0100516851022,0.00100516851022,0.0100516851022,0.0182437829475,0.0188088551589,0.00554910600165,0.0100516851022,0.00100516851022,0.0100516851022,0.239690795711,0.435800246936,0.239690135815
31,0.0736788398931,0.114933936184,0.017748745943,0.120106107804,0.109974781682,0.00234139911969,0.195546093384,0.0934742198942,0.0302781324442,0.103469067695,0.0619282671737,0.0765204087832,1,0.9,30,9,1,1,20,0.00897078444802,0.000897078444802,0.00897078444802,0.0206137346778,0.0104225039519,0.00946010700202,0.00897078444802,0.000897078444802,0.00897078444802,0.241431184013,0.438964629467,0.241430546207
32,0.228850581561,0.14451045431,0.0620648960183,0.0232044726147,0.0156887192654,0.0337649920829,0.115079397321,0.160417254812,0.0992720568063,0.0112166692401,0.0336527475297,0.0722777584392,1,0.9,30,9,1,1,20,0.0103802004618,0.00103802004618,0.0103802004618,0.0181289641548,0.0238814846509,0.00441540940554,0.0103802004618,0.00103802004618,0.0103802004618,0.238327872353,0.433322211288,0.238327216208
33,0.0751133126967,0.00371688629882,0.203742552998,0.00251226469657,0.0247757645099,0.00476234096159,0.0672975492492,0.0489557232777,0.344302416816,0.192941895078,0.00929395454893,0.0225853388685,1,0.9,30,9,1,1,20,0.00845367554638,0.000845367554638,0.00845367554638,0.0269729444445,0.0194346508499,0.00965914125697,0.00845367554638,0.000845367554638,0.00845367554638,0.237921962204,0.432584428355,0.237921435595
34,0.0242031166648,0.122249048414,0.0160037732239,0.118337223929,0.0808601737155,0.180327408323,0.0805208134242,0.0982198045587,0.225263379937,0.00611324764586,0.0260017473065,0.0219002628572,1,0.9,30,9,1,1,20,0.0206774401793,0.00206774401793,0.0206774401793,0.0254461003403,0.054102153221,0.0132564052589,0.0206774401793,0.00206774401793,0.0206774401793,0.214853985762,0.390642649461,0.214853457204
35,0.172625501923,0.0127895333449,0.00537648728006,0.121807478409,0.0219822536869,0.0653231952747,0.100527641965,0.0260771061061,0.016921572772,0.252042984865,0.203979639788,0.000546604585412,1,0.9,30,9,1,1,20,0.00965855254973,0.000965855254973,0.00965855254973,0.0170100204918,0.0144005564939,0.00529593480416,0.00965855254973,0.000965855254973,0.00965855254973,0.241667234952,0.439393762935,0.241666569614
36,0.0376659421853,0.029162518805,0.223580927042,0.0888711393075,0.0390824494966,0.0176839052966,0.01744241724,0.0426077182043,0.0952531595045,0.229780437023,0.0990447328568,0.0798246530377,1,0.9,30,9,1,1,20,0.00877880082037,0.000877880082037,0.00877880082037,0.0204944871929,0.0143901480976,0.00752427418209,0.00877880082037,0.000877880082037,0.00877880082037,0.241141473752,0.438437840858,0.241140812472
37,0.342581820633,0.00215063220468,0.0103635052509,0.0358627633613,0.141407969661,0.0277655430804,0.0970380513968,0.0371092001626,0.0768759990344,0.0306974236631,0.0750903946935,0.123056696858,1,0.9,30,9,1,1,20,0.00879633241289,0.000879633241289,0.00879633241289,0.0198455735298,0.024317393014,0.0074606299357,0.00879633241289,0.000879633241289,0.00879633241289,0.238708815577,0.434014833425,0.238708158384
38,0.0966613898751,0.131895315225,0.00603924875752,0.376772061545,0.101340224146,0.0261076591429,0.0320657649561,0.00521421804246,0.0627435125578,0.113629054178,0.0362350859599,0.0112964656139,1,0.9,30,9,1,1,20,0.00932298031651,0.000932298031651,0.00932298031651,0.0233491510707,0.0194669240535,0.00813509421972,0.00932298031651,0.000932298031651,0.00932298031651,0.238305613932,0.433281741545,0.23830495785
39,0.0814284091536,0.0538356418383,0.0848136901879,0.0719494551049,0.102557502549,0.115911481621,0.0175155736514,0.173371308576,0.0102882109204,0.203096948055,0.0647975777724,0.0204342005699,1,0.9,30,9,1,1,20,0.0092111784935,0.00092111784935,0.0092111784935,0.0179349498763,0.0118484128179,0.00863086510399,0.0092111784935,0.00092111784935,0.0092111784935,0.241712087551,0.439475312889,0.241711422089
40,0.0411781733658,0.0179970446882,0.0831631256129,0.0159426144196,0.227499837765,0.0677397574852,0.0319750933793,0.0217039886589,0.372583719288,0.0763783324126,0.0380657899739,0.00577252295113,1,0.9,30,9,1,1,20,0.0108589614705,0.00108589614705,0.0108589614705,0.0171762417919,0.0140312488836,0.00697292593331,0.0108589614705,0.00108589614705,0.0108589614705,0.239960758981,0.436291087893,0.239960098341
41,0.112863839844,0.0706453724646,0.0298147724268,0.0273107639403,0.180218710752,0.0920486054519,0.0143870085498,0.21067361063,0.0739538727023,0.000840533853323,0.114661129308,0.0725817800769,1,0.9,30,9,1,1,20,0.0094569053283,0.00094569053283,0.0094569053283,0.020719289789,0.0154942494415,0.0087269564218,0.0094569053283,0.00094569053283,0.0094569053283,0.239732523381,0.435876115218,0.23973186337
42,0.104002162419,0.289811413568,0.025975132443,0.0788103889134,0.126827461077,0.0332968944972,0.0235027592558,0.0722929211803,0.0264541266132,0.00697810749957,0.064148747964,0.147899884569,1,0.9,30,9,1,1,20,0.00928396251215,0.000928396251215,0.00928396251215,0.0200740992272,0.010892420376,0.00930080822922,0.00928396251215,0.000928396251215,0.00928396251215,0.241146688258,0.438447317006,0.241146024353
43,0.0552008053167,0.0333892026428,0.26673022362,0.0296121273858,0.012838898939,0.0907183679487,0.0165912407298,0.057541150675,0.264386410259,0.082014579895,0.0622281194566,0.0287488731318,1,0.9,30,9,1,1,20,0.00868041358305,0.000868041358305,0.00868041358305,0.0222916552345,0.0263012936594,0.00893147350506,0.00868041358305,0.000868041358305,0.00868041358305,0.237290869001,0.43143675584,0.237290215712
44,0.0393511664778,0.221539755527,0.00673697842498,0.0446620163385,0.0886882361746,0.0240679452293,0.0574921936346,0.0342031500358,0.0542728264392,0.190585752987,0.0418982339901,0.19650174474,1,0.9,30,9,1,1,20,0.00865992657736,0.000865992657736,0.00865992657736,0.0219717910004,0.0152959264428,0.00647276424929,0.00865992657736,0.000865992657736,0.00865992657736,0.240923473844,0.438041517961,0.240922834878
45,0.253623029167,0.00535141360146,0.0217291840374,0.00475924866593,0.024796346845,0.08577847241,0.0189652440953,0.207673743341,0.0665860490853,0.019792956545,0.270083169652,0.0208611425538,1,0.9,30,9,1,1,20,0.00972666168047,0.000972666168047,0.00972666168047,0.0162061150375,0.0115262401446,0.00627720159731,0.00972666168047,0.000972666168047,0.00972666168047,0.242298661551,0.440541808136,0.242297994475
46,0.0236981217373,0.125957505752,0.0412847937994,0.0672762833581,0.0564914235289,0.0436656838913,0.0369886548664,0.409143885334,0.0257601928528,0.0302590385971,0.00389347424282,0.13558094204,1,0.9,30,9,1,1,20,0.010001852007,0.0010001852007,0.010001852007,0.0178042373105,0.0112537742322,0.0109529535382,0.010001852007,0.0010001852007,0.010001852007,0.240424150971,0.437133616464,0.240423489055
47,0.0549876024784,0.163720472598,0.0350691985001,0.330216148243,0.0875527254004,0.000466558808135,0.0779000728087,0.0345072160641,0.0555462351386,0.0138747039192,0.0678372327016,0.0783218333398,1,0.9,30,9,1,1,20,0.00354550205977,0.000354550205977,0.00354550205977,0.0160334792768,0.00784142197568,0.00357797417294,0.00354550205977,0.000354550205977,0.00354550205977,0.250815180509,0.456026345429,0.250814489986
48,0.0605364029212,0.0580527471789,0.0824647163055,0.0597081216647,0.116228266447,0.0696162908466,0.0790097502675,0.123730333453,0.0158715885056,0.0446499935207,0.0272884562438,0.262843332645,1,0.9,30,9,1,1,20,0.00862680112226,0.000862680112226,0.00862680112226,0.0248704532354,0.0158005736776,0.0093799485452,0.00862680112226,0.000862680112226,0.00862680112226,0.239307151654,0.435102779467,0.239306528707
49,0.0922806660946,0.00776251735032,0.018688774892,0.103032850337,0.0359793488764,0.208020311938,0.049266655671,0.151178731511,0.0283621631214,0.199627697094,0.0388905993671,0.0669096837469,1,0.9,30,9,1,1,20,0.00700710600763,0.000700710600763,0.00700710600763,0.0160049797382,0.0096929186101,0.0059344303522,0.00700710600763,0.000700710600763,0.00700710600763,0.24591278749,0.447112928115,0.245912110463
50,0.144163897328,0.0142612376323,0.0478430779327,0.324266946015,0.0175213699539,0.116966475588,0.0741607585005,0.0275443348102,0.0119826316388,0.0738298469062,0.126361100706,0.0210983229883,1,0.9,30,9,1,1,20,0.00948533404124,0.000948533404124,0.00948533404124,0.017278341144,0.00922963218204,0.00787903011349,0.00948533404124,0.000948533404124,0.00948533404124,0.242465251716,0.440844736691,0.24246460518
51,0.172053464065,0.00688536308836,0.0126819537008,0.0394354568216,0.121876212401,0.0426718259372,0.03855565931,0.0378945752217,0.0881674099979,0.310656443785,0.0835462928237,0.0455753428485,1,0.9,30,9,1,1,20,0.00905879997035,0.000905879997035,0.00905879997035,0.0187250454171,0.0153511531891,0.00647107673874,0.00905879997035,0.000905879997035,0.00905879997035,0.241321047822,0.438764333521,0.241320383437
52,0.00853416061764,0.00881914443865,0.072291586009,0.132168421079,0.00420761110701,0.349577215005,0.0995123811517,0.127434374846,0.0269755335341,0.0156936497707,0.0631893208056,0.0915966016355,1,0.9,30,9,1,1,20,0.00903794537914,0.000903794537914,0.00903794537914,0.0231792972893,0.0135837116807,0.0109483822017,0.00903794537914,0.000903794537914,0.00903794537914,0.239467668056,0.435394561407,0.239467008774
53,0.00961079891591,0.166095258202,0.0100935642211,0.164169772587,0.0749894562766,0.0337909034644,0.0928555570217,0.00821524372716,0.0180003665241,0.182867720772,0.112980732054,0.126330626234,1,0.9,30,9,1,1,20,0.00918129058814,0.000918129058814,0.00918129058814,0.019329682886,0.0121356967988,0.00865005283895,0.00918129058814,0.000918129058814,0.00918129058814,0.241299409789,0.438724991753,0.241298745464
54,0.0020588791724,0.0453262226946,0.00830190774372,0.0231697210574,0.083561031258,0.0317552006691,0.118618656148,0.214922023801,0.0497816756738,0.0166684964194,0.38634201756,0.0194941678019,1,0.9,30,9,1,1,20,0.00973219155707,0.000973219155707,0.00973219155707,0.0165368154088,0.0124923967007,0.0076382631299,0.00973219155707,0.000973219155707,0.00973219155707,0.241596455759,0.439265073847,0.241595790616
55,0.357284432851,0.0763198738273,0.165259089513,0.011589185572,0.068575570024,0.0756106250981,0.0152270178161,0.0523337578967,0.0383406516,0.0816807508764,0.0299540276569,0.0278250172682,1,0.9,30,9,1,1,20,0.00946023493372,0.000946023493372,0.00946023493372,0.0231487758593,0.0203240249764,0.00632098135692,0.00946023493372,0.000946023493372,0.00946023493372,0.238457737413,0.433558383015,0.238457110658
56,0.0019117002621,0.155376958733,0.0500680229632,0.0535087682004,0.033065976292,0.0437354737001,0.0153970073845,0.109048620682,0.233208625932,0.00300767719575,0.273918254935,0.0277529137191,1,0.9,30,9,1,1,20,0.00913984323165,0.000913984323165,0.00913984323165,0.0170129082645,0.0279989845213,0.00311183520968,0.00913984323165,0.000913984323165,0.00913984323165,0.239247586993,0.434994415122,0.239246928317
57,0.000868937982984,0.109691673554,0.193024793813,0.0779726052929,0.00706650863202,0.0091699527746,0.0177281683283,0.0860244045333,0.0346227774615,0.398533335294,0.0423204737085,0.0229763686251,1,0.9,30,9,1,1,20,0.00786953268117,0.000786953268117,0.00786953268117,0.0235196190456,0.0191434419654,0.0070164050788,0.00786953268117,0.000786953268117,0.00786953268117,0.240237475395,0.436794207261,0.240236813993
58,0.119090450384,0.0162136047112,0.00736047814552,0.0605912647628,0.0574467038796,0.125276304241,0.140540145863,0.0797801860855,0.0535644792881,0.187029567063,0.0735991289686,0.079507686607,1,0.9,30,9,1,1,20,0.00939342249744,0.000939342249744,0.00939342249744,0.0198900446723,0.0121802314883,0.0078757257882,0.00939342249744,0.000939342249744,0.00939342249744,0.24111041572,0.438381424414,0.241109783428
59,0.0666219290404,0.0297321470372,0.0136560454454,0.0185232153079,0.327527353894,0.0558109302357,0.0441295002277,0.0133045514884,0.200114606338,0.0360737225501,0.0332280159444,0.161277982491,1,0.9,30,9,1,1,20,0.00873499704272,0.000873499704272,0.00873499704272,0.0198967890203,0.0151163173445,0.0106942557789,0.00873499704272,0.000873499704272,0.00873499704272,0.240325777715,0.436954756491,0.24032511607
60,0.0435761354248,0.0267948474968,0.0865569855366,0.0323337885245,0.100419528552,0.128121292369,0.00982488492083,0.240363577258,0.0355117142498,0.0533186020095,0.0403442437363,0.202834399921,1,0.9,30,9,1,1,20,0.00783286816176,0.000783286816176,0.00783286816176,0.025636913675,0.0105152708931,0.0137804463962,0.00783286816176,0.000783286816176,0.00783286816176,0.240211408687,0.436747041335,0.240210872734
61,0.00457127985926,0.00820511486286,0.117135820133,0.24253871935,0.0442404237576,0.0102032192618,0.0892093577934,0.371211675449,0.0213254324096,0.0144243696701,0.0565980046037,0.0203365828493,1,0.9,30,9,1,1,20,0.0114124616639,0.00114124616639,0.0114124616639,0.027573993918,0.0219800187719,0.0111815101582,0.0114124616639,0.00114124616639,0.0114124616639,0.233444605797,0.424443569268,0.233443963098
62,0.106672506767,0.100215146051,0.00953894523176,0.128098965598,0.187356147556,0.0811181538754,0.140676952415,0.0153259421778,0.00757768758887,0.16241716281,0.00153407478627,0.0594683151431,1,0.9,30,9,1,1,20,0.00981481049746,0.000981481049746,0.00981481049746,0.0192031139151,0.0165610922136,0.00823072117392,0.00981481049746,0.000981481049746,0.00981481049746,0.239586476252,0.435610575714,0.239585816643
63,0.0244815192349,0.0627404999384,0.18130922671,0.00101039483238,0.215625698606,0.0377752822392,0.117234100274,0.0537761677127,0.10326500514,0.0668272719465,0.0415321177881,0.0944227155781,1,0.9,30,9,1,1,20,0.00953952023669,0.000953952023669,0.00953952023669,0.0183063542035,0.0172896026202,0.00585623669108,0.00953952023669,0.000953952023669,0.00953952023669,0.240555251595,0.437371980578,0.240554589318
64,0.0663016338225,0.0751164489891,0.20069656952,0.0111293765872,0.206735898303,0.000273994604461,0.132671120802,0.0957633037573,0.0526890080722,0.044183420751,0.0945614528126,0.0198777719791,1,0.9,30,9,1,1,20,0.00870934959724,0.000870934959724,0.00870934959724,0.0244129807576,0.0173654449432,0.0118400265807,0.00870934959724,0.000870934959724,0.00870934959724,0.238281998959,0.433238890613,0.238281389837
65,0.034497157045,0.0495301846672,0.109585464543,0.117225321091,0.0693802388552,0.0291143233778,0.0899390321446,0.297391843755,0.0481626533145,0.0999866010709,0.0448824649268,0.0103047152086,1,0.9,30,9,1,1,20,0.00964769969337,0.000964769969337,0.00964769969337,0.0169267660366,0.0185385152423,0.0063416861697,0.00964769969337,0.000964769969337,0.00964769969337,0.240343336779,0.436986681974,0.240342675086
66,0.112503867908,0.0995349324998,0.0544747378676,0.0146711585279,0.135809521763,0.109001652438,0.0736149548509,0.0362678359624,0.182784260764,0.00383260229713,0.10418839379,0.0733160813315,1,0.9,30,9,1,1,20,0.00926267431293,0.000926267431293,0.00926267431293,0.0165923852575,0.0174620514933,0.00570345303957,0.00926267431293,0.000926267431293,0.00926267431293,0.241303529845,0.438732482742,0.241302865508
67,0.12636731713,0.00195735935756,0.0890024288651,0.0990259416398,0.103174522085,0.117744925793,0.100550381972,0.0992786448806,0.0631840508892,0.036643099122,0.0535513395556,0.109519988711,1,0.9,30,9,1,1,20,0.0080453599661,0.00080453599661,0.0080453599661,0.0271824481255,0.0106601911901,0.0134563303236,0.0080453599661,0.00080453599661,0.0080453599661,0.239619807183,0.435671426658,0.239619284662
68,0.0196227885398,0.0582302767704,0.209028486603,0.0474342647485,0.0435892013571,0.125987500263,0.137623048126,0.0011831998907,0.0682370198524,0.0179307435929,0.264754521339,0.00637894891759,1,0.9,30,9,1,1,20,0.00794392346703,0.000794392346703,0.00794392346703,0.0221560153371,0.0195510236241,0.00795746533806,0.00794392346703,0.000794392346703,0.00794392346703,0.24015951372,0.436652582851,0.240158920568
69,0.00649058222292,0.0529708397388,0.0535676158883,0.154782593735,0.0681657143897,0.0757652127761,0.0462753821701,0.102525684191,0.0910764407911,0.271382141808,0.0720592227139,0.0049385695748,1,0.9,30,9,1,1,20,0.00334809790385,0.000334809790385,0.00334809790385,0.016377516406,0.00487481643047,0.00598499924191,0.00334809790385,0.000334809790385,0.00334809790385,0.251088777465,0.456523793071,0.251088086189
70,0.0721123901219,0.00871574506514,0.0551492699294,0.177559358808,0.249529012665,0.058909479398,0.0258882051935,0.0601328419472,0.0656127668404,0.0407734272005,0.0601543885943,0.125463114237,1,0.9,30,9,1,1,20,0.00859261703831,0.000859261703831,0.00859261703831,0.024392832778,0.0094483329714,0.0146166943602,0.00859261703831,0.000859261703831,0.00859261703831,0.239761943918,0.435929809298,0.239761395114
71,0.0228302247061,0.0409905282485,0.109418304334,0.118277807907,0.15716395716,0.0855266676754,0.00680807067147,0.0817691935785,0.0939539409283,0.0170861038642,0.186781266202,0.0793939347239,1,0.9,30,9,1,1,20,0.00829202004512,0.000829202004512,0.00829202004512,0.0238223002991,0.0154163432327,0.00712866844739,0.00829202004512,0.000829202004512,0.00829202004512,0.240640120973,0.43752650507,0.240639577789
72,0.0201114371087,0.0548217523062,0.332671459335,0.0264477351559,0.0675743867576,0.0954201750638,0.154534685017,0.0294811444711,0.0328671690783,0.018579807197,0.0119575283612,0.155532720147,1,0.9,30,9,1,1,20,0.0090284912287,0.00090284912287,0.0090284912287,0.0220014962214,0.0135361701848,0.0121861963736,0.0090284912287,0.00090284912287,0.0090284912287,0.239474801262,0.435407530837,0.23947414196
73,0.00120682274653,0.309138512718,0.00246255041624,0.062476463114,0.191844819947,0.0788944585896,0.0148316680528,0.0330252654508,0.0506946997353,0.162062556872,0.0838205396364,0.009541642722,1,0.9,30,9,1,1,20,0.00821216533978,0.000821216533978,0.00821216533978,0.0238248380017,0.0180655660203,0.00958052624444,0.00821216533978,0.000821216533978,0.00821216533978,0.239391336894,0.43525589575,0.239390742662
74,0.0485976632243,0.0809985527003,0.102290350896,0.0575882373232,0.0269681384354,0.115681913294,0.036302803657,0.020279407557,0.273825996112,0.165350956425,0.0396808812139,0.0324350991619,1,0.9,30,9,1,1,20,0.00950799989553,0.000950799989553,0.00950799989553,0.0207256303184,0.0198185787047,0.00673835853178,0.00950799989553,0.000950799989553,0.00950799989553,0.239062918213,0.434658654627,0.239062260045
75,0.10427544206,0.0739845388941,0.0987147218723,0.0332245607605,0.00630843294584,0.123553392709,0.113908418237,0.138240784956,0.142390265441,0.0697098457464,0.0660424729723,0.0296471234056,1,0.9,30,9,1,1,20,0.0100933985646,0.00100933985646,0.0100933985646,0.0167735532354,0.00630524800214,0.0111289220743,0.0100933985646,0.00100933985646,0.0100933985646,0.241843349295,0.43971396995,0.241842683472
76,0.0634391681819,0.011284983773,0.132851346321,0.0518328099631,0.235698437617,0.086428731058,0.0597916615729,0.0225957231571,0.122542601456,0.17768101302,0.0206189343552,0.0152345895237,1,0.9,30,9,1,1,20,0.00801132583942,0.000801132583942,0.00801132583942,0.0228777904549,0.010170593635,0.0163894701961,0.00801132583942,0.000801132583942,0.00801132583942,0.240144713543,0.436625718481,0.240144145164
77,0.117206070941,0.0311131676088,0.0319818575755,0.140640544001,0.0147254020066,0.130077622481,0.0129067089158,0.0199259276592,0.0998310986948,0.0407970308915,0.228379368539,0.132415200686,1,0.9,30,9,1,1,20,0.00870017870612,0.000870017870612,0.00870017870612,0.0165641195697,0.0167524771395,0.00700791457395,0.00870017870612,0.000870017870612,0.00870017870612,0.241773875101,0.439587653581,0.241773209469
78,0.129268767197,0.239564277991,0.066497200913,0.0805194034971,0.0319983613303,0.0304905531897,0.00442796654432,0.157434290771,0.0539080005716,0.155302359361,0.0484234910833,0.00216532755094,1,0.9,30,9,1,1,20,0.00969606482431,0.000969606482431,0.00969606482431,0.0209839155442,0.0146901592726,0.00911428305645,0.00969606482431,0.000969606482431,0.00969606482431,0.239509293091,0.43547024308,0.239508633694
79,0.218778346324,0.179237476404,0.0590927806446,0.00915584690868,0.161831100664,0.0149560478747,0.125588449507,0.0111376535292,0.0669773012586,0.0183315573617,0.0109103972437,0.124003042279,1,0.9,30,9,1,1,20,0.0044495453124,0.00044495453124,0.0044495453124,0.0167603799333,0.0202026064909,0.00350048105582,0.0044495453124,0.00044495453124,0.0044495453124,0.246413187972,0.448022744668,0.246412509568
80,0.0891434622273,0.110135190755,0.141664837548,0.121951312003,0.000849712572871,0.0550556617376,0.303155294981,0.0405905920725,0.0466604297938,0.0118745573581,0.016986368239,0.0619325807123,1,0.9,30,9,1,1,20,0.0135225564891,0.00135225564891,0.0135225564891,0.0318964843646,0.0396922980902,0.00814754635816,0.0135225564891,0.00135225564891,0.0135225564891,0.226146957589,0.411175468609,0.226146507735
81,0.0962273838981,0.0154253292214,0.151769228574,0.0465007188911,0.228059460471,0.104208169924,0.00965917422245,0.129795711883,0.0543461107611,0.0529451640587,0.0130046104935,0.098058937602,1,0.9,30,9,1,1,20,0.00933751326733,0.000933751326733,0.00933751326733,0.0219342051807,0.0185602021555,0.0128792084808,0.00933751326733,0.000933751326733,0.00933751326733,0.237655176098,0.432099130556,0.237654521806
82,0.0520852688334,0.056800297539,0.117044559317,0.190387207551,0.182940898067,0.0567838536968,0.189849123193,0.00931065468724,0.0094239698712,0.00898745383575,0.0425000109003,0.0838867025088,1,0.9,30,9,1,1,20,0.00918218211747,0.000918218211747,0.00918218211747,0.020471447078,0.0181390067721,0.00675470647033,0.00918218211747,0.000918218211747,0.00918218211747,0.239923497602,0.436223340119,0.239922837065
83,0.00120357497308,0.0107895919285,0.0327967696967,0.00268826216965,0.0664438135559,0.136113679303,0.0261906871526,0.222299655965,0.203940087753,0.0254636323456,0.218219371652,0.0538508735045,1,0.9,30,9,1,1,20,0.00982273930715,0.000982273930715,0.00982273930715,0.0195854659069,0.0163187114737,0.00882840880349,0.00982273930715,0.000982273930715,0.00982273930715,0.239384539194,0.435243464214,0.239383905318
84,0.0139387425389,0.0783109253073,0.0528732653592,0.0329684839299,0.0830290047588,0.0985704647671,0.0815904396034,0.0486427509948,0.0300311983596,0.0551906476387,0.389391053237,0.0354630235056,1,0.9,30,9,1,1,20,0.0097854435054,0.00097854435054,0.0097854435054,0.0174183694259,0.0106275105701,0.00631231650425,0.0097854435054,0.00097854435054,0.0097854435054,0.242142690824,0.440258225776,0.242142024177
85,0.00831700889674,0.266498446397,0.0894025699453,0.0877630080781,0.0685338254166,0.167004743564,0.00690549743736,0.0227428729239,0.112257897997,0.0797025051139,0.0814642471692,0.00940737706196,1,0.9,30,9,1,1,20,0.00843604869704,0.000843604869704,0.00843604869704,0.0300974045529,0.0275746371867,0.00716306596475,0.00843604869704,0.000843604869704,0.00843604869704,0.235644866677,0.428444271672,0.23564434942
86,0.0912456726334,0.161888616975,0.0121269024739,0.0303118820498,0.0637495911232,0.023441685345,0.0404046713507,0.073094677283,0.150071900229,0.146046967051,0.074736188217,0.132881245269,1,0.9,30,9,1,1,20,0.00806337101498,0.000806337101498,0.00806337101498,0.0210972685103,0.0184713346125,0.00640320950663,0.00806337101498,0.000806337101498,0.00806337101498,0.240995305094,0.438172080009,0.240994644005
87,0.0381310229654,0.00720249908576,0.0439036593488,0.112183727479,0.175368888557,0.122600224165,0.143008336169,0.0868349399823,0.0318112517288,0.0206871716917,0.00826119198786,0.210007086839,1,0.9,30,9,1,1,20,0.00812947992843,0.000812947992843,0.00812947992843,0.0344476794576,0.0274981784439,0.00837549394862,0.00812947992843,0.000812947992843,0.00812947992843,0.234545119711,0.426444975961,0.234544736779
88,0.0277235111953,0.313695257762,0.061159927248,0.107484525418,0.0293578790992,0.106485927547,0.0397306639541,0.181586760434,0.0103812503683,0.0279583357696,0.0561537029092,0.0382822582954,1,0.9,30,9,1,1,20,0.0116520855186,0.00116520855186,0.0116520855186,0.0179341491155,0.0234768876341,0.00676791435339,0.0116520855186,0.00116520855186,0.0116520855186,0.236469627296,0.429943653176,0.236469009247
89,0.116244111406,0.00127251839085,0.161588325376,0.0541287338712,0.0428433360043,0.0890832833382,0.0266909602487,0.026223569889,0.0388417980002,0.0737023543812,0.0840157329829,0.285365276112,1,0.9,30,9,1,1,20,0.00945216717896,0.000945216717896,0.00945216717896,0.0197791079893,0.019909041332,0.00783829903593,0.00945216717896,0.000945216717896,0.00945216717896,0.239060460652,0.434654186348,0.239059802491
90,0.0877416674728,0.0493921011862,0.0496385337666,0.0217266262668,0.198421807057,0.046541469548,0.119226380884,0.0715665311167,0.020274225946,0.206352119545,0.122733786465,0.00638475074649,1,0.9,30,9,1,1,20,0.00931518952941,0.000931518952941,0.00931518952941,0.0201948574311,0.0302009780631,0.00624967741937,0.00931518952941,0.000931518952941,0.00931518952941,0.236822805088,0.430585732887,0.236822153088
91,0.083498101644,0.0267271446423,0.0715419746958,0.140744516148,0.140350542014,0.117735929565,0.0307071943853,0.0386240229058,0.0118604666466,0.00996860460584,0.318541676064,0.00969982668395,1,0.9,30,9,1,1,20,0.00768057929501,0.000768057929501,0.00768057929501,0.0262057045089,0.0208862181074,0.00772267079701,0.00768057929501,0.000768057929501,0.00768057929501,0.239100354709,0.434726850864,0.239099767975
92,0.0303699224698,0.165327623363,0.0426815208928,0.0882952748661,0.118986876109,0.0310830485192,0.0336575487097,0.130844927343,0.0188888120823,0.0510147903892,0.0826129768857,0.206236678371,1,0.9,30,9,1,1,20,0.0108607624975,0.00108607624975,0.0108607624975,0.0189710521631,0.0231550773233,0.0049396389893,0.0108607624975,0.00108607624975,0.0108607624975,0.237631657153,0.432056368956,0.237631002926
93,0.110118523475,0.0971049367801,0.00273694381193,0.0658289806879,0.279199712077,0.000172798306374,0.00651107002951,0.136058100367,0.0949138344517,0.129274970328,0.0454915026591,0.0325886270261,1,0.9,30,9,1,1,20,0.00983181530237,0.000983181530237,0.00983181530237,0.0190961803146,0.0225306603972,0.00648070289488,0.00983181530237,0.000983181530237,0.00983181530237,0.238490654946,0.433618178824,0.238489998353
94,0.11189979924,0.0501225143159,0.00758427619848,0.0626649277712,0.011279850726,0.0330297480192,0.0764309095171,0.219976726194,0.197983536759,0.121725971468,0.016917584674,0.0903841551166,1,0.9,30,9,1,1,20,0.00990757982362,0.000990757982362,0.00990757982362,0.01741686229,0.0105355071412,0.00618600609538,0.00990757982362,0.000990757982362,0.00990757982362,0.242065895058,0.440118641391,0.242065252765
95,0.0571564038995,0.106087181632,0.0194755295449,0.0108519311418,0.342074102035,0.102319200874,0.0525324029261,0.112713315,0.0509088842857,0.00142173567462,0.121275156502,0.0231841564849,1,0.9,30,9,1,1,20,0.00424020250208,0.000424020250208,0.00424020250208,0.0154621687096,0.00876799823048,0.00302882601447,0.00424020250208,0.000424020250208,0.00424020250208,0.250101787315,0.454729270465,0.250101098756
96,0.151160259391,0.0162725463575,0.0108341825094,0.1585350661,0.00393706257312,0.0436884621457,0.0875374254395,0.136319928961,0.00162599931747,0.0237686254301,0.186143311704,0.180177130072,1,0.9,30,9,1,1,20,0.00925747445034,0.000925747445034,0.00925747445034,0.0236238790333,0.0182121924434,0.0100229100302,0.00925747445034,0.000925747445034,0.00925747445034,0.238139891108,0.432980473996,0.238139260698
97,0.0673371141258,0.0428419161672,0.396666690906,0.0348834852447,0.034065666283,0.104117968207,0.0433089979129,0.129338698642,0.0332332712723,0.00173432196571,0.034724576887,0.0777472923865,1,0.9,30,9,1,1,20,0.0108433324154,0.00108433324154,0.0108433324154,0.0186873048166,0.0127973483099,0.00803897605483,0.0108433324154,0.00108433324154,0.0108433324154,0.239626156493,0.435682721407,0.239625496774
98,0.0224411057327,0.18755538449,0.0398065225701,0.0569827262438,0.152085523412,0.117533906035,0.139366972929,0.0658883565312,0.0119061112294,0.115596256111,0.0816386334808,0.009198501235,1,0.9,30,9,1,1,20,0.0096367079161,0.00096367079161,0.0096367079161,0.0182880436235,0.0170229352495,0.00617279240602,0.0096367079161,0.00096367079161,0.0096367079161,0.240440074546,0.43716256834,0.240439412587
99,0.0206367370063,0.0929499942164,0.120181318905,0.144145506633,0.0247765064899,0.126086727226,0.125192166485,0.0107301099965,0.0736322066711,0.0550568593731,0.0986697121727,0.107942154826,1,0.9,30,9,1,1,20,0.00816627365225,0.000816627365225,0.00816627365225,0.02376028717,0.0207801856382,0.00896328812778,0.00816627365225,0.000816627365225,0.00816627365225,0.238909456597,0.434379634276,0.238908798852
100,0.168448670682,0.0628677900494,0.0155749782948,0.13284806819,0.270540352313,0.112918774877,0.0669125533861,0.00388801862508,0.000278629248489,0.0493682060717,0.0492649748054,0.0670889834568,1,0.9,30,9,1,1,20,0.00926884030014,0.000926884030014,0.00926884030014,0.0172483145953,0.0206051166807,0.00468561539061,0.00926884030014,0.000926884030014,0.00926884030014,0.240568347535,0.437395791314,0.240567685223
101,0.103910470607,0.0542631662374,0.239562055122,0.0114543997782,0.0353960505771,0.0679729015342,0.223803795779,0.0771998069389,0.0117695604073,0.0507530325955,0.0982859498849,0.0256288105389,1,0.9,30,9,1,1,20,0.00901887365887,0.000901887365887,0.00901887365887,0.0193002528911,0.01601423145,0.00767769101962,0.00901887365887,0.000901887365887,0.00901887365887,0.240724634596,0.437679948823,0.240723971853
102,0.0342730670372,0.00113254515567,0.139022672041,0.173157288456,0.275627713984,0.0599105679817,0.0667795139881,0.0475833735018,0.0832871947032,0.0295847904478,0.00612536436745,0.0835159083357,1,0.9,30,9,1,1,20,0.00393563625989,0.000393563625989,0.00393563625989,0.0156788138188,0.0155496981904,0.00333574396548,0.00393563625989,0.000393563625989,0.00393563625989,0.248523523803,0.451859708343,0.248522839589
103,0.189046599477,0.0486011057184,0.306565804069,0.0212960168411,0.0634145827564,0.00698594600231,0.0252144105263,0.12964462115,0.063565260606,0.125173890526,0.00793381684154,0.0125579454862,1,0.9,30,9,1,1,20,0.0100186327429,0.00100186327429,0.0100186327429,0.0191986144286,0.0123194270004,0.00968967712568,0.0100186327429,0.00100186327429,0.0100186327429,0.240092256053,0.436530172821,0.240091595051
104,0.0671719730435,0.0136167097034,0.206060454258,0.0377366449652,0.0897964881007,0.00647156682899,0.13077314188,0.00611979203109,0.1814773358,0.142894938467,0.099911993241,0.017968961682,1,0.9,30,9,1,1,20,0.00875769374752,0.000875769374752,0.00875769374752,0.0244695900465,0.0148332762273,0.0133365203595,0.00875769374752,0.000875769374752,0.00875769374752,0.238485277376,0.433608401452,0.238484620799
105,0.049388123963,0.0213289417929,0.197838385009,0.259094936827,0.148531646589,0.0689672578623,0.0054635832332,0.00165523119511,0.0355262776399,0.0170408651459,0.0270185062075,0.168146244535,1,0.9,30,9,1,1,20,0.00787964920166,0.000787964920166,0.00787964920166,0.0267400336264,0.0153367469734,0.00923860100481,0.00787964920166,0.000787964920166,0.00787964920166,0.239797772613,0.435995044604,0.239797274532
106,0.00635591271374,0.00214834873582,0.00499292569283,0.0133833764101,0.0213322499751,0.371535363693,0.136744800213,0.178589382212,0.00138450396378,0.0165564479764,0.159305025043,0.0876716633713,1,0.9,30,9,1,1,20,0.0036915577767,0.00036915577767,0.0036915577767,0.0168629548758,0.012043129584,0.0038572297263,0.0036915577767,0.00036915577767,0.0036915577767,0.249263686868,0.453205455667,0.249263000617
107,0.0432412657336,0.145671073781,0.178919768761,0.118996630778,0.101253871419,0.0653348257475,0.0818132115682,0.0194093587801,0.0517517773307,0.000703083977834,0.0804421293038,0.112463002819,1,0.9,30,9,1,1,20,0.00931459377382,0.000931459377382,0.00931459377382,0.019461003534,0.0130711333178,0.0069997292343,0.00931459377382,0.000931459377382,0.00931459377382,0.241305615126,0.438736274153,0.241304950784
108,0.126466752702,0.064107249137,0.0155761558722,0.0198983365937,0.0988971953505,0.0141039349822,0.268348067012,0.188970185872,0.0247946070985,0.068563535844,0.0922605984383,0.0180133810976,1,0.9,30,9,1,1,20,0.00891235158511,0.000891235158511,0.00891235158511,0.0190924570365,0.0137461261353,0.00996810804846,0.00891235158511,0.000891235158511,0.00891235158511,0.240890388393,0.437981318535,0.240889725194
109,0.0386260919197,0.0404263398649,0.0248892100736,0.184781658022,0.0989865325828,0.204075305569,0.0246982423089,0.0413371138612,0.0228701399322,0.260393670449,0.00493298415088,0.0539827112663,1,0.9,30,9,1,1,20,0.00904086947639,0.000904086947639,0.00904086947639,0.0203047153588,0.0173262994183,0.00750374591094,0.00904086947639,0.000904086947639,0.00904086947639,0.240139284707,0.436615679229,0.240138623576
110,0.0709016592334,0.0471339014994,0.0371124436634,0.00991407148733,0.12348786721,0.00812892916689,0.00810458605527,0.0341505001415,0.207855523205,0.159511972839,0.137384210143,0.156314335356,1,0.9,30,9,1,1,20,0.00952386439628,0.000952386439628,0.00952386439628,0.0178403306804,0.0104010279707,0.00904494411515,0.00952386439628,0.000952386439628,0.00952386439628,0.241663541896,0.439387048306,0.241662876568
111,0.167714664017,0.136538709421,0.0428041760884,0.0111485549618,0.128114017888,0.199441043344,0.0641375770261,0.115226937298,0.0150038077051,0.0218460618879,0.03774616922,0.0602782811418,1,0.9,30,9,1,1,20,0.0104453265157,0.00104453265157,0.0104453265157,0.0177165401946,0.016056096822,0.00553249414088,0.0104453265157,0.00104453265157,0.0104453265157,0.240121189661,0.436582779236,0.24012052858
112,0.106779511041,0.0566643648561,0.0132302012031,0.00867954449672,0.0481734536432,0.0305693904809,0.238758956342,0.0805487645211,0.262137578867,0.0251412864042,0.0283120749637,0.101004873181,1,0.9,30,9,1,1,20,0.0100549161364,0.00100549161364,0.0100549161364,0.0201467810529,0.0155996061458,0.00996185471477,0.0100549161364,0.00100549161364,0.0100549161364,0.238873633345,0.43431450127,0.238872975698
113,0.0229790387499,0.0891985004633,0.0911174149146,0.108923808888,0.0381751914641,0.116394010013,0.0448716285357,0.0956253990684,0.0476186160477,0.173644789735,0.0595626241584,0.111888977962,1,0.9,30,9,1,1,20,0.00867606360448,0.000867606360448,0.00867606360448,0.0266375327474,0.0167446486666,0.0119006922675,0.00867606360448,0.000867606360448,0.00867606360448,0.237882628917,0.43251292275,0.237882107513
114,0.121529848857,0.123449633734,0.0757110300223,0.0823118988043,0.183540066353,0.00494249100325,0.0381703758003,0.0756102222216,0.0142748862072,0.0266345262687,0.245560732916,0.00826428781217,1,0.9,30,9,1,1,20,0.00866331665418,0.000866331665418,0.00866331665418,0.0237426866764,0.0175172189928,0.00833149445322,0.00866331665418,0.000866331665418,0.00866331665418,0.239387288989,0.435248632865,0.239386748076
115,0.0227624118219,0.235941491676,0.000852745006454,0.0151162270262,0.00238464667218,0.282588933504,0.103251500097,0.0668419207041,0.0298576878586,0.0757442110801,0.106115735541,0.0585424890135,1,0.9,30,9,1,1,20,0.00850744717139,0.000850744717139,0.00850744717139,0.020947745574,0.0165364813864,0.0105302452998,0.00850744717139,0.000850744717139,0.00850744717139,0.239971838728,0.436311232833,0.239971178058
116,0.036114692097,0.0481516525212,0.0457451994024,0.179718643485,0.0719827515762,0.13991839784,0.111946469851,0.00542329336974,0.141838078675,0.147087635516,0.0293723017159,0.0427008839494,1,0.9,30,9,1,1,20,0.00695103637412,0.000695103637412,0.00695103637412,0.0289393023381,0.0181362449361,0.0133749287741,0.00695103637412,0.000695103637412,0.00695103637412,0.238426740827,0.433502213132,0.238426217222
117,0.0240150429836,0.0707929445442,0.039123166349,0.0685550653595,0.0850724108807,0.0633664798149,0.100153074244,0.00916959078,0.166562363831,0.201225720603,0.164374624275,0.0075895163349,1,0.9,30,9,1,1,20,0.00902836522518,0.000902836522518,0.00902836522518,0.0186087874321,0.0103496000158,0.00979032765409,0.00902836522518,0.000902836522518,0.00902836522518,0.241825578559,0.439681659609,0.241824912785
118,0.0412866391859,0.0974800186487,0.116625894389,0.0097178921254,0.122840746996,0.0728846078659,0.0916477728237,0.0471331747798,0.0845428202831,0.153144783114,0.159202269418,0.00349338037021,1,0.9,30,9,1,1,20,0.00791497223493,0.000791497223493,0.00791497223493,0.0247553467572,0.0197361067028,0.00742122759888,0.00791497223493,0.000791497223493,0.00791497223493,0.239602517222,0.435639947311,0.239601971021
119,0.0244839170993,0.138406801697,0.0432535904452,0.0699385822825,0.259959523187,0.0263718281914,0.12470781995,0.134548529313,0.0413018537854,0.0336275970348,0.0591254505855,0.0442745064287,1,0.9,30,9,1,1,20,0.00910688219162,0.000910688219162,0.00910688219162,0.0201867262645,0.0160498545223,0.0141335099819,0.00910688219162,0.000910688219162,0.00910688219162,0.238695509908,0.433990641367,0.238694852752
120,0.0108068545238,0.0749504987336,0.0269413961141,0.0359162552086,0.00382966567591,0.347173046493,0.0214421431302,0.239804603433,0.123331198588,0.00759558514768,0.033403209122,0.0748055438307,1,0.9,30,9,1,1,20,0.00950002342112,0.000950002342112,0.00950002342112,0.0193171025174,0.0221444090179,0.00648426723667,0.00950002342112,0.000950002342112,0.00950002342112,0.238897993823,0.434358792926,0.23889733611
121,0.115238862766,0.212384725329,0.0357313146706,0.0587744032309,0.226424990684,0.0738549621344,0.0757195023228,0.000873357723682,0.071045560144,0.0174216697048,0.00782040753919,0.104710243752,1,0.9,30,9,1,1,20,0.010416349342,0.0010416349342,0.010416349342,0.0173287674156,0.0166010379529,0.00493596516879,0.010416349342,0.0010416349342,0.010416349342,0.240268135489,0.436849952733,0.240267474003
122,0.076192545341,0.0664919134427,0.161067265118,0.135814877758,0.0722762292489,0.107170841538,0.00907802734953,0.0602061553484,0.145020629474,0.147647607723,0.00748260495261,0.0115513027064,1,0.9,30,9,1,1,20,0.00925512741471,0.000925512741471,0.00925512741471,0.0271951585204,0.027784677077,0.00664390096613,0.00925512741471,0.000925512741471,0.00925512741471,0.235584948875,0.428335341561,0.235584437859
123,0.157043014163,0.0291610454543,0.056068964531,0.0114092807734,0.0950975318479,0.00306735283362,0.0463261801825,0.185058952988,0.0587300118188,0.132982272378,0.217427219197,0.00762817383188,1,0.9,30,9,1,1,20,0.00929517099747,0.000929517099747,0.00929517099747,0.0182971775912,0.0105761692436,0.00665497880077,0.00929517099747,0.000929517099747,0.00929517099747,0.242375497635,0.440681586155,0.242374872385
124,0.106737226894,0.0962958811975,0.0226206801879,0.0702918346649,0.0823569267527,0.025730909173,0.00938023056249,0.0553041331579,0.178853693743,0.00968380310268,0.278333141764,0.0644115387994,1,0.9,30,9,1,1,20,0.00957502971417,0.000957502971417,0.00957502971417,0.0198437841113,0.0175633994428,0.00708129235961,0.00957502971417,0.000957502971417,0.00957502971417,0.239720972655,0.435855113956,0.239720312676
125,0.0108023952687,0.0377549615339,0.0884267385786,0.13967070796,0.019058687396,0.292583164823,0.176634738222,0.0188557061999,0.162737840767,0.0399390234078,0.00919905773386,0.00433697810929,1,0.9,30,9,1,1,20,0.0629602558854,0.00629602558854,0.0629602558854,0.0264687453255,0.0410677900024,0.0175495975722,0.0629602558854,0.00629602558854,0.0629602558854,0.170364363243,0.309752534928,0.17036389421
126,0.0113617819468,0.0890752793714,0.239225805406,0.0639876134041,0.118549299626,0.0323067981552,0.0545925670986,0.072639196083,0.0145312677617,0.0569261545941,0.22244449551,0.0243597410435,1,0.9,30,9,1,1,20,0.0089848418279,0.00089848418279,0.0089848418279,0.0180236976631,0.0145264697049,0.00540772579671,0.0089848418279,0.00089848418279,0.0089848418279,0.242080555088,0.44014530069,0.24207991538
127,0.0751598016356,0.217797500631,0.0635226954479,0.197282566646,0.0541914356157,0.0303614406635,0.0203756312229,0.0182695474915,0.111638053284,0.100688219067,0.0402732474851,0.0704398608089,1,0.9,30,9,1,1,20,0.0102178927657,0.00102178927657,0.0102178927657,0.0171317191507,0.0170173355671,0.00676211903806,0.0102178927657,0.00102178927657,0.0102178927657,0.239950736235,0.436272864769,0.239950075623
128,0.165930036944,0.130503437779,0.0431185124615,0.0563364263813,0.10819336009,0.0122204538354,0.0437183218418,0.069129594751,0.161095852129,0.104720542528,0.0689922551573,0.0360412061021,1,0.9,30,9,1,1,20,0.00270425587549,0.000270425587549,0.00270425587549,0.0178565025504,0.00665916269143,0.00715381773555,0.00270425587549,0.000270425587549,0.00270425587549,0.25063618265,0.455700941739,0.250635517957
129,0.0487311940055,0.115158106749,0.083490262295,0.0455447267758,0.138389026067,0.123182066005,0.121162277313,0.0123912495205,0.0217952807616,0.0552243290608,0.0347154814291,0.200216000018,1,0.9,30,9,1,1,20,0.00904532610515,0.000904532610515,0.00904532610515,0.019381049096,0.0149038443187,0.00903196367376,0.00904532610515,0.000904532610515,0.00904532610515,0.240610500982,0.437472433734,0.240609838554
130,0.110667932728,0.0470761581156,0.155352337013,0.11477857988,0.106400304865,0.00619984030782,0.224128853901,0.0498405026027,0.0393517176623,0.0722589536445,0.0427128301369,0.0312319891424,1,0.9,30,9,1,1,20,0.00950900475741,0.000950900475741,0.00950900475741,0.0233248155648,0.0157932614248,0.0103893164537,0.00950900475741,0.000950900475741,0.00950900475741,0.238479119184,0.433597204769,0.238478462623
131,0.0790888815933,0.0225067375373,0.0898080842523,0.073613813438,0.00927726572777,0.0524404739893,0.0423348118914,0.174470651847,0.195212609048,0.0565716199122,0.075345372118,0.129329678645,1,0.9,30,9,1,1,20,0.00815524144215,0.000815524144215,0.00815524144215,0.028498271833,0.0132581672343,0.0122152670025,0.00815524144215,0.000815524144215,0.00815524144215,0.238798929859,0.434178935493,0.238798414521
132,0.0336777343817,0.306010404195,0.0234760266318,0.0182829773838,0.0136717416772,0.0447859239588,0.0189397434146,0.215981231862,0.0713722692688,0.167246263117,0.0846145492703,0.00194113483871,1,0.9,30,9,1,1,20,0.00858062898532,0.000858062898532,0.00858062898532,0.0197707701972,0.0174275467234,0.00548849459218,0.00858062898532,0.000858062898532,0.00858062898532,0.24128666713,0.438701857819,0.2412860218
133,0.0674948941058,0.183392267531,0.109847278049,0.052238667359,0.0639374777172,0.0701054811726,0.0260959251815,0.000665392804933,0.0911234865226,0.0783591115473,0.0501590295605,0.206580988449,1,0.9,30,9,1,1,20,0.00847575264687,0.000847575264687,0.00847575264687,0.0220408392009,0.0136506279883,0.0107065028585,0.00847575264687,0.000847575264687,0.00847575264687,0.240430073264,0.43714438424,0.240429411332
134,0.0634104407104,0.14440438276,0.256749688946,0.0557266608503,0.000836179957122,0.0334143071876,0.13488681024,0.0558982745159,0.0639337160702,0.0997643911563,0.0638149186693,0.0271602289362,1,0.9,30,9,1,1,20,0.00926492718923,0.000926492718923,0.00926492718923,0.0197107729924,0.0245401565114,0.00490925128511,0.00926492718923,0.000926492718923,0.00926492718923,0.238838541887,0.434250698793,0.238837884336
135,0.0139285626953,0.0642770441043,0.0140417476336,0.0667794136601,0.10465117538,0.080446842987,0.386696794992,0.0774749269366,0.0104409395521,0.170576569249,0.00127335851412,0.00941262429604,1,0.9,30,9,1,1,20,0.0093819258517,0.00093819258517,0.0093819258517,0.0193320375426,0.0190935826453,0.00654198132922,0.0093819258517,0.00093819258517,0.0093819258517,0.239807882148,0.436013179199,0.239807248559
136,0.00144570326352,0.14666716369,0.0958135302903,0.0818666702407,0.0526895883103,0.14831198778,0.0875288612484,0.0648600867725,0.0718686955186,0.039142597922,0.0970291728002,0.112775942164,1,0.9,30,9,1,1,20,0.00649980269448,0.000649980269448,0.00649980269448,0.0163718643995,0.010275904425,0.00667863457209,0.00649980269448,0.000649980269448,0.00649980269448,0.246027135136,0.447320832355,0.246026457795
137,0.0249101307602,0.065065137654,0.173356243401,0.0912535977352,0.070885950499,0.0174271248732,0.0184831901151,0.0138014083379,0.322424158087,0.00695390609238,0.174893993743,0.0205451587016,1,0.9,30,9,1,1,20,0.00333972555239,0.000333972555239,0.00333972555239,0.0154023712799,0.0115668761662,0.00364305307888,0.00333972555239,0.000333972555239,0.00333972555239,0.250214064967,0.454933411089,0.250213376099
138,0.0436388146066,0.167597126099,0.0339838574955,0.0189606613188,0.21212579831,0.289289952425,0.0202926764656,0.0584613628355,0.00320662565826,0.0537984973056,0.0332594085766,0.0653852189034,1,0.9,30,9,1,1,20,0.00901485161478,0.000901485161478,0.00901485161478,0.0206374857734,0.0170781600125,0.00594952816822,0.00901485161478,0.000901485161478,0.00901485161478,0.240552796959,0.437367517616,0.240552134689
139,0.125937045483,0.15304730683,0.0324882223641,0.0549904732592,0.0663257743755,0.0253808290429,0.0280031299425,0.0124951823654,0.0679262111664,0.138090415296,0.261623561639,0.0336918482358,1,0.9,30,9,1,1,20,0.00793501085662,0.000793501085662,0.00793501085662,0.0262003627996,0.0151212111454,0.0103299348629,0.00793501085662,0.000793501085662,0.00793501085662,0.239648869537,0.435724242617,0.23964833344
140,0.050653976346,0.0816502758273,0.0224769341355,0.00996615791013,0.137566103454,0.293108428403,0.113608759677,0.017716033507,0.0531720834778,0.0180459643056,0.150417491362,0.0516177915949,1,0.9,30,9,1,1,20,0.00969282879957,0.000969282879957,0.00969282879957,0.0170701684585,0.0102651694644,0.00758309157943,0.00969282879957,0.000969282879957,0.00969282879957,0.242097839218,0.440176677627,0.242097172695
141,0.0175403726758,0.23980194709,0.265939542924,0.0999558197542,0.0995168602468,0.0517260018008,0.0379088426709,0.0643894025054,0.0229535924686,0.00351996119213,0.0269060078583,0.0698416488137,1,0.9,30,9,1,1,20,0.0115495986304,0.00115495986304,0.0115495986304,0.0211890763541,0.0169119978301,0.00854688166373,0.0115495986304,0.00115495986304,0.0115495986304,0.236983363206,0.430877655934,0.236982710764
142,0.0831323338227,0.0566709283591,0.0766846669654,0.152801907758,0.0427969865442,0.0112321886338,0.147332071295,0.0858529054603,0.116632443006,0.104058506473,0.062942098988,0.0598629626939,1,0.9,30,9,1,1,20,0.00222374395007,0.000222374395007,0.00222374395007,0.0182912924252,0.00788200433582,0.00515539818299,0.00222374395007,0.000222374395007,0.00222374395007,0.25125399758,0.456824247023,0.251253335863
143,0.184840724946,0.125823144019,0.0244232821108,0.0393107941464,0.0309075017057,0.222905717648,0.0280351760531,0.0483888795075,0.0535345407869,0.172493943294,0.0325301912689,0.0368061045136,1,0.9,30,9,1,1,20,0.00801121339678,0.000801121339678,0.00801121339678,0.023827466202,0.0128737046475,0.0112252876959,0.00801121339678,0.000801121339678,0.00801121339678,0.240540711134,0.437345634874,0.240540099181
144,0.163059668663,0.0069653140031,0.00343415713402,0.0272364176644,0.0281253621205,0.298145235157,0.00557357294897,0.121590731444,0.124477754936,0.144722621515,0.0120048680724,0.0646642963413,1,0.9,30,9,1,1,20,0.00922381336462,0.000922381336462,0.00922381336462,0.0205622678205,0.0144749207446,0.0110618643819,0.00922381336462,0.000922381336462,0.00922381336462,0.239685492773,0.435790605257,0.239684832891
145,0.0674310404469,0.0776144606106,0.0756590503077,0.111753047821,0.201517495823,0.0710039224544,0.0392553758438,0.0472428294799,0.058689044805,0.0479627964991,0.00163454775974,0.200236388149,1,0.9,30,9,1,1,20,0.00894802194124,0.000894802194124,0.00894802194124,0.0208376066408,0.0190462784699,0.00530447328166,0.00894802194124,0.000894802194124,0.00894802194124,0.240227333617,0.436775881185,0.240226734652
146,0.0606878935876,0.0056886238432,0.0409776778369,0.0105219311806,0.024735065108,0.263561605776,0.250681617579,0.143097173359,0.0478116094949,0.0107870179773,0.0251521034612,0.116297680796,1,0.9,30,9,1,1,20,0.00840492900444,0.000840492900444,0.00840492900444,0.0250554158106,0.018739899658,0.0094077461329,0.00840492900444,0.000840492900444,0.00840492900444,0.238725689924,0.434045513972,0.238725032684
147,0.0670707198674,0.186504832085,0.0359595670612,0.0238632840893,0.0593933824072,0.215412868354,0.0505882342005,0.166701367905,0.0200987086081,0.110773165954,0.00329097709568,0.0603428923729,1,0.9,30,9,1,1,20,0.0091658519431,0.00091658519431,0.0091658519431,0.0205526039283,0.0139643081903,0.00866733175138,0.0091658519431,0.00091658519431,0.0091658519431,0.240512654395,0.437294531338,0.240511992236
148,0.0413278101796,0.0745062359108,0.00291821902703,0.100709503734,0.229649405958,0.00271675055295,0.0968364966619,0.163577121209,0.00954576847755,0.0492926891391,0.0672841064078,0.161635892742,1,0.9,30,9,1,1,20,0.00927274433026,0.000927274433026,0.00927274433026,0.0169530950488,0.0149305977673,0.0097022857541,0.00927274433026,0.000927274433026,0.00927274433026,0.240813666674,0.437841824883,0.240813003686
149,0.145184284914,0.135480875611,0.0564868074139,0.113111337521,0.113560281936,0.0259635995457,0.0838124713003,0.0197641161996,0.178748408092,0.0864296558739,0.0322296008014,0.0092285607907,1,0.9,30,9,1,1,20,0.00957019262255,0.000957019262255,0.00957019262255,0.0240695267709,0.0216139882546,0.00935259625553,0.00957019262255,0.000957019262255,0.00957019262255,0.236963771468,0.430842134346,0.23696317389
150,0.134082996548,0.142782813802,0.0546211599445,0.00428632831871,0.0143265994727,0.118299359895,0.090323814548,0.00220184206148,0.0142722431658,0.104605648953,0.170661842456,0.149535350834,1,0.9,30,9,1,1,20,0.00961578367528,0.000961578367528,0.00961578367528,0.0239401635845,0.0184567937407,0.0101367325588,0.00961578367528,0.000961578367528,0.00961578367528,0.237569004351,0.431942589889,0.237568424439
151,0.0218462548566,0.0866679251491,0.0043949755177,0.0880439141265,0.0315854370157,0.0559652347386,0.0477480802269,0.10346681797,0.202172469561,0.000822779089305,0.119072188804,0.238213922944,1,0.9,30,9,1,1,20,0.0082287183244,0.00082287183244,0.0082287183244,0.026308149096,0.0127040770698,0.0104224036655,0.0082287183244,0.00082287183244,0.0082287183244,0.239906396981,0.436192487887,0.239905868338
152,0.289409167479,0.204075382561,0.0136430921795,0.0229889477747,0.0386525047873,0.0100147589649,0.0574546590542,0.000687445329165,0.0368326856089,0.184648514428,0.0787234862183,0.0628693556149,1,0.9,30,9,1,1,20,0.00871206704199,0.000871206704199,0.00871206704199,0.0233194293416,0.0141124003894,0.0084406422936,0.00871206704199,0.000871206704199,0.00871206704199,0.240307676351,0.436922045192,0.240307124856
153,0.00416367946572,0.130905279705,0.0932581806611,0.178434519381,0.0710462610077,0.211040363648,0.0155213881537,0.0089200804754,0.126459211062,0.0568296086856,0.0139451805772,0.0894762471769,1,0.9,30,9,1,1,20,0.0100445351898,0.00100445351898,0.0100445351898,0.019460718825,0.0264441590656,0.00478025885478,0.0100445351898,0.00100445351898,0.0100445351898,0.237581577305,0.431965314937,0.237580923215
154,0.187343457852,0.148495734585,0.220866555898,0.0881720908726,0.000301191785869,0.0627081804189,0.0655800311353,0.0662261915117,0.00711907971003,0.0622265833173,0.0687476754277,0.0222132274851,1,0.9,30,9,1,1,20,0.00752291866019,0.000752291866019,0.00752291866019,0.0178900300724,0.0106330320012,0.00645073427768,0.00752291866019,0.000752291866019,0.00752291866019,0.244470244351,0.444490129629,0.244469571296
155,0.0206345247266,0.107989636614,0.00388637264434,0.00642372703252,0.0118958746438,0.283793121804,0.121557520473,0.178584177691,0.0260559281982,0.0815184329691,0.072064862696,0.0855958205074,1,0.9,30,9,1,1,20,0.009364089605,0.0009364089605,0.009364089605,0.0167514403848,0.00953342022732,0.00815098441659,0.009364089605,0.0009364089605,0.009364089605,0.242585844495,0.441063957506,0.242585176629
156,0.0828197346156,0.234134468016,0.00082121003684,0.155200029147,0.0396455144609,0.0532398953449,0.0521752792614,0.0034967876222,0.193705015374,0.0878348240963,0.02157411318,0.0753531288453,1,0.9,30,9,1,1,20,0.0082940641365,0.00082940641365,0.0082940641365,0.0280392831234,0.0211337035924,0.0106139052927,0.0082940641365,0.00082940641365,0.0082940641365,0.237123211634,0.431132146441,0.237122680543
157,0.0801196939827,0.169188261278,0.147001535488,0.11884984286,0.0286558920727,0.0681886538135,0.0260822808356,0.0190690599359,0.00906021576468,0.190806514796,0.117174931099,0.0258031180735,1,0.9,30,9,1,1,20,0.00877235174116,0.000877235174116,0.00877235174116,0.0239052219958,0.0196133288743,0.0080874642832,0.00877235174116,0.000877235174116,0.00877235174116,0.238739735128,0.434071208004,0.238739164402
158,0.00374506860339,0.0657264064602,0.147122563494,0.0213480277275,0.00945854665647,0.132297359861,0.149106090462,0.175262668862,0.0084917031537,0.17767038583,0.0379554028083,0.0718157760826,1,0.9,30,9,1,1,20,0.00426874587487,0.000426874587487,0.00426874587487,0.0162387395992,0.0130417265244,0.00299507090457,0.00426874587487,0.000426874587487,0.00426874587487,0.24875653009,0.452283354972,0.248755845235
159,0.0679868906781,0.00888135526364,0.117278103252,0.347046503906,0.0803505609304,0.00423414095034,0.00266585506103,0.0230038400578,0.0986029002183,0.102534667605,0.0654972766888,0.0819179053879,1,0.9,30,9,1,1,20,0.00977583376333,0.000977583376333,0.00977583376333,0.0195664004396,0.0174378070228,0.00651036620602,0.00977583376333,0.000977583376333,0.00977583376333,0.239755157906,0.435917268787,0.239754497833
160,0.0364212233029,0.158777300871,0.0559095277333,0.0856761815682,0.0311314325756,0.0526525777653,0.194634379227,0.0842385172053,0.0736395364379,0.0616573811753,0.0607718728846,0.104490069254,1,0.9,30,9,1,1,20,0.00909670459324,0.000909670459324,0.00909670459324,0.0167716992837,0.0187168967577,0.00490668319705,0.00909670459324,0.000909670459324,0.00909670459324,0.241319161237,0.438760903376,0.241318496857
161,0.153526087048,0.110232385655,0.0161467506363,0.00366345153411,0.060021777744,0.00776559652882,0.0137193312161,0.403992650502,0.0633841550143,0.140850662748,0.00292772731861,0.0237694240541,1,0.9,30,9,1,1,20,0.00962372272272,0.000962372272272,0.00962372272272,0.0189864053198,0.0107898906184,0.0104079652639,0.00962372272272,0.000962372272272,0.00962372272272,0.240794706857,0.437807352584,0.240794043921
162,0.0167455132092,0.18503643249,0.0382323048122,0.16192701362,0.0701612464337,0.14250928597,0.0201701386704,0.198589769957,0.0561480864285,0.0758603295754,0.00266654016613,0.0319533386683,1,0.9,30,9,1,1,20,0.0100251376458,0.00100251376458,0.0100251376458,0.0241591038855,0.0166671620812,0.0103582269458,0.0100251376458,0.00100251376458,0.0100251376458,0.237472130623,0.431766321518,0.237471476835
163,0.0394798274247,0.0397854985381,0.0564434276292,0.0924357406403,0.0474600015488,0.0521302080182,0.0475208102908,0.0179964307139,0.00571963393313,0.080463436367,0.11221946786,0.408345517036,1,0.9,30,9,1,1,20,0.00902572565258,0.000902572565258,0.00902572565258,0.0181288600838,0.0143677386687,0.0106455152149,0.00902572565258,0.000902572565258,0.00902572565258,0.240677827672,0.437594845561,0.240677165058
164,0.00153861165248,0.0358624309126,0.0132582264864,0.0338863968742,0.0971168787734,0.165040944378,0.113913716505,0.131560232481,0.209582392552,0.0210163331753,0.0181758147786,0.159048021431,1,0.9,30,9,1,1,20,0.00613152051503,0.000613152051503,0.00613152051503,0.0204411328396,0.0107227054617,0.00814226387666,0.00613152051503,0.000613152051503,0.00613152051503,0.244866131589,0.445209922626,0.244865457444
165,0.0544080734833,0.0722925629179,0.178972758029,0.00920386201431,0.0587655300478,0.323072211196,0.0336533935288,0.0557786764189,0.0706511799304,0.0690252564991,0.053386454487,0.0207900414473,1,0.9,30,9,1,1,20,0.00941246922222,0.000941246922222,0.00941246922222,0.0218971120356,0.00839032635912,0.0155891433874,0.00941246922222,0.000941246922222,0.00941246922222,0.239536235164,0.435519233755,0.239535578565
166,0.0334044678673,0.15469564319,0.0878740080552,0.038254437997,0.0101047570649,0.0257408886199,0.101366161765,0.051145155324,0.024622049692,0.247481218446,0.170486664558,0.0548245474206,1,0.9,30,9,1,1,20,0.00866190979145,0.000866190979145,0.00866190979145,0.0180896527524,0.0181664594295,0.00549312668846,0.00866190979145,0.000866190979145,0.00866190979145,0.241442827295,0.438985750136,0.241442162575
167,0.165747122926,0.0102333369111,0.341694092963,0.0415389184071,0.155597317063,0.00704805136727,0.0286405849354,0.0843497589559,0.0152474263669,0.0705303917124,0.0522589461754,0.0271140522169,1,0.9,30,9,1,1,20,0.00909738502638,0.000909738502638,0.00909738502638,0.0215926309408,0.0123122652473,0.00955457800954,0.00909738502638,0.000909738502638,0.00909738502638,0.240515883877,0.437300403106,0.240515221709
168,0.00515040115641,0.110638552724,0.136166511169,0.061350154892,0.010530300439,0.0168071287282,0.123819499537,0.205544072903,0.161657678759,0.0240533006666,0.109340476877,0.0349419221475,1,0.9,30,9,1,1,20,0.0103081863496,0.00103081863496,0.0103081863496,0.0202694220978,0.0104866864922,0.0139468643354,0.0103081863496,0.00103081863496,0.0103081863496,0.238858320815,0.434286660382,0.23885766321
169,0.0385555154295,0.133761495574,0.0622684931625,0.071217321901,0.012612388564,0.0502835786051,0.203234890515,0.0243556146826,0.119046859509,0.0967837614892,0.0206521810349,0.167227899534,1,0.9,30,9,1,1,20,0.00790573391963,0.000790573391963,0.00790573391963,0.0270683503262,0.0127311408989,0.0121114063266,0.00790573391963,0.000790573391963,0.00790573391963,0.239613132439,0.435659282288,0.239612605259
170,0.100797287005,0.0218751099129,0.0338442589067,0.209394553181,0.0221420356349,0.151092519157,0.0930693561422,0.0184677915153,0.00873706511423,0.00251514326212,0.0102224767551,0.327842403414,1,0.9,30,9,1,1,20,0.008397441529,0.0008397441529,0.008397441529,0.024685487571,0.0147434289661,0.00808193961088,0.008397441529,0.0008397441529,0.008397441529,0.240224654379,0.436771119388,0.240224115663
171,0.0113048931986,0.00365288965801,0.0475093448742,0.309330906894,0.0485229028388,0.0122909770604,0.0576467189785,0.058319891425,0.0136712247688,0.365120076304,0.0325181571248,0.0401120168755,1,0.9,30,9,1,1,20,0.00875193741343,0.000875193741343,0.00875193741343,0.0216598095735,0.0169822323851,0.00905663858963,0.00875193741343,0.000875193741343,0.00875193741343,0.239785563596,0.435972657238,0.239784961481
172,0.0206384501469,0.0839577672753,0.0119176061508,0.0187043708513,0.0568095051511,0.121252570669,0.0102892973371,0.183852988621,0.129714574643,0.219883973036,0.0799929262526,0.0629859698649,1,0.9,30,9,1,1,20,0.00891560185756,0.000891560185756,0.00891560185756,0.0265125224905,0.0173466200991,0.00963672107927,0.00891560185756,0.000891560185756,0.00891560185756,0.238087164202,0.432884802792,0.238086641536
173,0.0390001643458,0.0164233883828,0.0972185556525,0.207507267455,0.0450376561535,0.0525063600337,0.187287760057,0.0702105961053,0.0386510620632,0.0702268689414,0.148400524392,0.0275297964187,1,0.9,30,9,1,1,20,0.00879658559134,0.000879658559134,0.00879658559134,0.0182131787863,0.0150379648523,0.00660622854511,0.00879658559134,0.000879658559134,0.00879658559134,0.241790173515,0.439617286979,0.241789507839
174,0.111065736429,0.0342406098733,0.0433173558361,0.134633321632,0.0412452456201,0.107860522427,0.00300020658489,0.0100994444226,0.0873020296797,0.125660758089,0.0286167991259,0.272957970281,1,0.9,30,9,1,1,20,0.00881712845035,0.000881712845035,0.00881712845035,0.0198155693921,0.0142957369911,0.00873828551406,0.00881712845035,0.000881712845035,0.00881712845035,0.24098389814,0.438151335788,0.240983234683
175,0.173873253845,0.265360071685,0.0454127771435,0.0654498912628,0.0406752578906,0.137151479142,0.061841747552,0.00633122198007,0.0178074455386,0.106916383178,0.0393142661231,0.0398662046597,1,0.9,30,9,1,1,20,0.00916535706788,0.000916535706788,0.00916535706788,0.0207026730116,0.0149043751512,0.00862248036903,0.00916535706788,0.000916535706788,0.00916535706788,0.240239433172,0.436797766846,0.240238771765
176,0.0688501055019,0.0243592059516,0.174985536973,0.0249160654169,0.113443288082,0.0693524201319,0.192368274472,0.0212166728418,0.010265302079,0.0551033304206,0.143778938659,0.101360859469,1,0.9,30,9,1,1,20,0.00856147095564,0.000856147095564,0.00856147095564,0.0248916412364,0.0163564383295,0.00802925516453,0.00856147095564,0.000856147095564,0.00856147095564,0.239581571875,0.435601880891,0.23958103449
177,0.164660929389,0.0143963020993,0.131167033041,0.00238023548044,0.15396592424,0.110606852471,0.095195020862,0.13809984229,0.00211331121783,0.155797438913,0.0148968001364,0.0167203098604,1,0.9,30,9,1,1,20,0.0106787889978,0.00106787889978,0.0106787889978,0.0173440764808,0.0130068570553,0.00747367680003,0.0106787889978,0.00106787889978,0.0106787889978,0.24025213665,0.436820864015,0.240251475208
178,0.270293599389,0.0176522997396,0.0278013522603,0.158782450329,0.0965708347681,0.0503252627603,0.0467765251026,0.0310902915434,0.0561098636055,0.093219383509,0.140162586953,0.0112155500407,1,0.9,30,9,1,1,20,0.00908183569598,0.000908183569598,0.00908183569598,0.0227243542467,0.0168247877361,0.0135970986412,0.00908183569598,0.000908183569598,0.00908183569598,0.237995972765,0.432718759154,0.237995317534
179,0.0299630695747,0.11611776262,0.231627896775,0.101547684858,0.00354024722617,0.0493274220796,0.0888453158629,0.00400649284534,0.102945336228,0.150134224035,0.010432360991,0.111512186904,1,0.9,30,9,1,1,20,0.00913274008935,0.000913274008935,0.00913274008935,0.0193897977388,0.0162264110548,0.00870107322507,0.00913274008935,0.000913274008935,0.00913274008935,0.240252328819,0.436821213411,0.240251667376
180,0.0191553971565,0.046564445447,0.166123453873,0.00954787944935,0.167631801132,0.0311464957895,0.00192321559329,0.269141236155,0.0415594049237,0.0346158646679,0.0333295358834,0.179261269929,1,0.9,30,9,1,1,20,0.00900693679087,0.000900693679087,0.00900693679087,0.0195867137891,0.0151270630394,0.00858137868514,0.00900693679087,0.000900693679087,0.00900693679087,0.240658413071,0.437559546383,0.240657750511
181,0.311811325512,0.072316337123,0.0835709906338,0.0217103993567,0.0959189056361,0.0126254006778,0.0834135230212,0.0213633965304,0.183539690455,0.0135555395808,0.0359610177249,0.0642134737485,1,0.9,30,9,1,1,20,0.0100287209216,0.00100287209216,0.0100287209216,0.0228139597005,0.0181333069055,0.0115334720601,0.0100287209216,0.00100287209216,0.0100287209216,0.237128670145,0.431141911818,0.2371280515
182,0.0944535845629,0.011294148025,0.0431664140871,0.0478031514934,0.162793345451,0.0308222012781,0.0362164856267,0.110921247843,0.0123521610904,0.00141475557159,0.226019147433,0.222743357537,1,0.9,30,9,1,1,20,0.00810232993226,0.000810232993226,0.00810232993226,0.0248120799067,0.0145850408193,0.00859089914602,0.00810232993226,0.000810232993226,0.00810232993226,0.24042435613,0.437134089215,0.240423749068
183,0.155114859595,0.123684267364,0.0977222492646,0.019010622418,0.0173971979041,0.00591712137926,0.0425988076545,0.10613384767,0.080918176661,0.052324755036,0.171732596094,0.12744549896,1,0.9,30,9,1,1,20,0.0095869193481,0.00095869193481,0.0095869193481,0.0173753782528,0.00840147778608,0.0095030071186,0.0095869193481,0.00095869193481,0.0095869193481,0.242119676376,0.440216386584,0.242119012621
184,0.245650186641,0.0204827252241,0.146774088091,0.0116224055669,0.123730316524,0.0429849485564,0.00466140289525,0.073878892315,0.150266388697,0.124070101194,0.0247094718879,0.0311690724073,1,0.9,30,9,1,1,20,0.00859543949002,0.000859543949002,0.00859543949002,0.0270967575011,0.0156523772565,0.0111722893845,0.00859543949002,0.000859543949002,0.00859543949002,0.238327886024,0.433322479985,0.238327363992
185,0.00233812056583,0.0460523051829,0.00553827386444,0.0868123572869,0.0476937679211,0.0490694937812,0.274708010111,0.110925287801,0.0599779370618,0.026022305406,0.122774664065,0.168087476952,1,0.9,30,9,1,1,20,0.0078472541048,0.00078472541048,0.0078472541048,0.027339902307,0.0189087972274,0.0101322517308,0.0078472541048,0.00078472541048,0.0078472541048,0.23850672641,0.433647648442,0.238506206643
186,0.0413234363648,0.0401147666141,0.303064333984,0.130460227002,0.0941685748294,0.016944595877,0.0623824555708,0.0465857051904,0.0662516244258,0.0336520649213,0.113184564742,0.051867650479,1,0.9,30,9,1,1,20,0.00885594685451,0.000885594685451,0.00885594685451,0.0210425567297,0.0157985707671,0.00687739039432,0.00885594685451,0.000885594685451,0.00885594685451,0.240713621491,0.437659925051,0.240712958778
187,0.0504223912374,0.0366546623795,0.099192536687,0.174570874462,0.0394931951454,0.148953175431,0.024482209275,0.0521865601758,0.0222117572104,0.065251397202,0.17583436421,0.110746876585,1,0.9,30,9,1,1,20,0.00936918776844,0.000936918776844,0.00936918776844,0.020544587454,0.0134624576346,0.00640464713571,0.00936918776844,0.000936918776844,0.00936918776844,0.241015130487,0.438208121717,0.241014466944
188,0.107824356243,0.0243454483757,0.216901446258,0.0294114808401,0.105997981142,0.0410602231496,0.0834982432823,0.0393295968966,0.159447542362,0.00415782617207,0.146267457904,0.0417583973759,1,0.9,30,9,1,1,20,0.00870385307204,0.000870385307204,0.00870385307204,0.022220620429,0.0209461792062,0.00837827205518,0.00870385307204,0.000870385307204,0.00870385307204,0.238831109117,0.434237184704,0.238830451587
189,0.0513953555626,0.085775872277,0.0458886540545,0.257117111881,0.107143234231,0.12643952074,0.00518214039687,0.0844891297254,0.0619321443496,0.0152210259258,0.152154854175,0.00726095668169,1,0.9,30,9,1,1,20,0.0075618173732,0.00075618173732,0.0075618173732,0.0312640399139,0.0114361338092,0.0195865640791,0.0075618173732,0.00075618173732,0.0075618173732,0.237273888553,0.431406284308,0.23727345637
190,0.0602722432028,0.00443074987483,0.0156920292817,0.131432719568,0.0580511038918,0.00264679361702,0.0969308773694,0.153180857425,0.0840884461762,0.286440745159,0.0964619386287,0.0103714958053,1,0.9,30,9,1,1,20,0.00779539576034,0.000779539576034,0.00779539576034,0.0254127473703,0.0230346123581,0.0117129691781,0.00779539576034,0.000779539576034,0.00779539576034,0.237573997984,0.431951619946,0.23757339097
191,0.0068239374404,0.0164995775307,0.117505681538,0.23208681212,0.151570159263,0.143229545286,0.0387376991757,0.126103558239,0.0240906281827,0.0490854764541,0.0717466080791,0.0225203166905,1,0.9,30,9,1,1,20,0.00878732056464,0.000878732056464,0.00878732056464,0.0244057337164,0.0173049869991,0.0151869636457,0.00878732056464,0.000878732056464,0.00878732056464,0.237337396844,0.431521401563,0.23733677086
192,0.154987095848,0.059210816062,0.0175597047532,0.0427520151103,0.0459706087901,0.0399083018358,0.0872798375667,0.223582375796,0.0988456057861,0.0858930842633,0.116612915626,0.0273976385628,1,0.9,30,9,1,1,20,0.00940636599239,0.000940636599239,0.00940636599239,0.0172044501123,0.00995997083397,0.00872584294526,0.00940636599239,0.000940636599239,0.00940636599239,0.242158420375,0.440286824881,0.242157753685
193,0.0570665041773,0.144042637461,0.0143526799159,0.0156035828402,0.0918457182851,0.132160379461,0.180590789245,0.0279242430543,0.0876668550883,0.179186003683,0.061733110542,0.00782749624661,1,0.9,30,9,1,1,20,0.00834682908517,0.000834682908517,0.00834682908517,0.0233304475021,0.0162983751493,0.0106575928755,0.00834682908517,0.000834682908517,0.00834682908517,0.239553485013,0.435550591808,0.239552825494
194,0.00718890062854,0.0500105265325,0.0776275488575,0.137820102919,0.0719039415722,0.0825597637445,0.172582968582,0.0229914183294,0.133952749294,0.112807515226,0.0350293462067,0.0955252181079,1,0.9,30,9,1,1,20,0.00826674462368,0.000826674462368,0.00826674462368,0.0234008361795,0.0164071114006,0.00888089445299,0.00826674462368,0.000826674462368,0.00826674462368,0.240059991055,0.43647150935,0.240059330142
195,0.0235022402899,0.127443943142,0.0251485496212,0.00885179978935,0.102277369343,0.204256433324,0.162250677601,0.0604259981968,0.0118480932517,0.00553815934593,0.192725865877,0.0757308702174,1,0.9,30,9,1,1,20,0.00908388751948,0.000908388751948,0.00908388751948,0.0189342226958,0.00904396215712,0.0141493432325,0.00908388751948,0.000908388751948,0.00908388751948,0.240879574903,0.437961657697,0.240878911733
196,0.0363853018037,0.0754406994883,0.095052119574,0.102523917222,0.082918809306,0.190201372882,0.215299385464,0.0460700018605,0.120663247182,0.0016246803029,0.00184751902155,0.0319729458939,1,0.9,30,9,1,1,20,0.103551595897,0.0103551595897,0.103551595897,0.0417878083104,0.056943238982,0.0568814072452,0.103551595897,0.0103551595897,0.103551595897,0.107242581487,0.194985974974,0.107242286236
197,0.190067100907,0.00926767146007,0.0855879894946,0.0723551099341,0.17533663617,0.109886878856,0.0728578875112,0.0102384672934,0.0433732638349,0.00246593516181,0.117440515575,0.111122543801,1,0.9,30,9,1,1,20,0.00807713870128,0.000807713870128,0.00807713870128,0.0273053586321,0.0210116186807,0.0107779024251,0.00807713870128,0.000807713870128,0.00807713870128,0.237543074832,0.431895524442,0.237542538443
198,0.0960203643642,0.0179183817691,0.11444920265,0.108753644284,0.0889213877735,0.150210992387,0.0615863725943,0.000456358609497,0.0446897747054,0.197294790617,0.100831848412,0.018866881834,1,0.9,30,9,1,1,20,0.0093420066869,0.00093420066869,0.0093420066869,0.0195234234579,0.011324813854,0.00909302748356,0.0093420066869,0.00093420066869,0.0093420066869,0.241168205676,0.43848651706,0.241167584383
199,0.144211168632,0.065959408828,0.0391671976735,0.0218768927513,0.0840504745763,0.154326347025,0.00698321717323,0.0707584628364,0.0478204375369,0.147100612898,0.164317562628,0.0534282174417,1,0.9,30,9,1,1,20,0.00898077761007,0.000898077761007,0.00898077761007,0.0241663941101,0.0211247313137,0.00602409392798,0.00898077761007,0.000898077761007,0.00898077761007,0.238586614543,0.433792838802,0.238586061341
200,0.160131599224,0.034074651334,0.0679642727851,0.0347223024106,0.0748093301316,0.0525788476035,0.0441262288416,0.054519583279,0.105791392463,0.0317443158571,0.00447061275596,0.335066863315,1,0.9,30,9,1,1,20,0.0073767782982,0.00073767782982,0.0073767782982,0.032264766202,0.0175944741076,0.0126598775914,0.0073767782982,0.00073767782982,0.0073767782982,0.237416583716,0.431665696471,0.237416133059
201,0.165793752884,0.0395952472868,0.0852756191036,0.0338533210744,0.0222279758413,0.0671194526569,0.0389179794669,0.37199138901,0.067081530434,0.00571463614123,0.0307799337875,0.0716491623135,1,0.9,30,9,1,1,20,0.010666159586,0.0010666159586,0.010666159586,0.0220068080883,0.0143682158841,0.00858589519751,0.010666159586,0.0010666159586,0.010666159586,0.238396991967,0.433447882969,0.238396335633
202,0.0289415525552,0.0319568407447,0.130570629595,0.0108634800253,0.0794391591425,0.0159916916952,0.0367465943772,0.0407858821341,0.00328951734841,0.101649890891,0.0979416269225,0.421823134569,1,0.9,30,9,1,1,20,0.0088037130524,0.00088037130524,0.0088037130524,0.0198166568003,0.0112374653208,0.011505602515,0.0088037130524,0.00088037130524,0.0088037130524,0.241074572878,0.438316198494,0.241073909172
203,0.0124354411363,0.035041010581,0.00930033955817,0.276033001876,0.0848098497194,0.0271751605857,0.0109538236069,0.0586226430316,0.108692726235,0.00805476816712,0.32201068873,0.0468705467725,1,0.9,30,9,1,1,20,0.0087402188064,0.00087402188064,0.0087402188064,0.0174833507084,0.0177960513928,0.00425427866925,0.0087402188064,0.00087402188064,0.0087402188064,0.241936953599,0.439884159125,0.241936287519
204,0.0650318681003,0.0401591356349,0.0161104893116,0.14810857814,0.0866421505269,0.0725095766289,0.216731978559,0.0373294293166,0.0653683358862,0.135221845027,0.101282377225,0.015504235643,1,0.9,30,9,1,1,20,0.0103717601783,0.00103717601783,0.0103717601783,0.0206467241322,0.0242375061201,0.0064428489758,0.0103717601783,0.00103717601783,0.0103717601783,0.237053500951,0.431005178756,0.237052848316
205,0.0447198122225,0.0284897107105,0.0950157682617,0.322161775051,0.025446482922,0.0471349756946,0.0406466308494,0.107095045359,0.0745461981513,0.0253898443246,0.0917593179249,0.0975944385286,1,0.9,30,9,1,1,20,0.00874486206244,0.000874486206244,0.00874486206244,0.0209317614057,0.0114860380369,0.0110148832678,0.00874486206244,0.000874486206244,0.00874486206244,0.240910676757,0.438018206368,0.240910013502
206,0.121194625134,0.0237732396508,0.0537425761608,0.0783447612291,0.00695128213703,0.016654421781,0.030232039306,0.285759322958,0.127191874033,0.164464559837,0.078100423308,0.0135908744643,1,0.9,30,9,1,1,20,0.00911060623804,0.000911060623804,0.00911060623804,0.0218278952125,0.0169763905111,0.00519030085376,0.00911060623804,0.000911060623804,0.00911060623804,0.240361122767,0.437019189971,0.240360554484
207,0.124843318328,0.0038434955885,0.108411630578,0.00643167504278,0.0328631099684,0.0249320837036,0.10388736558,0.107183640453,0.0997933565845,0.0510977674677,0.273497981325,0.0632145753804,1,0.9,30,9,1,1,20,0.00876918390964,0.000876918390964,0.00876918390964,0.0196421966759,0.00706572589199,0.0138231658863,0.00876918390964,0.000876918390964,0.00876918390964,0.241643865568,0.439351273263,0.241643200295
208,0.0176135551422,0.19097392936,0.0084094390677,0.0250763509272,0.0815041624968,0.141438488199,0.0876461647886,0.00387702642839,0.087863253595,0.146641798898,0.0208203181337,0.188135512963,1,0.9,30,9,1,1,20,0.00878323518683,0.000878323518683,0.00878323518683,0.0228031038329,0.0262035375597,0.0143645434783,0.00878323518683,0.000878323518683,0.00878323518683,0.235646466962,0.428446942182,0.2356458182
209,0.183534849399,0.00163287385656,0.0558544035254,0.0432648865892,0.299456660731,0.104204755313,0.0134429599613,0.0680572926007,0.00402879630147,0.0232475851629,0.064811450047,0.138463486513,1,0.9,30,9,1,1,20,0.00956608059785,0.000956608059785,0.00956608059785,0.019405172568,0.0176256785435,0.00518760192011,0.00956608059785,0.000956608059785,0.00956608059785,0.240325347714,0.436953974673,0.24032468607
210,0.0232049483504,0.185806061484,0.0181056101896,0.0689658815289,0.0372409599008,0.033405287086,0.118589054902,0.0425642101707,0.141027939834,0.162172333019,0.130227166678,0.0386905468558,1,0.9,30,9,1,1,20,0.00801487390694,0.000801487390694,0.00801487390694,0.0248093925958,0.0162867696694,0.00738127273653,0.00801487390694,0.000801487390694,0.00801487390694,0.240392331682,0.437075976069,0.240391786838
211,0.0829800306376,0.356839714581,0.153283030659,0.00288473562329,0.0144581362168,0.0881580342798,0.0126264726558,0.0908969515619,0.0787470048036,4.23259546932e-05,0.0969099638633,0.0221735991629,1,0.9,30,9,1,1,20,0.0110936758817,0.00110936758817,0.0110936758817,0.0178099530137,0.0220932204401,0.00476028021684,0.0110936758817,0.00110936758817,0.0110936758817,0.238004630876,0.43273450113,0.238003975621
212,0.00020436808579,0.244225661106,0.100733243323,0.00452169533108,0.107265273965,0.0545356089359,0.0513922687099,0.0294543760145,0.0597670120959,0.00391334012908,0.117571575758,0.226415576546,1,0.9,30,9,1,1,20,0.0076591496365,0.00076591496365,0.0076591496365,0.0264092875617,0.0172932324367,0.0133267775494,0.0076591496365,0.00076591496365,0.0076591496365,0.238543937445,0.433715055829,0.238543280706
213,0.0196864262557,0.235805231889,0.257175552571,0.0367607559489,0.0375684262694,0.134760932599,0.0400161481127,0.0125582791923,0.00374330088499,0.0191633173207,0.0293039274359,0.173457701521,1,0.9,30,9,1,1,20,0.00871323794543,0.000871323794543,0.00871323794543,0.0197625433868,0.013170270268,0.0102197848425,0.00871323794543,0.000871323794543,0.00871323794543,0.241018818895,0.438214827895,0.241018155342
214,0.0627532899588,0.0222185055126,0.0206538724371,0.156085723779,0.00108568924522,0.180001875856,0.0193833657743,0.0663218298901,0.226289055196,0.090486677338,0.144033026058,0.0106870889556,1,0.9,30,9,1,1,20,0.00874481929388,0.000874481929388,0.00874481929388,0.0199196438757,0.0137209762817,0.00775384964572,0.00874481929388,0.000874481929388,0.00874481929388,0.241444542554,0.43898886878,0.241443877829
215,0.105227742814,0.153686080106,0.022661459036,0.0417954890211,0.0466505150279,0.178898039445,0.0610800534815,0.0445374605524,0.0825744559237,0.0064893555216,0.174851424648,0.081547924422,1,0.9,30,9,1,1,20,0.00326920527155,0.000326920527155,0.00326920527155,0.0163038796801,0.00626631255785,0.00527513034749,0.00326920527155,0.000326920527155,0.00326920527155,0.251016323605,0.456392059141,0.251015632528
216,0.259466863299,0.107543535277,0.170373998482,0.0402750604192,0.07215021037,0.0519168478515,0.072350755034,0.106699354009,0.014088388834,0.0155724586142,0.0486555901123,0.0409069376975,1,0.9,30,9,1,1,20,0.011749671659,0.0011749671659,0.011749671659,0.0238744378449,0.0180748437361,0.0121517879582,0.011749671659,0.0011749671659,0.011749671659,0.234811272494,0.426928410967,0.234810626032
217,0.0242631789985,0.116356119668,0.172648273004,0.14912125216,0.0213699909573,0.136215136631,0.0192847973623,0.153664233084,0.0293496837229,0.0596982292101,0.101171443179,0.0168576620224,1,0.9,30,9,1,1,20,0.00731111960269,0.000731111960269,0.00731111960269,0.0310645850523,0.0186136697173,0.0125041216215,0.00731111960269,0.000731111960269,0.00731111960269,0.237576988416,0.43195737604,0.237576556822
218,0.147175481232,0.0654527515557,0.141647427791,0.0621458603281,0.199907862072,0.00330907644304,0.0375792213158,0.00239879822189,0.00056517982016,0.050371281335,0.104719250769,0.184727809116,1,0.9,30,9,1,1,20,0.00896885466542,0.000896885466542,0.00896885466542,0.0203859660965,0.0114553488502,0.0103979697003,0.00896885466542,0.000896885466542,0.00896885466542,0.240976841664,0.438138505867,0.240976178227
219,0.0515373184573,0.0206420989505,0.0431425558342,0.0565327929544,0.099696826648,0.0775221934397,0.0631598968175,0.102778400433,0.160618015399,0.171253002958,0.149523786845,0.00359311126378,1,0.9,30,9,1,1,20,0.00825402104568,0.000825402104568,0.00825402104568,0.0233059454952,0.00964900770928,0.0135297002584,0.00825402104568,0.000825402104568,0.00825402104568,0.2406512575,0.437546581061,0.240650619584
220,0.161399585016,0.0195306647316,0.328860356714,0.00792596161097,0.0602516138372,0.0416357426053,0.113096250302,0.117744845599,0.011540626152,0.00943539993971,0.0924937075997,0.036085245892,1,0.9,30,9,1,1,20,0.00916175335222,0.000916175335222,0.00916175335222,0.0244892992862,0.0120235180688,0.0124886226066,0.00916175335222,0.000916175335222,0.00916175335222,0.238993519494,0.434532694494,0.238992981971
221,0.00661261364161,0.181630811976,0.0551386357747,0.110590592166,0.14715150026,0.00743555361268,0.153737331088,0.0334767002048,0.0666705556198,0.0263350984185,0.193095854238,0.0181247530004,1,0.9,30,9,1,1,20,0.00913701969312,0.000913701969312,0.00913701969312,0.0292801587471,0.0218077431077,0.00992717386876,0.00913701969312,0.000913701969312,0.00913701969312,0.235874277874,0.42886139593,0.235873767761
222,0.0552770548551,0.129871555807,0.108367651532,0.0111457078977,0.241835823142,0.0122004955579,0.0119149153435,0.0228275710782,0.0407956833958,0.0218497382156,0.299176420396,0.0447373827782,1,0.9,30,9,1,1,20,0.00420201179528,0.000420201179528,0.00420201179528,0.0153253849577,0.00886787756914,0.00344569157686,0.00420201179528,0.000420201179528,0.00420201179528,0.250044283342,0.454624718074,0.250043594941
223,0.111657570819,0.0400587841635,0.00878008608303,0.145970743644,0.387367231974,0.0435343170197,0.00105860526746,0.0603774613485,0.109419883679,0.00621121553191,0.0563618634287,0.0292022370416,1,0.9,30,9,1,1,20,0.0101845112987,0.00101845112987,0.0101845112987,0.031443821105,0.0295834261574,0.0111841229408,0.0101845112987,0.00101845112987,0.0101845112987,0.231789696299,0.421434829706,0.231789156338
224,0.00712576700959,0.0742589535514,0.105005220438,0.213558243499,0.007180945848,0.00223581021201,0.0913919343068,0.0274464889611,0.238213539428,0.0865873752937,0.141593178576,0.00540254287637,1,0.9,30,9,1,1,20,0.00982559808714,0.000982559808714,0.00982559808714,0.0182308827036,0.0098590708175,0.00738076845123,0.00982559808714,0.000982559808714,0.00982559808714,0.241807122726,0.439648156991,0.241806486345
225,0.0604865768477,0.0806399791284,0.0911000830731,0.0036575021303,0.0466508284716,0.0251533841177,0.336716981135,0.0629983630855,0.0352889256094,0.018847445816,0.143463273853,0.0949966567324,1,0.9,30,9,1,1,20,0.00855382428175,0.000855382428175,0.00855382428175,0.0249048786226,0.0157442090469,0.00963408008023,0.00855382428175,0.000855382428175,0.00855382428175,0.239326556119,0.435138202676,0.239326011472
226,0.113284495296,0.276122095632,0.0441680336377,0.0134794470906,0.180269536572,0.0213166824447,0.175624097811,0.019580030073,0.0366256494764,0.0859017829438,0.004664607434,0.0289635415885,1,0.9,30,9,1,1,20,0.00846868950119,0.000846868950119,0.00846868950119,0.0290517882986,0.0316191414664,0.0091475175024,0.00846868950119,0.000846868950119,0.00846868950119,0.234303846584,0.426005942093,0.234303268151
227,0.0906016246033,0.0744422773528,0.109309913561,0.0288352589955,0.0426176124237,0.0509512453421,0.0278160152028,0.166453241196,0.0462628263453,0.252732567076,0.0531020836251,0.0568753342759,1,0.9,30,9,1,1,20,0.011250987914,0.0011250987914,0.011250987914,0.0193379103407,0.0214855117559,0.00854109676822,0.011250987914,0.0011250987914,0.011250987914,0.236600334889,0.430181288392,0.236599708616
228,0.00557065398331,0.0168144986063,0.187059605549,0.0514949026195,0.126086567748,0.0196467285264,0.0187989559931,0.0960652617028,0.0385993595786,0.404929628812,0.00109759231515,0.0338362445668,1,0.9,30,9,1,1,20,0.00916018790891,0.000916018790891,0.00916018790891,0.0203792664055,0.0123691200386,0.00951555716442,0.00916018790891,0.000916018790891,0.00916018790891,0.240759916356,0.437744097302,0.240759253516
229,0.164143712575,0.034923073296,0.111164134036,0.0275235349173,0.0694538299081,0.0611238443404,0.0402564677807,0.0190019545833,0.0114238342875,0.150924658661,0.154682225301,0.155378730314,1,0.9,30,9,1,1,20,0.00909116316705,0.000909116316705,0.00909116316705,0.0176307670815,0.02194743766,0.00549940358496,0.00909116316705,0.000909116316705,0.00909116316705,0.240098930041,0.43654230731,0.240098269021
230,0.0348663609334,0.000109121425448,0.299812089098,0.00523790882973,0.229991451234,0.0361220611683,0.08065937536,0.201359506487,0.0611195589171,0.0205150035746,0.00339040829035,0.0268171546827,1,0.9,30,9,1,1,20,0.0385374493201,0.00385374493201,0.0385374493201,0.0263022431144,0.0484424382004,0.0179750882617,0.0385374493201,0.00385374493201,0.0385374493201,0.195230215198,0.354963050375,0.195229677706
231,0.0194518848724,0.0191690072149,0.128684853666,0.0546643555083,0.149949472031,0.0373027861319,0.0989654198351,0.0592171853672,0.0275041786757,0.0350969341093,0.223463389623,0.146530532966,1,0.9,30,9,1,1,20,0.00789893870955,0.000789893870955,0.00789893870955,0.024590656915,0.012006458662,0.012185782251,0.00789893870955,0.000789893870955,0.00789893870955,0.240439944672,0.437162332206,0.240439282713
232,0.280992052939,0.0230565932085,0.0385421551651,0.194363463926,0.0989321924512,0.0357336577074,0.0193130978487,0.0389385092764,0.00170859680302,0.157057469359,0.0146769843696,0.0966852269456,1,0.9,30,9,1,1,20,0.00849907981689,0.000849907981689,0.00849907981689,0.0213973591404,0.0161046019327,0.00714702852695,0.00849907981689,0.000849907981689,0.00849907981689,0.240862480563,0.437930577165,0.240861817441
233,0.0595298198489,0.0330154812271,0.0499114354626,0.136726758859,0.0544825834458,0.184647532402,0.127008549835,0.0493296013448,0.00262039543813,0.12225029154,0.0582674360352,0.122210114561,1,0.9,30,9,1,1,20,0.0101752695185,0.00101752695185,0.0101752695185,0.0187993553682,0.0181860456719,0.00750285721388,0.0101752695185,0.00101752695185,0.0101752695185,0.239060764535,0.43465473886,0.239060106373
234,0.000841056507643,0.0967803792213,0.0312671856972,0.085227869762,0.169621946087,0.0785924042775,0.166071746692,0.0153020670766,0.196565734694,0.0630271337987,0.0727190693244,0.0239834068613,1,0.9,30,9,1,1,20,0.00922614468825,0.000922614468825,0.00922614468825,0.0201680530338,0.00986671559281,0.0126661342775,0.00922614468825,0.000922614468825,0.00922614468825,0.240572921798,0.437404108133,0.240572259473
235,0.135075827037,0.00894658277631,0.0624843484112,0.115091778993,0.00143699849558,0.113795140789,0.034217799999,0.0688951269646,0.257441364295,0.0482230063101,0.0743815862539,0.0800104396747,1,0.9,30,9,1,1,20,0.00827998466596,0.000827998466596,0.00827998466596,0.020598298311,0.0243027723981,0.00635350823776,0.00827998466596,0.000827998466596,0.00827998466596,0.239373446898,0.435223250683,0.239372787875
236,0.0996812047369,0.0418814675909,0.0357045128338,0.162784205958,0.0600845393848,0.0316982120394,0.0176354479473,0.216435270556,0.0548075283299,0.131780524967,0.0238489765924,0.123658109063,1,0.9,30,9,1,1,20,0.00783248961979,0.000783248961979,0.00783248961979,0.0264015802693,0.0182817429105,0.0074870480401,0.00783248961979,0.000783248961979,0.00783248961979,0.239625727844,0.435682222279,0.239625222254
237,0.084500191088,0.0445686755866,0.0271065788443,0.346583604869,0.0864542995771,0.0857629475543,0.0544569189216,0.0473179793806,0.0199584438687,0.0438618255478,0.0907960596063,0.0686324751561,1,0.9,30,9,1,1,20,0.00860490733623,0.000860490733623,0.00860490733623,0.0231170931754,0.0121162470159,0.0105235628674,0.00860490733623,0.000860490733623,0.00860490733623,0.240455882901,0.437191356921,0.240455246307
238,0.00793036401038,0.182278516645,0.00352635998363,0.155060139596,0.0369931117728,0.20912420022,0.0584945711926,0.0578092177511,0.0801649209916,0.0684707135855,0.071581482831,0.0685664014201,1,0.9,30,9,1,1,20,0.0086665586786,0.00086665586786,0.0086665586786,0.0248739409359,0.0171504025369,0.00603769886629,0.0086665586786,0.00086665586786,0.0086665586786,0.239784269956,0.435970413713,0.239783727542
239,0.128509114264,0.359780728043,0.0180078015604,0.0448895077314,0.00456903822196,0.0170080154952,0.00959934668643,0.045003742318,0.0868049985882,0.0603499251116,0.157742708018,0.0677350739622,1,0.9,30,9,1,1,20,0.00867263083308,0.000867263083308,0.00867263083308,0.0224297137452,0.0155203350241,0.0101947387639,0.00867263083308,0.000867263083308,0.00867263083308,0.239756006071,0.435918810901,0.239755345995
240,0.00716294644654,0.0982316252682,0.0990360751311,0.27028734649,0.191839883125,0.0466306640137,0.0101773306593,0.036360972102,0.0295388404152,0.00999761948961,0.168746561131,0.0319901357285,1,0.9,30,9,1,1,20,0.00912668625237,0.000912668625237,0.00912668625237,0.0185658215499,0.0177055728448,0.00682111210387,0.00912668625237,0.000912668625237,0.00912668625237,0.240579763246,0.437416547094,0.240579100902
241,0.0735785621393,0.0283011220617,0.119782533391,0.00178562217169,0.183043354875,0.141699034632,0.0913208298148,0.09406700956,0.0877619036518,0.0115711022757,0.0513904240813,0.115698501346,1,0.9,30,9,1,1,20,0.00987994609004,0.000987994609004,0.00987994609004,0.0163032640329,0.0118187753359,0.0061413682117,0.00987994609004,0.000987994609004,0.00987994609004,0.242063563489,0.440114358292,0.24206289706
242,0.0495657953061,0.0773337393738,0.123883518645,0.267145285978,0.00221855908548,0.0808000443621,0.111764792568,0.103119086903,0.0130820320797,0.0199159215076,0.0935623762273,0.0576088479648,1,0.9,30,9,1,1,20,0.00932114357893,0.000932114357893,0.00932114357893,0.0186452995585,0.0166748198378,0.00580822629507,0.00932114357893,0.000932114357893,0.00932114357893,0.240880283866,0.437962946717,0.240879620694
243,0.13909657007,0.140700983236,0.0611937051645,0.0464273486354,0.024497171983,0.0469867342798,0.151808156919,0.105105803388,0.0562870210741,0.124509704086,0.073139463358,0.0302473378065,1,0.9,30,9,1,1,20,0.00743798044772,0.000743798044772,0.00743798044772,0.0256254968967,0.0206370943029,0.0090805536479,0.00743798044772,0.000743798044772,0.00743798044772,0.239228836366,0.434960323165,0.239228177741
244,0.0682070736487,0.0588932278875,0.291945653051,0.118383222645,0.0654259508039,0.00208978987127,0.0475998455568,0.0476184100132,0.13709835889,0.0802272760401,0.0488267053154,0.033684486277,1,0.9,30,9,1,1,20,0.008609709494,0.0008609709494,0.008609709494,0.02490188312,0.0165240129022,0.00840106147483,0.008609709494,0.0008609709494,0.008609709494,0.239384563059,0.435243677141,0.239384022428
245,0.0123383874246,0.122889171634,0.0329962956214,0.126134020818,0.156460750925,0.148237852626,0.0618226424885,0.095422588713,0.00362693085466,0.0155394990163,0.192332582839,0.0321992770391,1,0.9,30,9,1,1,20,0.00839772536549,0.000839772536549,0.00839772536549,0.0249688281845,0.0152256346417,0.00847740659578,0.00839772536549,0.000839772536549,0.00839772536549,0.23992026671,0.436217688602,0.239919728731
246,0.162150667565,0.016154426803,0.134718151947,0.0766723511162,0.0716653660805,0.104214305241,0.0741667907682,0.0456157942414,0.129592063539,0.0167950504762,0.0799145572479,0.0883404749747,1,0.9,30,9,1,1,20,0.00987275713247,0.000987275713247,0.00987275713247,0.0196493800692,0.0125307531469,0.00794945733714,0.00987275713247,0.000987275713247,0.00987275713247,0.240535052592,0.437335339935,0.240534436964
247,0.106168698636,0.0171414337995,0.0733245796031,0.114133118605,0.033193360914,0.0776682500058,0.121420719402,0.0498817726483,0.086037350069,0.133196714232,0.154616328063,0.0332176740232,1,0.9,30,9,1,1,20,0.00874545230468,0.000874545230468,0.00874545230468,0.019612961901,0.0131882954368,0.00839481539031,0.00874545230468,0.000874545230468,0.00874545230468,0.241495807485,0.439082077489,0.241495142619
248,0.0629068355264,0.107096311646,0.026543444511,0.319159417244,0.096744931022,0.0519051783383,0.00176496556405,0.127399009163,0.0469972154665,0.112537932759,0.0410935945777,0.00585116418185,1,0.9,30,9,1,1,20,0.00917675472887,0.000917675472887,0.00917675472887,0.020606633037,0.0135850537531,0.00860321670639,0.00917675472887,0.000917675472887,0.00917675472887,0.240602631611,0.437458125826,0.240601969205
249,0.0753428991425,0.073436621898,0.0139251746345,0.0742967401838,0.0295810525458,0.0718916863379,0.384432700233,0.020393425913,0.0987289487767,0.031262702432,0.0692747814722,0.0574332664309,1,0.9,30,9,1,1,20,0.00396111066546,0.000396111066546,0.00396111066546,0.0152895795847,0.00537874126903,0.00461466869285,0.00396111066546,0.000396111066546,0.00396111066546,0.250926314713,0.456228407062,0.250925623884
250,0.00544883682498,0.142366996365,0.0224529588739,0.24032511292,0.088985409396,0.0668779360941,0.0366456897581,0.0363201258846,0.118325593706,0.0331219426101,0.0223889488914,0.186740448676,1,0.9,30,9,1,1,20,0.00948415100386,0.000948415100386,0.00948415100386,0.0164570806299,0.00860992688688,0.00864006373985,0.00948415100386,0.000948415100386,0.00948415100386,0.242644646397,0.441170869761,0.242643978369
251,0.0753445248566,0.0139558050811,0.36572730304,0.00721796259007,0.0279996856209,0.146998260472,0.0329552063221,0.0214306939248,0.0169053970987,0.0588168508885,0.0758749198233,0.156773390282,1,0.9,30,9,1,1,20,0.00804889042417,0.000804889042417,0.00804889042417,0.0225434676466,0.0221690588614,0.00759654802297,0.00804889042417,0.000804889042417,0.00804889042417,0.239351473105,0.435183298441,0.239350814142
252,0.0891797799156,0.119528810811,0.0348753467113,0.045405667335,0.0118188533884,0.0748594095234,0.0396410229001,0.267972749112,0.0411305467279,0.0587889950165,0.0326772453768,0.184121573182,1,0.9,30,9,1,1,20,0.00812887804428,0.000812887804428,0.00812887804428,0.0265369922909,0.0117790435713,0.0124879413299,0.00812887804428,0.000812887804428,0.00812887804428,0.239657581129,0.435740099286,0.239657054607
253,0.161665461522,0.106089203227,0.0589249834941,0.00271392777157,0.0126424358667,0.105399848006,0.0360570298598,0.034993325592,0.0217194246441,0.300164010296,0.0227628517985,0.136867497922,1,0.9,30,9,1,1,20,0.00820291448157,0.000820291448157,0.00820291448157,0.0227819972313,0.0165599420971,0.0124724503575,0.00820291448157,0.000820291448157,0.00820291448157,0.239311605336,0.435110815584,0.239310948571
254,0.126429401022,0.0956404159723,0.039637764828,0.19602640815,0.0604666978125,0.000924431112964,0.0421665480095,0.192671546127,0.165337909886,0.0383208242304,0.0249630399983,0.0174150128502,1,0.9,30,9,1,1,20,0.0144356420423,0.00144356420423,0.0144356420423,0.0204252117632,0.0250781903309,0.0068671106168,0.0144356420423,0.00144356420423,0.0144356420423,0.232309941064,0.42238054816,0.232309301488
255,0.0528129070884,0.0754295764133,0.177596560288,0.112609983093,0.10044044307,0.0135280656914,0.0706931680638,0.0682533909002,0.135421577828,0.131635921295,0.012529306676,0.049049099593,1,0.9,30,9,1,1,20,0.00903806133706,0.000903806133706,0.00903806133706,0.0207101934384,0.0116495297482,0.0114744136218,0.00903806133706,0.000903806133706,0.00903806133706,0.240482994154,0.43724065253,0.240482358892
256,0.119375922706,0.0295952409156,0.0333762842597,0.0527250511902,0.00552113815504,0.146541756689,0.0272330430209,0.0868471725762,0.191799630086,0.140101529067,0.122481853769,0.0444013775655,1,0.9,30,9,1,1,20,0.00798796061322,0.000798796061322,0.00798796061322,0.0278253044358,0.0170823644676,0.0124349015786,0.00798796061322,0.000798796061322,0.00798796061322,0.238100095762,0.432908322052,0.238099577129
257,0.0217865508158,0.138397949709,0.0103152365197,0.0248546766286,0.0793717208801,0.0593793850671,0.0139991089059,0.00100223595957,0.0227249653172,0.325818031204,0.207443970045,0.0949061689477,1,0.9,30,9,1,1,20,0.00881895436242,0.000881895436242,0.00881895436242,0.0253356828835,0.0161130714973,0.00757229044921,0.00881895436242,0.000881895436242,0.00881895436242,0.239365460426,0.435208958982,0.23936492744
258,0.0248580773399,0.145949758046,0.0161233877029,0.135179380021,0.0184252564295,0.0322693464251,0.0808942073058,0.133655107037,0.0241025556209,0.0180422875841,0.313639884632,0.0568607518549,1,0.9,30,9,1,1,20,0.00785614996556,0.000785614996556,0.00785614996556,0.0229043998691,0.0187951306294,0.0104772742201,0.00785614996556,0.000785614996556,0.00785614996556,0.239598113043,0.435631775731,0.239597476652
259,0.202412687737,0.172020421507,0.000467678661976,0.12089512699,0.0262152695856,0.0358055141499,0.0200626563833,0.0363324400328,0.0777410396564,0.196695433774,0.0368452222963,0.0745065092262,1,0.9,30,9,1,1,20,0.00845838967783,0.000845838967783,0.00845838967783,0.0208292968294,0.0109388214467,0.0159130588531,0.00845838967783,0.000845838967783,0.00845838967783,0.24011309384,0.436568059602,0.240112432781
260,0.103938495666,0.0921492351561,0.0167094139245,0.00495321067535,0.0343866040177,0.232081205881,0.000730747738122,0.279572055642,0.0778778301932,0.119127702772,0.00420687240891,0.0342666259255,1,0.9,30,9,1,1,20,0.00916933653982,0.000916933653982,0.00916933653982,0.0214591234453,0.0144242749513,0.0103196769602,0.00916933653982,0.000916933653982,0.00916933653982,0.239718171467,0.435850025619,0.23971751409
261,0.0224610313581,0.0890980931946,0.0186947928263,0.0602194322352,0.18620125351,0.0717091833299,0.023853034621,0.0831934682108,0.0523933917164,0.271942570694,0.0653371725831,0.0548965757208,1,0.9,30,9,1,1,20,0.00790530870098,0.000790530870098,0.00790530870098,0.0247853503579,0.0190531482105,0.0076129495555,0.00790530870098,0.000790530870098,0.00790530870098,0.239733935541,0.435878915994,0.239733403797
262,0.0487671044093,0.11340986399,0.0209265717227,0.0490371330845,0.0165765873873,0.0578990040052,0.0650412691572,0.0061546977242,0.0933731501475,0.49618867019,0.0324382700454,0.000187678137137,1,0.9,30,9,1,1,20,0.0114747584389,0.00114747584389,0.0114747584389,0.0176999680001,0.0232922474036,0.00600045080221,0.0114747584389,0.00114747584389,0.0114747584389,0.236975406117,0.430863188538,0.236974753696
263,0.0869911650178,0.010437596345,0.160919161519,0.22572428842,0.0521317558705,0.0233094239763,0.155457088661,0.0179601444066,0.0851310984402,0.00700865648649,0.171198548155,0.00373107270131,1,0.9,30,9,1,1,20,0.00839173857301,0.000839173857301,0.00839173857301,0.0209955740611,0.0195700075151,0.00574224521225,0.00839173857301,0.000839173857301,0.00839173857301,0.240546044014,0.437355372381,0.24054545481
264,0.189721120597,0.0550149027201,0.0469214195314,0.135662059745,0.0187377008276,0.157861741254,0.0633658828714,0.140772891984,0.0386755290863,0.0182702594555,0.0404447652662,0.0945517266611,1,0.9,30,9,1,1,20,0.00415700530363,0.000415700530363,0.00415700530363,0.0153904708588,0.00523810598772,0.00575093433744,0.00415700530363,0.000415700530363,0.00415700530363,0.250423645351,0.455314465284,0.250422955906
265,0.0933700484207,0.0709782152906,0.0296016437358,0.18762977074,0.0739845838236,0.0156457375829,0.0507442072019,0.0592001208183,0.0343385116557,0.346569387832,0.026056115942,0.0118816569567,1,0.9,30,9,1,1,20,0.00922220983559,0.000922220983559,0.00922220983559,0.0180498297769,0.0175621637152,0.00505625654713,0.00922220983559,0.000922220983559,0.00922220983559,0.241109612692,0.438379907071,0.241108948889
266,0.159144728654,0.123616980217,0.0804033372855,0.0261466703486,0.0708460935925,0.0246170372514,0.119012755644,0.031990634296,0.0314605967824,0.172134055806,0.00025135881709,0.160375751305,1,0.9,30,9,1,1,20,0.00899814164217,0.000899814164217,0.00899814164217,0.0198948373806,0.0150390214896,0.0083086176655,0.00899814164217,0.000899814164217,0.00899814164217,0.240681884658,0.437602221877,0.240681222032
267,0.0789133921415,0.112143235102,0.131520227174,0.126623426626,0.0807417563801,0.0395642988027,0.0752567740945,0.132599075168,0.0374461741948,0.095346193367,0.0639981858162,0.0258472611337,1,0.9,30,9,1,1,20,0.00878093422902,0.000878093422902,0.00878093422902,0.0183558263502,0.0328843668879,0.00474866265427,0.00878093422902,0.000878093422902,0.00878093422902,0.237582469063,0.431966936311,0.237581814971
268,0.0515977861759,0.0278091966674,0.0218426080718,0.0453918314997,0.056257452966,0.0575771716883,0.234587877652,0.0463647133455,0.0953577486749,0.0470977776265,0.0500956504661,0.266020185166,1,0.9,30,9,1,1,20,0.00892800365886,0.000892800365886,0.00892800365886,0.021165817898,0.0258565005769,0.00486211111546,0.00892800365886,0.000892800365886,0.00892800365886,0.238495663339,0.43362728497,0.238495006733
269,0.0904033648729,0.062384895103,0.0582224737874,0.263349321119,0.049962423876,0.0178952302572,0.0930405913145,0.110650843994,0.0345942179272,0.125861550615,0.000468474407037,0.0931666127267,1,0.9,30,9,1,1,20,0.00853337379428,0.000853337379428,0.00853337379428,0.022547933062,0.017467935061,0.00778772488633,0.00853337379428,0.000853337379428,0.00853337379428,0.239998528707,0.436359811837,0.23999789651
270,0.0354951728548,0.0730828242125,0.0229082752889,0.12368721708,0.141760714522,0.104041815169,0.000184954397168,0.0717447451547,0.0387337804704,0.0208503762945,0.220751220835,0.146758903721,1,0.9,30,9,1,1,20,0.00739213675697,0.000739213675697,0.00739213675697,0.0332923930811,0.0186441439699,0.0118058123774,0.00739213675697,0.000739213675697,0.00739213675697,0.237079297381,0.431052502459,0.237078876352
271,0.191136225338,0.0401686766358,0.0456338490573,0.0441879672956,0.14110117717,0.0512535246181,0.0598793796522,0.0551000200427,0.060266846481,0.0945634991764,0.0233724251728,0.19333640936,1,0.9,30,9,1,1,20,0.00874544736966,0.000874544736966,0.00874544736966,0.0192661565948,0.0110429722416,0.0102194172977,0.00874544736966,0.000874544736966,0.00874544736966,0.241670641662,0.439399956936,0.241669976315
272,0.00901435784843,0.0687717113823,0.470529649988,0.0117517435728,0.00793630648209,0.0185453604497,0.0195059985438,0.0117131095042,0.121416426441,0.15354299366,0.043260254083,0.0640120880447,1,0.9,30,9,1,1,20,0.00992269525172,0.000992269525172,0.00992269525172,0.0206836081926,0.0223920390684,0.00586340231265,0.00992269525172,0.000992269525172,0.00992269525172,0.238172893879,0.433040475155,0.238172261335
273,0.134068899406,0.140258297087,0.0332064824539,0.0217605580823,0.0770584621007,0.0944299927057,0.0690709957412,0.125338258973,0.107981084394,0.041944592852,0.0135242818452,0.141358094359,1,0.9,30,9,1,1,20,0.00827608187768,0.000827608187768,0.00827608187768,0.0185297392595,0.0160615189537,0.0092712779673,0.00827608187768,0.000827608187768,0.00827608187768,0.241313755109,0.43875107408,0.241313090744
274,0.0353779238218,0.00414057416364,0.136383885893,0.0520624156703,0.061579789284,0.06964653878,0.0038230098116,0.0622268541481,0.0363300928573,0.28644000018,0.158472027739,0.0935168876517,1,0.9,30,9,1,1,20,0.00915539244568,0.000915539244568,0.00915539244568,0.0191710938493,0.0122216932974,0.01176761687,0.00915539244568,0.000915539244568,0.00915539244568,0.240530403649,0.437326802621,0.240529741441
275,0.101261040212,0.0708285463862,0.000209496005124,0.0226225603233,0.0868146989971,0.0117188332279,0.0584427191678,0.252455457761,0.187230654477,0.0892720825629,0.105740584438,0.0134033264417,1,0.9,30,9,1,1,20,0.00968395556234,0.000968395556234,0.00968395556234,0.0161466155396,0.0130390619455,0.00477733490182,0.00968395556234,0.000968395556234,0.00968395556234,0.242357828599,0.440649384291,0.24235716136
276,0.279505426018,0.0921197510809,0.0156074037556,0.0130296609988,0.0994059767137,0.0546851322052,0.00979262811149,0.278726114971,0.0117705898056,0.0085758974915,0.127027234282,0.00975418456611,1,0.9,30,9,1,1,20,0.00962628412291,0.000962628412291,0.00962628412291,0.0224210713974,0.00948700804167,0.0134704785255,0.00962628412291,0.000962628412291,0.00962628412291,0.23943147549,0.435328756922,0.239430816307
277,0.0194874541784,0.0290584226705,0.0947101036888,0.116520533981,0.148149992893,0.0890621290375,0.0332597546075,0.0495644929481,0.0227074177066,0.0880609673742,0.128299480217,0.181119250698,1,0.9,30,9,1,1,20,0.00849956254633,0.000849956254633,0.00849956254633,0.0226996806804,0.0105070218265,0.0157736303638,0.00849956254633,0.000849956254633,0.00849956254633,0.239727546444,0.435867069672,0.239726888319
278,0.0633323438248,0.0328250776719,0.0856112620809,0.0183381956654,0.0658233587205,0.070645740292,0.0764434241843,0.183925446338,0.0470961144209,0.0255613321381,0.0929496812141,0.237448023449,1,0.9,30,9,1,1,20,0.00882245860403,0.000882245860403,0.00882245860403,0.0197028007928,0.0132201690954,0.0109991917507,0.00882245860403,0.000882245860403,0.00882245860403,0.240697122321,0.43762992897,0.240696460933
279,0.186688998953,0.0224984762958,0.0285029868236,0.182460097995,0.0201345006583,0.0156605729062,0.27414845007,0.0287954776542,0.11322737305,0.0738541565151,0.0272707719571,0.0267581371224,1,0.9,30,9,1,1,20,0.00918666747301,0.000918666747301,0.00918666747301,0.0231087510108,0.0170537932848,0.00743073834109,0.00918666747301,0.000918666747301,0.00918666747301,0.239334932907,0.435153407142,0.239334373928
280,0.00928542377083,0.145301137817,0.0389055925213,0.024786575539,0.0919369229786,0.000272029619944,0.154413617447,0.0171070775682,0.0111229001773,0.0623134256016,0.321852097241,0.122703199717,1,0.9,30,9,1,1,20,0.00841254434613,0.000841254434613,0.00841254434613,0.0227902455312,0.0168325784174,0.00768401627982,0.00841254434613,0.000841254434613,0.00841254434613,0.240261542986,0.436838019698,0.240260910834
281,0.000253613685361,0.126704087271,0.0673985328637,0.0839407403152,0.0318668268527,0.270332770132,0.0232436813501,0.283000348849,0.0270619026736,0.0556338806655,0.00918289979577,0.0213807155459,1,0.9,30,9,1,1,20,0.00450749452347,0.000450749452347,0.00450749452347,0.0158860318194,0.010164396591,0.00405020418117,0.00450749452347,0.000450749452347,0.00450749452347,0.249063525029,0.452841526052,0.249062839329
282,0.0700317493106,0.0535763694967,0.125737056256,0.0568025607306,0.136809851497,0.232664646057,0.0744005125426,0.00524243486337,0.00680960871858,0.124928169773,0.0186173083095,0.0943797324447,1,0.9,30,9,1,1,20,0.00874085880696,0.000874085880696,0.00874085880696,0.0188335137267,0.0137490794679,0.00672237107328,0.00874085880696,0.000874085880696,0.00874085880696,0.24199615166,0.439991791666,0.241995485417
283,0.0274827812424,0.124247934492,0.114514338021,0.125931625461,0.101406001837,0.0959323024742,0.106880675543,0.0126023410792,0.0491793228044,0.162387042492,0.0705856019104,0.00885003264448,1,0.9,30,9,1,1,20,0.00827873575733,0.000827873575733,0.00827873575733,0.0220437899853,0.0187634920396,0.00735668097073,0.00827873575733,0.000827873575733,0.00827873575733,0.24018426938,0.436697469318,0.240183608125
284,0.212334503467,0.0359592772393,0.0386235983471,0.0493781023287,0.0170716394004,0.0783852928857,0.0137411964836,0.00878460577554,0.0682698822476,0.0572687425125,0.356450301956,0.0637328573563,1,0.9,30,9,1,1,20,0.00848476882633,0.000848476882633,0.00848476882633,0.020585515774,0.0147549086172,0.00699010870008,0.00848476882633,0.000848476882633,0.00848476882633,0.241485438719,0.439063225238,0.241484773881
285,0.0532575345068,0.179505732431,0.0151558450241,0.111207155045,0.120150805081,0.194967475065,0.0275772899674,0.0971183258894,0.0788498469067,0.0501012722113,0.04325488392,0.0288538339526,1,0.9,30,9,1,1,20,0.0112237950145,0.00112237950145,0.0112237950145,0.0174936834442,0.00909985129098,0.0081495965178,0.0112237950145,0.00112237950145,0.0112237950145,0.240459684499,0.437198222701,0.240459022486
286,0.0262120777063,0.109369058908,0.0153271372532,0.031023433074,0.125741795473,0.0799503027239,0.00242005349134,0.0694778484767,0.0764911004304,0.165692181714,0.14891009383,0.149384916919,1,0.9,30,9,1,1,20,0.00762087821013,0.000762087821013,0.00762087821013,0.0245884408159,0.0244664065413,0.00675834734513,0.00762087821013,0.000762087821013,0.00762087821013,0.238904472604,0.434370738201,0.23890390601
287,0.0443221057655,0.13724719046,0.197585338471,0.0504924003738,0.0606511060169,0.0435644787473,0.0494694340884,0.114728508402,0.0728363279155,0.14625823778,0.0647437791141,0.0181010928646,1,0.9,30,9,1,1,20,0.00894989506178,0.000894989506178,0.00894989506178,0.0237915209579,0.0131313880966,0.00787018026202,0.00894989506178,0.000894989506178,0.00894989506178,0.240328754237,0.436960385282,0.240328211905
288,0.02222762899,0.204607699001,0.0959620171946,0.0166380789197,0.0432372572861,0.127154364763,0.232232590725,0.0845766339336,0.0189800750477,0.0543315276346,0.0562560051054,0.0437961213987,1,0.9,30,9,1,1,20,0.00960449177262,0.000960449177262,0.00960449177262,0.0220580490193,0.022606838041,0.00826311724418,0.00960449177262,0.000960449177262,0.00960449177262,0.23747820716,0.431777369736,0.237477553355
289,0.140705237675,0.137574069386,0.200499699363,0.112365421858,0.0610291744892,0.00828168470511,0.0471960886397,0.0207116135968,0.00314974401852,0.00234260999321,0.130389543862,0.135755112414,1,0.9,30,9,1,1,20,0.00838326599388,0.000838326599388,0.00838326599388,0.0244963719658,0.00902509678423,0.0122225387575,0.00838326599388,0.000838326599388,0.00838326599388,0.240702996648,0.437640824948,0.240702453722
290,0.00845608871392,0.0837404578141,0.200778460838,0.00762839898263,0.0102249503332,0.0173790388367,0.121564162911,0.0303471199719,0.113247128024,0.105672781516,0.0158377570724,0.285123654986,1,0.9,30,9,1,1,20,0.00932600286538,0.000932600286538,0.00932600286538,0.017642806438,0.0110019710086,0.0069907383698,0.00932600286538,0.000932600286538,0.00932600286538,0.242313539864,0.440568859539,0.242312872746
291,0.0449672670918,0.00179995894018,0.0711826636236,0.00047577306332,0.0776043567395,0.0696792257835,0.045324306584,0.256202990213,0.136134084046,0.141085633939,0.1542085266,0.00133521337642,1,0.9,30,9,1,1,20,0.00897770209451,0.000897770209451,0.00897770209451,0.0183806478498,0.00921832521079,0.0099432529654,0.00897770209451,0.000897770209451,0.00897770209451,0.242197293992,0.44035750399,0.242196627195
292,0.0530818623768,0.210202443041,0.0226379825336,0.221137800734,0.00243687741306,0.0871080661205,0.0131015440812,0.118761760787,0.105907839691,0.0227845190535,0.0709552777928,0.0718840263764,1,0.9,30,9,1,1,20,0.00883858221486,0.000883858221486,0.00883858221486,0.0199790355108,0.0192313179304,0.00638811278847,0.00883858221486,0.000883858221486,0.00883858221486,0.24024035421,0.436799441456,0.240239692801
293,0.0407601693639,0.000423307650066,0.18069790783,0.00175101304508,0.00873663830817,0.48241970783,0.048606921213,0.0496058768768,0.00667444686013,0.0491634517294,0.0751151260418,0.0560454332518,1,0.9,30,9,1,1,20,0.00844171804331,0.000844171804331,0.00844171804331,0.0194863511423,0.0174692393703,0.00825268979859,0.00844171804331,0.000844171804331,0.00844171804331,0.240779097444,0.437778971912,0.240778434551
294,0.0754020277627,0.022882284029,0.0789274862086,0.0362659655695,0.233774955893,0.0268083201736,0.1196353552,0.109103457137,0.102075777395,0.0514381166858,0.126052385656,0.0176338682903,1,0.9,30,9,1,1,20,0.00981026629171,0.000981026629171,0.00981026629171,0.0167812584322,0.0120372636124,0.00727565750981,0.00981026629171,0.000981026629171,0.00981026629171,0.241660722551,0.439381922238,0.241660057231
295,0.0104911765384,0.124564563101,0.00941833330307,0.0110979178875,0.146213809933,0.0511750096755,0.0042692549468,0.180145111241,0.0339751473506,0.228420834078,0.15715135349,0.043077488455,1,0.9,30,9,1,1,20,0.0083038982423,0.00083038982423,0.0083038982423,0.021467756038,0.0123134093499,0.0153583113366,0.0083038982423,0.00083038982423,0.0083038982423,0.23990109838,0.436182614373,0.239900437905
296,0.00198485051851,0.148245819946,0.174835693252,0.0797842517988,0.0287887544619,0.144957848198,0.0700266873761,0.0534698500864,0.018881178134,0.0535949231563,0.189614671568,0.0358154715038,1,0.9,30,9,1,1,20,0.00869778982741,0.000869778982741,0.00869778982741,0.0221966834737,0.0247727696607,0.0076694461631,0.00869778982741,0.000869778982741,0.00869778982741,0.23802748887,0.432776061005,0.238026833553
297,0.106556357845,0.0912960857412,0.00284533270863,0.082864876034,0.190592291909,0.0790800868458,0.0340847785133,0.0839513850132,0.0225715394386,0.0702742208827,0.0124244862242,0.223458558845,1,0.9,30,9,1,1,20,0.0100525989809,0.00100525989809,0.0100525989809,0.0213973615389,0.0286938743666,0.00721571331619,0.0100525989809,0.00100525989809,0.0100525989809,0.235838419373,0.428795945604,0.235837770082
298,0.0028167724332,0.10169505463,0.0653997802976,0.0701035295179,0.19437176224,0.0248831348492,0.0644347727253,0.300824404493,0.154929968904,0.00744905604238,0.00745969800947,0.00563206585872,1,0.9,30,9,1,1,20,0.101485683191,0.0101485683191,0.101485683191,0.0774050272031,0.156425414265,0.0429875951138,0.101485683191,0.0101485683191,0.101485683191,0.0777707064672,0.141400895193,0.0777704923559
299,0.183099585833,0.197246293788,0.164332232854,0.0587651790784,0.0470170417052,0.0501021059787,0.0376416441259,0.00527505211758,0.0202309999648,0.0177518429952,0.199669378754,0.0188686428043,1,0.9,30,9,1,1,20,0.00949768211313,0.000949768211313,0.00949768211313,0.0263011399472,0.0240010041441,0.014771981642,0.00949768211313,0.000949768211313,0.00949768211313,0.234414501215,0.426207166565,0.234413941611
300,0.00192068724128,0.027945507514,0.136997404082,0.0450056154748,0.133754606689,0.144465425999,0.0189052125706,0.119100889172,0.130235357927,0.0824464906123,0.141629641442,0.0175931612749,1,0.9,30,9,1,1,20,0.00840686122843,0.000840686122843,0.00840686122843,0.0251323381823,0.0116848146669,0.00973086104859,0.00840686122843,0.000840686122843,0.00840686122843,0.240466463635,0.437210777618,0.24046592769
301,0.0165572462858,0.0122184194146,0.0533252811304,0.0157071401359,0.104479391495,0.039417612535,0.0847778195021,0.0766857002875,0.0350623846077,0.0424753295832,0.350823573158,0.168470101865,1,0.9,30,9,1,1,20,0.00866445058611,0.000866445058611,0.00866445058611,0.0229544598918,0.0202194069399,0.00539988463679,0.00866445058611,0.000866445058611,0.00866445058611,0.239652605512,0.435730935844,0.239652014714
302,0.136020056591,0.0712126915377,0.000346949573315,7.3463370108e-05,0.127127267667,0.00299900261362,0.0422677221012,0.150212758051,0.160081290985,0.0209240049141,0.262768923333,0.0259658692631,1,0.9,30,9,1,1,20,0.00764186780443,0.000764186780443,0.00764186780443,0.0337170480706,0.0266459744074,0.00903416736487,0.00764186780443,0.000764186780443,0.00764186780443,0.23532358556,0.427860245044,0.235323134774
303,0.243814970379,0.0103599212038,0.106742248592,0.0954961163803,0.0177835361254,0.00725494721145,0.164516182654,0.0490121183268,0.0504250104245,0.028957627129,0.101273004017,0.124364317556,1,0.9,30,9,1,1,20,0.00888077900092,0.000888077900092,0.00888077900092,0.0196981559971,0.0109346689174,0.0110472373971,0.00888077900092,0.000888077900092,0.00888077900092,0.241220188382,0.438580953227,0.241219524275
304,0.0514249179069,0.227085208204,0.00313073092299,0.0276734454632,0.0456197738609,0.0691673781866,0.148872684109,0.0255199286666,0.0457658229547,0.0103764955353,0.246667019048,0.0986965951426,1,0.9,30,9,1,1,20,0.00899662318301,0.000899662318301,0.00899662318301,0.0182908602458,0.00875646929725,0.00994393912546,0.00899662318301,0.000899662318301,0.00899662318301,0.242320779401,0.440582022298,0.242320112264
305,0.253326648203,0.00603989832421,0.0808595524873,0.00749855701635,0.305568386877,0.118121439651,0.0496577808503,0.0261666737446,0.0380041961046,0.0541499505197,0.0275130163946,0.0330938998275,1,0.9,30,9,1,1,20,0.00997269657653,0.000997269657653,0.00997269657653,0.0218880708856,0.017294969529,0.00731286078054,0.00997269657653,0.000997269657653,0.00997269657653,0.238757782909,0.434103864693,0.238757125581
306,0.0553717146513,0.238200162455,0.158690641298,0.0324573554445,0.25931636384,0.00656785851111,0.0156261812558,0.0110584273609,0.0222037469831,0.0562464361895,0.11706991603,0.0271911959801,1,0.9,30,9,1,1,20,0.00891269239538,0.000891269239538,0.00891269239538,0.0228110919985,0.0139443301963,0.0107282150827,0.00891269239538,0.000891269239538,0.00891269239538,0.239665096569,0.435753521351,0.239664436743
307,0.00115278603346,0.0296569868879,0.195417356687,0.034843916877,0.0515111225285,0.234849813587,0.108277051363,0.0432667822107,0.1384306023,0.0959361100261,0.0212543523237,0.0454031191751,1,0.9,30,9,1,1,20,0.00901547960717,0.000901547960717,0.00901547960717,0.0248820923033,0.0183733924871,0.00635039753519,0.00901547960717,0.000901547960717,0.00901547960717,0.238996103149,0.434537419468,0.238995580707
308,0.0451651496657,0.00816734766409,0.071304758278,0.00131744310012,0.0167845333772,0.214717905466,0.0240305727181,0.136763134063,0.00864057817046,0.0836552882125,0.282552423919,0.106900865366,1,0.9,30,9,1,1,20,0.00839601896699,0.000839601896699,0.00839601896699,0.0214504059505,0.00969471857753,0.0116707732781,0.00839601896699,0.000839601896699,0.00839601896699,0.241455944174,0.439009598941,0.241455279418
309,0.165400220997,0.00622782465713,0.0125787888555,0.069323083733,0.103319193265,0.111970365651,0.0914637163516,0.0834423718179,0.0661513271166,0.246645629179,0.0189710235633,0.024506454813,1,0.9,30,9,1,1,20,0.00814495329226,0.000814495329226,0.00814495329226,0.0200387540062,0.0175058102169,0.00630933284322,0.00814495329226,0.000814495329226,0.00814495329226,0.241460259476,0.439017444923,0.241459594708
310,0.0601115310716,0.00480649080032,0.0488263860776,0.0685738725322,0.0506028705022,0.0120312315625,0.0284354222651,0.021530433976,0.0914120316508,0.160898967983,0.223000333058,0.229770428522,1,0.9,30,9,1,1,20,0.00942508118833,0.000942508118833,0.00942508118833,0.0188551093694,0.0153251967977,0.00620220620256,0.00942508118833,0.000942508118833,0.00942508118833,0.240961271821,0.438110241818,0.240960633
311,0.031332700853,0.172246989612,0.054231319517,0.0142829798955,0.202136066289,0.237515991995,0.0134498585522,0.063815474404,0.0777907064842,0.0534657269663,0.034873773208,0.0448584122244,1,0.9,30,9,1,1,20,0.00916162245671,0.000916162245671,0.00916162245671,0.0276936707741,0.0201503398385,0.00854328410071,0.00916162245671,0.000916162245671,0.00916162245671,0.237059297206,0.431015866944,0.237058726819
312,0.0951644488411,0.146927489797,0.0447632684607,0.358919478517,0.0182112882027,0.0620935445726,0.0673308069266,0.0247375558054,0.102829313249,0.0630516354715,0.00451015693272,0.0114610132247,1,0.9,30,9,1,1,20,0.0112769119651,0.00112769119651,0.0112769119651,0.0272728929978,0.0172876767703,0.0183133906029,0.0112769119651,0.00112769119651,0.0112769119651,0.233033538211,0.42369643301,0.233033038155
313,0.351616598882,0.0632094578965,0.00782570601372,0.0437573581775,0.0269687582862,0.0418718959592,0.00551477710898,0.0378114709489,0.0644540852277,0.128583202484,0.224473697713,0.00391299130229,1,0.9,30,9,1,1,20,0.00890518225254,0.000890518225254,0.00890518225254,0.0204399945853,0.0125455772421,0.0104286349607,0.00890518225254,0.000890518225254,0.00890518225254,0.240739128265,0.437706386766,0.240738512721
314,0.0943487331864,0.0329600624393,0.0630946413449,0.0690950560009,0.0330943040887,0.00085046228836,0.105688614102,0.0531651954808,0.198777082,0.0700968547569,0.00144729950239,0.27738169481,1,0.9,30,9,1,1,20,0.00878205077175,0.000878205077175,0.00878205077175,0.0225428332145,0.017652449045,0.0127220184927,0.00878205077175,0.000878205077175,0.00878205077175,0.238385697416,0.433427347478,0.238385041113
315,0.137164349331,0.0357022492428,0.11700987435,0.076008412155,0.118767516928,0.00523459579448,0.0520027424868,0.141854991397,0.0354800999813,0.0234482712433,0.00215018815503,0.255176708935,1,0.9,30,9,1,1,20,0.00753777973086,0.000753777973086,0.00753777973086,0.0261422620088,0.0177950135604,0.0128659003708,0.00753777973086,0.000753777973086,0.00753777973086,0.238736652757,0.43406548157,0.238736014863
316,0.0747094170752,0.346128481098,0.0253555551617,0.00433752148562,0.0368553019219,0.133200737881,0.110338803013,0.0126972740773,0.0321711762373,0.0621597109917,0.0033823701156,0.158663650942,1,0.9,30,9,1,1,20,0.00824997290466,0.000824997290466,0.00824997290466,0.0255198457732,0.0177010563506,0.0115184858464,0.00824997290466,0.000824997290466,0.00824997290466,0.238493738526,0.433623862777,0.238493124527
317,0.489599518654,0.0633197392437,0.0217864392249,0.00125658140911,0.0086056670607,0.0243276863445,0.0802855034545,0.081136840275,0.00597921984859,0.0605901823683,0.139006581089,0.0241060410284,1,0.9,30,9,1,1,20,0.0082557948637,0.00082557948637,0.0082557948637,0.0229888936279,0.016457972157,0.00644760603885,0.0082557948637,0.00082557948637,0.0082557948637,0.240803823612,0.437824107185,0.240803258952
318,0.054595764238,0.20404280711,0.222297801056,0.0857601274575,0.0378663640807,0.0393643691462,0.131608268295,0.00282485378233,0.0620378989556,0.0181145421682,0.119030181082,0.0224570226281,1,0.9,30,9,1,1,20,0.009837871826,0.0009837871826,0.009837871826,0.01847828598,0.0207471061238,0.00750899497262,0.009837871826,0.0009837871826,0.009837871826,0.238843629721,0.434259949376,0.238842972157
319,0.0151632932192,0.020054391355,0.134755820242,0.0692963698085,0.161230329122,0.0958075103718,0.098595800417,0.0618746241466,0.0950579659795,0.0647220541216,0.175378468451,0.00806337276543,1,0.9,30,9,1,1,20,0.00844506425644,0.000844506425644,0.00844506425644,0.0211254815057,0.00972716757411,0.0135622491594,0.00844506425644,0.000844506425644,0.00844506425644,0.240983206188,0.438150081094,0.240982544602
320,0.00955627741722,0.0768965494919,0.0600849732556,0.0644962224069,0.0271619793198,0.0813229217688,0.0201384704962,0.165395215307,0.135836203545,0.235332077822,0.121217757819,0.00256135135073,1,0.9,30,9,1,1,20,0.0094444616588,0.00094444616588,0.0094444616588,0.0190067208508,0.010386249533,0.00779159771185,0.0094444616588,0.00094444616588,0.0094444616588,0.241777529933,0.439594298712,0.241776864292
321,0.0320516646246,0.451503525073,0.0392519877006,0.0605604247338,0.0625937103821,0.0322541185302,0.0048545413762,0.0152732675765,0.155465390006,0.106283823464,0.013225945835,0.0266816006981,1,0.9,30,9,1,1,20,0.00867822820455,0.000867822820455,0.00867822820455,0.0274889780029,0.0169420017452,0.00925338766899,0.00867822820455,0.000867822820455,0.00867822820455,0.238298906207,0.433269785753,0.238298382164
322,0.0997745654359,0.0751745810098,0.0029116667673,0.00725028269341,0.106566375425,0.00206556504585,0.00282499858566,0.373932523554,0.0197949331051,0.179693441641,0.017149620585,0.112861446153,1,0.9,30,9,1,1,20,0.0095706999689,0.00095706999689,0.0095706999689,0.0219892777306,0.0165802076847,0.00748481303835,0.0095706999689,0.00095706999689,0.0095706999689,0.239315589033,0.435118175899,0.239314996745
323,0.00276773073309,0.0191820768549,0.0973085420844,0.0990456932715,0.113704705513,0.107357763297,0.0596186236875,0.099075432962,0.0279601444163,0.0406817678448,0.151876930408,0.181420588927,1,0.9,30,9,1,1,20,0.00843711352737,0.000843711352737,0.00843711352737,0.0227040255763,0.0170757516013,0.00562123101448,0.00843711352737,0.000843711352737,0.00843711352737,0.240733614328,0.437696452042,0.240733048623
324,0.0550584990127,0.0244693320933,0.049379302097,0.343317195887,0.00805401699646,0.209505509714,0.0608515493805,0.0154730157559,0.114446101782,0.0600348339395,0.0228046776503,0.0366059656916,1,0.9,30,9,1,1,20,0.00935646884515,0.000935646884515,0.00935646884515,0.0304205540403,0.0175510941059,0.0112840443179,0.00935646884515,0.000935646884515,0.00935646884515,0.236093629387,0.429260328386,0.236093180612
325,0.124057225853,0.0349027133971,0.00941945627535,0.143618039408,0.0272611683408,0.304577187499,0.0968793354535,0.0557242509152,0.187107674145,0.0119875359678,0.0011434984307,0.00332191431601,1,0.9,30,9,1,1,20,0.00611589767,0.000611589767,0.00611589767,0.0182545821893,0.00929022986164,0.00703426951179,0.00611589767,0.000611589767,0.00611589767,0.246121348478,0.447492128868,0.246120670877
326,0.254532013108,0.111099713011,0.0250676041825,0.0336242525846,0.0386700312169,0.0412074475866,0.0486147517664,0.0863167299864,0.124889856031,0.109380153765,0.0629926833037,0.0636047634575,1,0.9,30,9,1,1,20,0.00785258572105,0.000785258572105,0.00785258572105,0.0285681811204,0.017126249777,0.00862774956496,0.00785258572105,0.000785258572105,0.00785258572105,0.23904004067,0.434617366993,0.239039551846
327,0.109989811063,0.033501087224,0.00647303695096,0.142002685697,0.271556053101,0.0808531199187,0.0487251913564,0.0921474260982,0.075349690519,0.0536267576605,0.00270404189171,0.0830710985188,1,0.9,30,9,1,1,20,0.00918922116654,0.000918922116654,0.00918922116654,0.0291043227372,0.0221561198571,0.0093039026193,0.00918922116654,0.000918922116654,0.00918922116654,0.235934907019,0.428971625076,0.235934393792
328,0.0741094200427,0.0438471559883,0.0186311460572,0.0680503796539,0.086861938477,0.00487258997853,0.0114913888906,0.0898036829877,0.073978967921,0.288721679888,0.167083055104,0.0725485950109,1,0.9,30,9,1,1,20,0.00692397546208,0.000692397546208,0.00692397546208,0.0297969622235,0.0172793830536,0.0115997387651,0.00692397546208,0.000692397546208,0.00692397546208,0.238921218396,0.434401290723,0.238920709898
329,0.0465047962825,0.105976905644,0.00382526682221,0.0212082245654,0.0356996606568,0.147231702969,0.00531234066317,0.0302155136388,0.116452110788,0.122350106173,0.288099427172,0.0771239446251,1,0.9,30,9,1,1,20,0.00700493118935,0.000700493118935,0.00700493118935,0.0319998567407,0.0188741041305,0.0100104109876,0.00700493118935,0.000700493118935,0.00700493118935,0.238253745065,0.433187852955,0.238253319125
330,0.017100523839,0.00476478648875,0.0524660942213,0.0326906585776,0.0667792578413,0.0557781307836,0.0999966624842,0.0623665157127,0.114460169236,0.0480784114184,0.114082117167,0.33143667223,1,0.9,30,9,1,1,20,0.0102800671887,0.00102800671887,0.0102800671887,0.0155228241104,0.00884622123183,0.00790293751499,0.0102800671887,0.00102800671887,0.0102800671887,0.242144994064,0.440262413475,0.242144327411
331,0.0368577448969,0.188617986413,0.0415709056629,0.0357556699769,0.070484094169,0.0961753781812,0.11498268157,0.0255162918685,0.123560514349,0.174972804762,0.00441934420499,0.0870865839445,1,0.9,30,9,1,1,20,0.00906404433456,0.000906404433456,0.00906404433456,0.0196725651977,0.0112971386592,0.0100876189432,0.00906404433456,0.000906404433456,0.00906404433456,0.24118169488,0.438510965235,0.241181030879
332,0.440626883906,0.0323585365382,0.023632850541,0.0746882105249,0.0279294528033,0.0913827931549,0.13601616703,0.0803741181575,0.028987065064,0.0418796960734,0.0212723765572,0.000851849649074,1,0.9,30,9,1,1,20,0.00474649693311,0.000474649693311,0.00474649693311,0.0157854747665,0.0197495806043,0.00225722954124,0.00474649693311,0.000474649693311,0.00474649693311,0.246786137381,0.448700832637,0.24678545795
333,0.0381497218877,0.0869271682903,0.00775404395897,0.00568089461578,0.000399870275088,0.0518136308495,0.106469969895,0.0239802771421,0.208512363502,0.360607893545,0.0817761058946,0.0279280601442,1,0.9,30,9,1,1,20,0.00860872280993,0.000860872280993,0.00860872280993,0.0197362287021,0.0102845646758,0.0161185359122,0.00860872280993,0.000860872280993,0.00860872280993,0.240351545171,0.437001606282,0.240350883455
334,0.065887769276,0.0232478106061,0.0650155386315,0.374910354916,0.045872519212,0.0680756853119,0.03440872871,0.0619878338772,0.00152286502496,0.0691036180997,0.167495805979,0.0224714703559,1,0.9,30,9,1,1,20,0.0033547950888,0.00033547950888,0.0033547950888,0.0163705780998,0.00537835907033,0.00714569783841,0.0033547950888,0.00033547950888,0.0033547950888,0.250647354136,0.455721207408,0.250646664075
335,0.221353805234,0.00687501277601,0.0832256014826,0.0370009033729,0.0545791052151,0.0434301030722,0.034696508256,0.00196924086823,0.119483550216,0.10179609053,0.0380157170393,0.257574361937,1,0.9,30,9,1,1,20,0.00721134773901,0.000721134773901,0.00721134773901,0.0225011922696,0.0269061563552,0.00666345790831,0.00721134773901,0.000721134773901,0.00721134773901,0.239287554404,0.435067082941,0.239286895618
336,0.142004202099,0.0405515236172,0.0160384996302,0.00328657433725,0.209541697504,0.0417172959511,0.137581736616,0.0344507382208,0.125250018542,0.194056510088,0.0464560890636,0.00906511433036,1,0.9,30,9,1,1,20,0.00885765936823,0.000885765936823,0.00885765936823,0.0206181316486,0.0162865206273,0.0082362306651,0.00885765936823,0.000885765936823,0.00885765936823,0.240339212785,0.436979183824,0.240338551103
337,0.0236458982197,0.124983251922,0.106110302742,0.00419944072662,0.122438708205,0.00393499033793,0.279476027302,0.0124998338974,0.0323406820406,0.0378539927088,0.251142987667,0.0013738842308,1,0.9,30,9,1,1,20,0.00966815280225,0.000966815280225,0.00966815280225,0.0166886900096,0.00971182971093,0.00791386591724,0.00966815280225,0.000966815280225,0.00966815280225,0.242283185156,0.440513669314,0.242282518123
338,0.0941267394997,0.0711094012714,0.150504585204,0.0276690506386,0.202469179823,0.0365354027336,0.0250694238551,0.119423027578,0.0855464165537,0.0471255642634,0.130900350449,0.0095208581303,1,0.9,30,9,1,1,20,0.00870327989629,0.000870327989629,0.00870327989629,0.0209361078354,0.0130546266631,0.011118551115,0.00870327989629,0.000870327989629,0.00870327989629,0.240517306057,0.437302988881,0.240516643885
339,0.0499077338894,0.105305595584,0.00682272887707,0.126211206101,0.174799296538,0.0667994519051,0.104813324184,0.0490272165637,0.0945678293409,0.00839900509394,0.183593674274,0.0297529376482,1,0.9,30,9,1,1,20,0.0094384205905,0.00094384205905,0.0094384205905,0.0177039216288,0.00802466004614,0.00909604115236,0.0094384205905,0.00094384205905,0.0094384205905,0.242402257282,0.440730163491,0.24240158992
340,0.0493919886329,0.0097907511541,0.198946701078,0.0547414273415,0.0881290549844,0.110131084626,0.170786416652,0.00244927612343,0.040320234589,0.110584155168,0.00533098692384,0.159397922727,1,0.9,30,9,1,1,20,0.00890677209444,0.000890677209444,0.00890677209444,0.0217492801238,0.0146224123388,0.00864003816779,0.00890677209444,0.000890677209444,0.00890677209444,0.24031901435,0.436942459499,0.240318352724
341,0.0454156341488,0.14761360718,0.0134790353482,0.0155789502345,0.0109969058972,0.144340611864,0.103007468924,0.0985835895574,0.0339717908535,0.0519787744098,0.171828427645,0.163205203937,1,0.9,30,9,1,1,20,0.00408925055681,0.000408925055681,0.00408925055681,0.016562780751,0.0109148464841,0.00446245603527,0.00408925055681,0.000408925055681,0.00408925055681,0.249041832456,0.452802085119,0.249041146815
342,0.0838715291899,0.0112125509519,0.170780272203,0.0470057942923,0.127402107495,0.00198397714371,0.00894872548231,0.0282051482909,0.160420612657,0.107318623764,0.059269452352,0.193581206178,1,0.9,30,9,1,1,20,0.00829561633437,0.000829561633437,0.00829561633437,0.0237070583938,0.0221051572599,0.00872151666917,0.00829561633437,0.000829561633437,0.00829561633437,0.238497406115,0.433630498682,0.238496774275
343,0.015986124819,0.0347936797204,0.0364341371663,0.126796488933,0.0103135707761,0.19140431182,0.0129883008995,0.0650542991839,0.0445552753435,0.13149868899,0.173660803077,0.156514319272,1,0.9,30,9,1,1,20,0.00612827749674,0.000612827749674,0.00612827749674,0.034821756305,0.0257309661424,0.00950398592896,0.00612827749674,0.000612827749674,0.00612827749674,0.236815748747,0.430573404768,0.236815372622
344,0.056839494454,0.276681980738,0.012321302026,0.0351079313987,0.206055791551,0.0462253078355,0.116144962338,0.0340491817299,0.0155994532141,0.0635059967701,0.0475258176197,0.0899427803253,1,0.9,30,9,1,1,20,0.0093590216916,0.00093590216916,0.0093590216916,0.0197008342065,0.00987267871716,0.0101438754007,0.0093590216916,0.00093590216916,0.0093590216916,0.241208129926,0.438559090739,0.241207499906
345,0.0900914952436,0.0739439539591,0.0125344338047,0.0128763244408,0.011144399966,0.229181104388,0.00118022379051,0.0843480024376,0.0942828004211,0.0423483248909,0.208668947051,0.139399989607,1,0.9,30,9,1,1,20,0.00805339667396,0.000805339667396,0.00805339667396,0.0225221753463,0.0201928161751,0.00849858029403,0.00805339667396,0.000805339667396,0.00805339667396,0.239633434181,0.435695953531,0.239632774442
346,0.00248447502962,0.16351868276,0.0287645900283,0.143096634484,0.192014194676,0.0742615905586,0.232432281552,0.0217977904651,0.0386973187188,0.0228826812286,0.0501881285198,0.0298616319781,1,0.9,30,9,1,1,20,0.0139940292607,0.00139940292607,0.0139940292607,0.0164204483776,0.0237203062694,0.00453091121431,0.0139940292607,0.00139940292607,0.0139940292607,0.234812084859,0.42692988799,0.234811438394
347,0.079018550931,0.0042816863091,0.0635406242032,0.0865691784442,0.0429773343349,0.042608489251,0.00565666559942,0.0645558242587,0.252391123913,0.119552073702,0.228158304015,0.0106901450386,1,0.9,30,9,1,1,20,0.00815012749278,0.000815012749278,0.00815012749278,0.0277788449327,0.0162305316804,0.0137686852721,0.00815012749278,0.000815012749278,0.00815012749278,0.237807654785,0.432376611523,0.237807136338
348,0.210602568724,0.00905148799742,0.0429949873481,0.0291557688062,0.0341670474094,0.0458190063119,0.274930284951,0.253894880202,0.0385671074551,0.00379554984469,0.0122990971205,0.04472221383,1,0.9,30,9,1,1,20,0.0262556452711,0.00262556452711,0.0262556452711,0.0280260835912,0.0288865689927,0.0225781550578,0.0262556452711,0.00262556452711,0.0262556452711,0.212204962271,0.385826141902,0.212204378046
349,0.0203481761717,0.0359531150396,0.0624121431956,0.0308665578771,0.193890728976,0.0418774688331,0.0936462848098,0.194590055232,0.0716482815994,0.169518961174,0.00970871725478,0.0755395098366,1,0.9,30,9,1,1,20,0.00813306870795,0.000813306870795,0.00813306870795,0.0205217537404,0.0145326001206,0.0124163954777,0.00813306870795,0.000813306870795,0.00813306870795,0.240526059787,0.43731890471,0.240525397591
350,0.00634490010433,0.0473339168485,0.131748940575,0.196981679586,0.0354086621235,0.134550591738,0.100673155453,0.0370193373106,0.0312770878379,0.0146397143413,0.135558431529,0.128463582552,1,0.9,30,9,1,1,20,0.00335090215629,0.000335090215629,0.00335090215629,0.016170856299,0.0107942726029,0.00345239899608,0.00335090215629,0.000335090215629,0.00335090215629,0.25025278266,0.4550038067,0.250252093685
351,0.219848644155,0.177333664384,0.201562018163,0.054855280399,0.00765522199229,0.00331484432314,0.0932237459787,0.0330665822649,0.0937680216637,0.0168703482286,0.0140890021638,0.0844126262827,1,0.9,30,9,1,1,20,0.00958064920763,0.000958064920763,0.00958064920763,0.0275281270992,0.0169222630656,0.0108139394437,0.00958064920763,0.000958064920763,0.00958064920763,0.236892441895,0.430712581822,0.236891920002
352,0.0148278097014,0.0684391412299,0.368706010217,0.016975154455,0.0771295595801,0.0629337642618,0.107890306118,0.00283682189447,0.0524193217319,0.139164229052,0.0287303588488,0.0599475229097,1,0.9,30,9,1,1,20,0.00529558339243,0.000529558339243,0.00529558339243,0.0221462173202,0.010519720267,0.0104356279459,0.00529558339243,0.000529558339243,0.00529558339243,0.24479158206,0.445074453006,0.244790949153
353,0.00034332161703,0.0240289470013,0.00641466380303,0.119399901571,0.0808300842741,0.10471678872,0.0081749396654,0.10067306314,0.160994847555,0.287745237922,0.0475248141665,0.0591533905642,1,0.9,30,9,1,1,20,0.00289819801222,0.000289819801222,0.00289819801222,0.0173256746928,0.007448762189,0.0041129134122,0.00289819801222,0.000289819801222,0.00289819801222,0.251151498884,0.456637883336,0.251150835835
354,0.141551367695,0.0755471823512,0.0171772766257,0.105037656598,0.0327553031572,0.151624370086,0.0175457940591,0.0633637784573,0.0136383192762,0.210745365199,0.149945427198,0.0210681592975,1,0.9,30,9,1,1,20,0.00790486213021,0.000790486213021,0.00790486213021,0.0269562496637,0.0145045712267,0.011234505137,0.00790486213021,0.000790486213021,0.00790486213021,0.239408644326,0.435287489483,0.239408119216
355,0.0538589258863,0.222431497744,0.12224539434,0.116688229495,0.070844675296,0.00762948826834,0.129453074324,0.128162149408,0.00233999758323,0.0264909548619,0.0212646436369,0.0985909691557,1,0.9,30,9,1,1,20,0.00830870721956,0.000830870721956,0.00830870721956,0.0290246507841,0.0201490597343,0.00946054526732,0.00830870721956,0.000830870721956,0.00830870721956,0.237408998467,0.431651726081,0.237408449345
356,0.121786235096,0.0143598207884,0.0348654670608,0.0729867417988,0.25660609828,0.0402722872449,0.0675422072252,0.0537161842506,0.0791715604228,0.165011112005,0.0255794210735,0.0681028647535,1,0.9,30,9,1,1,20,0.0094671172654,0.00094671172654,0.0094671172654,0.0171991643789,0.0109507970985,0.00677734110553,0.0094671172654,0.00094671172654,0.0094671172654,0.242343798503,0.440623875096,0.242343131303
357,0.0639452959216,0.0137217535165,0.0490989200547,0.169463544801,0.143510864683,0.0125256597436,0.0873155584255,0.0381056272757,0.00757429975841,0.228721917146,0.126558097611,0.0594584610618,1,0.9,30,9,1,1,20,0.00404929882666,0.000404929882666,0.00404929882666,0.0163891658598,0.0102619910745,0.00464967862426,0.00404929882666,0.000404929882666,0.00404929882666,0.249253201809,0.453186391975,0.249252515586
358,0.0516960806135,0.0812116827796,0.0936317131837,0.0291520748185,0.129757627976,0.0188351630414,0.102861853814,0.221880186983,0.133937030178,0.00863954138963,0.125279908727,0.00311713649468,1,0.9,30,9,1,1,20,0.00927298422574,0.000927298422574,0.00927298422574,0.0221484540546,0.0129964138604,0.0141312534202,0.00927298422574,0.000927298422574,0.00927298422574,0.238799313685,0.434179374988,0.238798656243
359,0.0868802197782,0.0979891590359,0.0140432830186,0.141530026068,0.00559287761643,0.0179492564178,0.132870770778,0.0851782560906,0.000310421507586,0.0644422713686,0.267482485577,0.0857309727428,1,0.9,30,9,1,1,20,0.00882816741103,0.000882816741103,0.00882816741103,0.0214763937554,0.0157487371971,0.00795404964541,0.00882816741103,0.000882816741103,0.00882816741103,0.240361623645,0.43701993073,0.240360961901
360,0.0243323201668,0.0549500180689,0.168255915745,0.12150158304,0.038642731673,0.078756335908,0.215157997789,0.0298572914317,0.0519161284975,0.00148898484575,0.0967486456435,0.118392047191,1,0.9,30,9,1,1,20,0.00842095520908,0.000842095520908,0.00842095520908,0.0257715798062,0.0202866484307,0.00623244667894,0.00842095520908,0.000842095520908,0.00842095520908,0.238946929747,0.434447989328,0.23894639413
361,0.00835088206687,0.0372021729562,0.0364887448619,0.162192600667,0.0420901531089,0.118823203304,0.0109892510269,0.0918939989667,0.118813510224,0.274102514184,0.00424563075814,0.0948073378748,1,0.9,30,9,1,1,20,0.00858005164408,0.000858005164408,0.00858005164408,0.0177215223697,0.0267427275958,0.00515850316758,0.00858005164408,0.000858005164408,0.00858005164408,0.239470756371,0.43540017651,0.239470097081
362,0.256171580725,0.039003380426,0.00599459478834,0.0407943383553,0.124409353196,0.00857706965528,0.0777742193985,0.0746598866057,0.0398887422999,0.145503262582,0.163647555099,0.0235760168689,1,0.9,30,9,1,1,20,0.00893329238117,0.000893329238117,0.00893329238117,0.0226630146248,0.0226732454961,0.00543672621771,0.00893329238117,0.000893329238117,0.00893329238117,0.23878086687,0.434146012123,0.238780306668
363,0.151260661588,0.120038210229,0.0612181390839,0.0376547921303,0.00192374290663,0.178989020292,0.0667785857841,0.091725731441,0.0756360622689,0.0676318630626,0.0666226407304,0.0805205504836,1,0.9,30,9,1,1,20,0.00852023412917,0.000852023412917,0.00852023412917,0.0316580690352,0.0288372190345,0.0126977302515,0.00852023412917,0.000852023412917,0.00852023412917,0.233363261344,0.42429595935,0.233362777642
364,0.0594433875116,0.00337250410364,0.0878540655086,0.0331677682158,0.143184732821,0.142898097304,0.00555394175282,0.216031975775,0.00925441063568,0.0148112942466,0.203092610274,0.0813352118502,1,0.9,30,9,1,1,20,0.00968029121663,0.000968029121663,0.00968029121663,0.0172084222374,0.00948059077541,0.00855774582733,0.00968029121663,0.000968029121663,0.00968029121663,0.242025639396,0.440045405584,0.242024973071
365,0.192637769708,0.00260846985418,0.173445693972,0.0412448864526,0.0991431473325,0.182756551509,0.175864699328,0.0137841341505,0.0151126613176,0.0593334586679,0.0213209292288,0.0227475984787,1,0.9,30,9,1,1,20,0.0106580217739,0.00106580217739,0.0106580217739,0.0275786974574,0.0250418643853,0.0137788844175,0.0106580217739,0.00106580217739,0.0106580217739,0.232790975097,0.423255411092,0.232790476101
366,0.100802271161,0.0485844493286,0.184439326827,0.198777456848,0.0454459849312,0.158761789104,0.117847685595,0.0290102787603,0.0506135814975,0.00132700128066,0.0282419777273,0.03614819694,1,0.9,30,9,1,1,20,0.0172515668615,0.00172515668615,0.0172515668615,0.0271706170178,0.0198606570102,0.0157417294744,0.0172515668615,0.00172515668615,0.0172515668615,0.226487950058,0.41179513911,0.226487326511
367,0.0690793603154,0.0867645882305,0.0874463798131,0.0109135532366,0.127877915747,0.233998792518,0.0281509837677,0.0106929447239,0.0898702648245,0.00104545625256,0.234395402819,0.0197643577514,1,0.9,30,9,1,1,20,0.00772778374856,0.000772778374856,0.00772778374856,0.0252374721729,0.0241587075229,0.00627140384214,0.00772778374856,0.000772778374856,0.00772778374856,0.238824991745,0.434226279338,0.238824453636
368,0.122146881701,0.111747172497,0.0752601461704,0.0248222216019,0.0369811319845,0.129510707107,0.0375364497286,0.0399274005758,0.0582299636809,0.022083626455,0.205631111796,0.136123186702,1,0.9,30,9,1,1,20,0.0100896184186,0.00100896184186,0.0100896184186,0.0199186745698,0.0124652558423,0.0111462823574,0.0100896184186,0.00100896184186,0.0100896184186,0.239405898121,0.435282252743,0.239405239009
369,0.0763078358688,0.0442909807448,0.23318231434,0.0548014074129,0.0131560594214,0.0332145893034,0.11493854126,0.185872579303,0.0693560596121,0.0463218590602,0.0837641041715,0.0447936695019,1,0.9,30,9,1,1,20,0.00954587427217,0.000954587427217,0.00954587427217,0.0216211024392,0.0126987890688,0.0113753420739,0.00954587427217,0.000954587427217,0.00954587427217,0.239436987485,0.435338778703,0.239436328287
370,0.0439204537613,0.0874656774659,0.0747123382469,0.0716493138099,0.125545937607,0.0715369676081,0.108788608935,0.0654514718779,0.000274413836566,0.146036638685,0.00587973598091,0.198738442185,1,0.9,30,9,1,1,20,0.00907387581099,0.000907387581099,0.00907387581099,0.0192823779606,0.0125545876866,0.00762059099465,0.00907387581099,0.000907387581099,0.00907387581099,0.241589867461,0.439253095156,0.241589202336
371,0.112681419578,0.168098836395,0.322667567569,0.0857825868097,0.0795565144621,0.0375175992109,0.0562081165414,0.00540327733943,0.00805868751253,0.101124525219,0.0105241160653,0.0123767532983,1,0.9,30,9,1,1,20,0.0104620417372,0.00104620417372,0.0104620417372,0.0164085014915,0.0104258302349,0.00738417764609,0.0104620417372,0.00104620417372,0.0104620417372,0.241435016055,0.43897154792,0.241434351356
372,0.0215876920762,0.165595523712,0.351926828199,0.0825073811828,0.0803564756952,0.00101123021226,0.0461380163095,0.079668955956,0.00994227999347,0.0537686465017,0.00363799306338,0.103858977099,1,0.9,30,9,1,1,20,0.00855862565013,0.000855862565013,0.00855862565013,0.0294938663544,0.0161834053009,0.0125756488325,0.00855862565013,0.000855862565013,0.00855862565013,0.237233911444,0.431333509895,0.237233430442
373,0.187119794706,0.0306326520168,0.307645133577,0.00196091889912,0.0910258152335,0.101396412166,0.0221047407323,0.00337357722911,0.12313574938,0.0762051026291,0.00315649819069,0.0522436052407,1,0.9,30,9,1,1,20,0.00956485527958,0.000956485527958,0.00956485527958,0.0217214000504,0.0164991507914,0.0104356949215,0.00956485527958,0.000956485527958,0.00956485527958,0.23864058123,0.433890826343,0.238639954489
374,0.301965817561,0.0686834998262,0.093082322864,0.149491435714,0.0926100342495,0.00833595153618,0.0211660599125,0.0176548030719,0.0560090784707,0.0863078248837,0.0430293922302,0.0616637796799,1,0.9,30,9,1,1,20,0.00899616938045,0.000899616938045,0.00899616938045,0.0193815751232,0.0216632249104,0.00451923889569,0.00899616938045,0.000899616938045,0.00899616938045,0.240076024668,0.436500661293,0.240075363711
375,0.215561173319,0.0839659074675,0.0571303523785,0.0306552327414,0.0277319894713,0.245295023218,0.0788405752426,0.113287462495,0.076920112838,0.0134127144204,0.0485699691472,0.00862948726117,1,0.9,30,9,1,1,20,0.0160271121675,0.00160271121675,0.0160271121675,0.0255938288798,0.0236839093141,0.0148221005421,0.0160271121675,0.00160271121675,0.0160271121675,0.227487347786,0.413612220886,0.227486721487
376,0.0676771511181,0.04456310849,0.0727445293603,0.0334384608568,0.00563469430431,0.0061602346032,0.213486697222,0.254987742418,0.11630472021,0.0471742268925,0.0377992474125,0.100029187112,1,0.9,30,9,1,1,20,0.00966352581226,0.000966352581226,0.00966352581226,0.0217637126844,0.0198644427323,0.00768948273385,0.00966352581226,0.000966352581226,0.00966352581226,0.238358843594,0.43337852248,0.238358187364
377,0.0638886011677,0.00367956649616,0.0365715347689,0.200878212844,0.115427974656,0.15705101077,0.0375025485925,0.0737880200216,0.0703696975507,0.0322055912707,0.00604869094177,0.202588550919,1,0.9,30,9,1,1,20,0.00952495473881,0.000952495473881,0.00952495473881,0.017274973327,0.0132954416305,0.00559912015146,0.00952495473881,0.000952495473881,0.00952495473881,0.241954829878,0.439916661361,0.241954163749
378,0.308941994712,0.0025324583682,0.0513463514835,0.107220448785,0.232841464832,0.0285155050797,0.0267754438327,0.00993860811304,0.0951725668624,0.0719459831302,0.0461779322177,0.0185912425832,1,0.9,30,9,1,1,20,0.00339225544428,0.000339225544428,0.00339225544428,0.0160497634567,0.00656578658145,0.00448107010789,0.00339225544428,0.000339225544428,0.00339225544428,0.251077057272,0.456502483688,0.251076366028
379,0.0399286842768,0.0537747680366,0.144914329518,0.217228259469,0.00118253315109,0.0549889744432,0.0593139936906,0.0520232956253,0.039009319832,0.184415365572,0.0874466827256,0.0657737936604,1,0.9,30,9,1,1,20,0.00966853971921,0.000966853971921,0.00966853971921,0.0213199711599,0.0195434116136,0.00636805208186,0.00966853971921,0.000966853971921,0.00966853971921,0.238899666505,0.434361956012,0.238899075807
380,0.0113353198914,0.245557775866,0.0970463417486,0.00592657429996,0.0603507146566,0.0986937386562,0.154468300347,0.177145818683,0.0211561019062,0.0608130407679,0.0471335778832,0.0203726952934,1,0.9,30,9,1,1,20,0.00347512996721,0.000347512996721,0.00347512996721,0.0158434480911,0.00664736760662,0.0048675365561,0.00347512996721,0.000347512996721,0.00347512996721,0.250917346087,0.456212100514,0.250916655283
381,0.0225726994156,0.127322262915,0.0860910439711,0.0123379138469,0.269309687178,0.0264608222167,0.121552082905,0.000167632574453,0.176322763173,0.00953337077518,0.137954257755,0.0103754632737,1,0.9,30,9,1,1,20,0.00831628624417,0.000831628624417,0.00831628624417,0.0251636965272,0.025076002064,0.00838436187693,0.00831628624417,0.000831628624417,0.00831628624417,0.237403320076,0.431641430471,0.237402786759
382,0.0349899583843,0.0140782734153,0.0333971473129,0.0635578788893,0.203556802207,0.157957770369,0.0367701184234,0.173453651984,0.0163645620364,0.0995404608077,0.119352838564,0.0469805376065,1,0.9,30,9,1,1,20,0.00942297886824,0.000942297886824,0.00942297886824,0.0193450505704,0.00996280582388,0.00942548906445,0.00942297886824,0.000942297886824,0.00942297886824,0.24139552806,0.438899751764,0.24139486347
383,0.165886393949,0.0136710975841,0.00814844219542,0.0378033928731,0.000568085803129,0.0455346171516,0.0168571297661,0.127247810372,0.0531253731911,0.107770242172,0.275293030376,0.148094384566,1,0.9,30,9,1,1,20,0.00937412343389,0.000937412343389,0.00937412343389,0.0166458923583,0.0127949205262,0.00599504371192,0.00937412343389,0.000937412343389,0.00937412343389,0.242312898937,0.440567694222,0.242312231822
384,0.0928481522939,0.133645214444,0.00541079695678,0.0171464841874,0.0249403455127,0.137117800817,0.00502647035134,0.191528762529,0.0514466519138,0.0954450188952,0.0736416340604,0.171802668039,1,0.9,30,9,1,1,20,0.00939330625391,0.000939330625391,0.00939330625391,0.0172435420278,0.017610134948,0.00605602066576,0.00939330625391,0.000939330625391,0.00939330625391,0.240858167819,0.437922740821,0.240857507452
385,0.0151028057949,0.0767359389598,0.0603504980852,0.0041627599533,0.0539473789185,0.112071897536,0.0323548293947,0.101744740458,0.272384628315,0.02461154171,0.203903880813,0.0426291000612,1,0.9,30,9,1,1,20,0.010261473004,0.0010261473004,0.010261473004,0.0166541876567,0.0112705874872,0.00701916396257,0.010261473004,0.0010261473004,0.010261473004,0.241465648222,0.439027242616,0.241464983439
386,0.0473992000966,0.0456058286526,0.162672441241,0.114425169648,0.085374330558,0.0128444044631,0.203499903629,0.0396495251037,0.0101960436605,0.10000379763,0.0051490122938,0.173180343024,1,0.9,30,9,1,1,20,0.00910358312954,0.000910358312954,0.00910358312954,0.017910475153,0.0104437769676,0.0083047302019,0.00910358312954,0.000910358312954,0.00910358312954,0.242290150774,0.440526334038,0.242289483721
387,0.0299128648182,0.0672380126798,0.0992337218849,0.125125050529,0.0699675117579,0.0733611714758,0.0491476795522,0.0347589590291,0.0382391829338,0.167865609822,0.0623888294097,0.182761406107,1,0.9,30,9,1,1,20,0.00964664329581,0.000964664329581,0.00964664329581,0.0181077983708,0.0155183114298,0.00896822360465,0.00964664329581,0.000964664329581,0.00964664329581,0.240138283506,0.436613858868,0.240137622378
388,0.069853507405,0.00651573430508,0.00392110545167,0.426510218359,0.0874199885022,0.0446624899599,0.0173936891155,0.00473585325884,0.21192056579,0.0100703289017,0.065097107929,0.0518994110222,1,0.9,30,9,1,1,20,0.00887853544831,0.000887853544831,0.00887853544831,0.0392574899675,0.0251393387373,0.0127170989345,0.00887853544831,0.000887853544831,0.00887853544831,0.231942117145,0.421712326667,0.231941779667
389,0.12318090401,0.00634378466353,0.0755115566263,0.16483379111,0.151353506291,0.111351019569,0.0298434557826,0.0978810520412,0.0702166973459,0.0937483493943,0.0613528532366,0.0143830299298,1,0.9,30,9,1,1,20,0.00981055538381,0.000981055538381,0.00981055538381,0.0172988501784,0.00936240590516,0.00785550076499,0.00981055538381,0.000981055538381,0.00981055538381,0.242073537712,0.440132498598,0.242072874229
390,0.12974192075,0.0877391785485,0.0730615788578,0.0196623240649,0.107819131786,0.207884587706,0.0876497756414,0.158339458517,0.0664479579336,0.0426731411431,0.00971193471293,0.00926901033771,1,0.9,30,9,1,1,20,0.0224468405197,0.00224468405197,0.0224468405197,0.024171212821,0.0330448479611,0.0125747092355,0.0224468405197,0.00224468405197,0.0224468405197,0.218935147218,0.398062808117,0.218934544464
391,0.0843811606543,0.0381564723632,0.29392950969,0.0345861537623,0.0426859935421,0.0471303011215,0.133821746983,0.0207893218752,0.131293447811,0.0736372684256,0.0185140563603,0.0810745674113,1,0.9,30,9,1,1,20,0.00357970560982,0.000357970560982,0.00357970560982,0.0158036868649,0.0105089190467,0.00430257550413,0.00357970560982,0.000357970560982,0.00357970560982,0.249949331847,0.454452079468,0.249948643708
392,0.0326961603536,0.0692603868856,0.021359433416,0.00289878635834,0.07759582873,0.104805099211,0.0642958599001,0.212720999438,0.0365408439686,0.120791318908,0.236562479849,0.0204728029823,1,0.9,30,9,1,1,20,0.00898465317408,0.000898465317408,0.00898465317408,0.0205125305346,0.0153104236402,0.00750587249698,0.00898465317408,0.000898465317408,0.00898465317408,0.240674106445,0.437588079711,0.240673443841
393,0.00561179763082,0.0281502198497,0.0803254673085,0.00912361701318,0.00824275243491,0.0323097894246,0.0865950902932,0.153171832003,0.0842251030553,0.179375182209,0.326252729911,0.00661641886618,1,0.9,30,9,1,1,20,0.00951110674219,0.000951110674219,0.00951110674219,0.0169556906323,0.00885684789172,0.00756517340594,0.00951110674219,0.000951110674219,0.00951110674219,0.242701255976,0.441273795985,0.242700587792
394,0.0977307825828,0.169463755055,0.0125930987445,0.00731510051064,0.000173791451775,0.482094211617,0.0218453539252,0.168274289105,0.0119393228224,0.0224897018637,0.00257461974611,0.00350597257585,1,0.9,30,9,1,1,20,0.0813864614185,0.00813864614185,0.0813864614185,0.0554893117797,0.0538878465913,0.0919125215835,0.0813864614185,0.00813864614185,0.0813864614185,0.119661171801,0.217565167927,0.11966084236
395,0.0338478040004,0.19874164666,0.0693325661893,0.0274479713637,0.0408555296974,0.318931846951,0.0464406905896,0.0217074220016,0.169622392963,0.0483276405078,0.0141032824554,0.0106412066205,1,0.9,30,9,1,1,20,0.0162503401005,0.00162503401005,0.0162503401005,0.0240322669964,0.0179435419191,0.0126363283812,0.0162503401005,0.00162503401005,0.0162503401005,0.229726675797,0.417683715151,0.229726043333
396,0.0202841029905,0.0505596808514,0.0287261579783,0.115613619046,0.0983085673325,0.0929738007792,0.114262368976,0.15051547844,0.0267993668149,0.142702890384,0.0145044944627,0.144749471945,1,0.9,30,9,1,1,20,0.00296860999818,0.000296860999818,0.00296860999818,0.0169117367713,0.00805354856591,0.00444776573977,0.00296860999818,0.000296860999818,0.00296860999818,0.250936376519,0.456246716395,0.250935694017
397,0.0389151132815,0.0431990956792,0.0459934945164,0.139076871463,0.0578887365655,0.0301041400413,0.0617626877366,0.109318679734,0.0591511974317,0.27598163744,0.00319880191776,0.135409544193,1,0.9,30,9,1,1,20,0.00985518710623,0.000985518710623,0.00985518710623,0.0192360358663,0.0130115142633,0.0105575366091,0.00985518710623,0.000985518710623,0.00985518710623,0.239853687435,0.436096412891,0.23985302709
398,0.00942241013547,0.075904655905,0.108349706461,0.00870158201242,0.225390323238,0.00944614209785,0.00977329651073,0.0671077844706,0.100686096223,0.370740873738,0.0108928546013,0.00358427460553,1,0.9,30,9,1,1,20,0.00820257186851,0.000820257186851,0.00820257186851,0.0209699533651,0.0209860468149,0.00806999715258,0.00820257186851,0.000820257186851,0.00820257186851,0.239780357741,0.435963124567,0.239779718512
399,0.00234526138033,0.228483438383,0.0172558481685,0.110532693704,0.19829875595,0.122862869668,0.0335765587348,0.0842144956779,0.0532933450646,0.0035605532436,0.136216432405,0.0093597476202,1,0.9,30,9,1,1,20,0.00831002915385,0.000831002915385,0.00831002915385,0.0218516324261,0.020009807668,0.00709719968466,0.00831002915385,0.000831002915385,0.00831002915385,0.239941716517,0.436256465328,0.23994105593
400,0.0553482205449,0.038412653768,0.0923351375044,0.121711551832,0.116578750006,0.165265977865,0.0643840229058,0.0119363307156,0.103400939085,0.0648895413446,0.0776216877981,0.0881151866307,1,0.9,30,9,1,1,20,0.00907708386187,0.000907708386187,0.00907708386187,0.0202392775297,0.0100444908567,0.0103607693547,0.00907708386187,0.000907708386187,0.00907708386187,0.241275417479,0.438681479071,0.241274813489
401,0.196883248185,0.1174327504,0.0648703342574,0.114941271851,0.0480203699061,0.116397123773,0.0718722747199,0.0914430959493,0.02498287608,0.0273873871878,0.0072343820382,0.118534885652,1,0.9,30,9,1,1,20,0.00872453554193,0.000872453554193,0.00872453554193,0.0253989623486,0.0124299050542,0.0125151503079,0.00872453554193,0.000872453554193,0.00872453554193,0.239122834454,0.434767805522,0.239122293037
402,0.0283639191131,0.0760845088037,0.176583922768,0.000824009121698,0.178554282043,0.0358537311271,0.171111887418,0.0059000072345,0.0375847526279,0.0747820755492,0.0802809286529,0.13407597554,1,0.9,30,9,1,1,20,0.00774724062723,0.000774724062723,0.00774724062723,0.0260283986401,0.0219414635399,0.00735675168714,0.00774724062723,0.000774724062723,0.00774724062723,0.238892896651,0.434349728289,0.238892350559
403,0.136507284005,0.00427669039839,0.0849135925654,0.0764795650015,0.0165621353253,0.0495965672308,0.189804651441,0.152463521115,0.0106888908528,0.0286642745453,0.223164905878,0.0268779216418,1,0.9,30,9,1,1,20,0.00953665110575,0.000953665110575,0.00953665110575,0.0232188394989,0.0169169404674,0.00821773809673,0.00953665110575,0.000953665110575,0.00953665110575,0.238750889812,0.434091391923,0.238750265558
404,0.0478733143126,0.112836853299,0.00337260111929,0.0611787832022,0.235985519985,0.0806817919728,0.02032866928,0.170703450647,0.0734228175545,0.0563809572334,0.0378598658626,0.0993753755326,1,0.9,30,9,1,1,20,0.00884077860104,0.000884077860104,0.00884077860104,0.0211031698766,0.0220398829241,0.00530102261148,0.00884077860104,0.000884077860104,0.00884077860104,0.239492658071,0.435439997673,0.23949199872
405,0.0672573857442,0.106979243253,0.026088184048,0.00813752313849,0.0466148926476,0.176587394048,0.0313745064961,0.377667085419,0.0346733325994,0.0146586035406,0.0978909449987,0.0120709040673,1,0.9,30,9,1,1,20,0.0102819915944,0.00102819915944,0.0102819915944,0.0220110935675,0.016042536353,0.00956449823113,0.0102819915944,0.00102819915944,0.0102819915944,0.238123640517,0.4329508817,0.238122984935
406,0.210214414541,0.0100922081133,0.00771450107095,0.167612675223,0.191006791505,0.170069309492,0.0356990810124,0.082351445819,0.00698866166672,0.0166000403562,0.00119527994792,0.100455591253,1,0.9,30,9,1,1,20,0.00931680663845,0.000931680663845,0.00931680663845,0.0209318225409,0.0183463701553,0.0123243859991,0.00931680663845,0.000931680663845,0.00931680663845,0.238141797434,0.432983894186,0.238141141802
407,0.0275338236569,0.206353672816,0.0149636678668,0.137550785313,0.0984230377459,0.166042731146,0.00351202976984,0.0307351967007,0.0730749804573,0.0595742359046,0.0208979030662,0.161337935556,1,0.9,30,9,1,1,20,0.00854789132179,0.000854789132179,0.00854789132179,0.0183804965695,0.0101066077365,0.0127373297173,0.00854789132179,0.000854789132179,0.00854789132179,0.241705697034,0.439463693801,0.24170503159
408,0.0442811158933,0.0496315485106,0.275072126657,0.202951780493,0.0549852744539,0.194478041307,0.0497716347008,0.0353226844876,0.054868451361,0.0248367486192,0.00703317545109,0.00676741806599,1,0.9,30,9,1,1,20,0.0336035700686,0.00336035700686,0.0336035700686,0.0493161497256,0.0461407670795,0.0486056821727,0.0336035700686,0.00336035700686,0.0336035700686,0.187210534568,0.34038185301,0.187210019156
409,0.356280835593,0.389834929175,0.0033882046698,0.0335369014273,0.0450993390468,0.0228875256433,0.0163137906453,0.0151462346911,0.0282323132232,0.00361060642126,0.0758464818732,0.0098228375908,1,0.9,30,9,1,1,20,0.0112705951756,0.00112705951756,0.0112705951756,0.0361627652615,0.0298176716491,0.0121960109442,0.0112705951756,0.00112705951756,0.0112705951756,0.229032611735,0.416422219789,0.229032220884
410,0.0401281816458,0.0466015682067,0.0321099296949,0.0292747546703,0.00888361803242,0.264141028232,0.0473344870215,0.0345701526729,0.087235921231,0.0925028843978,0.111699650455,0.20551782374,1,0.9,30,9,1,1,20,0.00884434949283,0.000884434949283,0.00884434949283,0.0198378694978,0.0138923621922,0.00730323408787,0.00884434949283,0.000884434949283,0.00884434949283,0.241429607978,0.43896171508,0.241428943294
411,0.0612781197969,0.055693799501,0.0142094205167,0.0596718067794,0.0864738402626,0.0820048227863,0.081340781344,0.0118933575488,0.0690815522315,0.238263932235,0.139428011099,0.1006605559,1,0.9,30,9,1,1,20,0.00981969895802,0.000981969895802,0.00981969895802,0.0169771072686,0.0164225046446,0.00527359823378,0.00981969895802,0.000981969895802,0.00981969895802,0.240974884831,0.438134947999,0.240974221399
412,0.0244720653683,0.0270800956016,0.0928445964823,0.0638970252802,0.0632407982654,0.0238580664462,0.029494848969,0.00307739731268,0.0165929422615,0.250749991503,0.0839465977062,0.320745574804,1,0.9,30,9,1,1,20,0.00701132113854,0.000701132113854,0.00701132113854,0.0317129224137,0.0189979900058,0.0121931860447,0.00701132113854,0.000701132113854,0.00701132113854,0.23771774548,0.432213295015,0.237717312258
413,0.00764613057291,0.056827124028,0.216521109148,0.106158545905,0.0491152840658,0.193745250288,0.0279705234237,0.0173799914882,0.159382961621,0.0953302789471,0.0648279157495,0.00509488476275,1,0.9,30,9,1,1,20,0.0101716918346,0.00101716918346,0.0101716918346,0.0183122131366,0.011491479956,0.00820980595921,0.0101716918346,0.00101716918346,0.0101716918346,0.240760473708,0.437745110667,0.240759810867
414,0.00107100598618,0.0790236078148,0.06188291479,0.212527791408,0.0932316011559,0.0177896177604,0.0584222995091,0.340029338079,0.00326695418645,0.0661336904148,0.0385814681879,0.0280397107076,1,0.9,30,9,1,1,20,0.00923947153411,0.000923947153411,0.00923947153411,0.0245653079242,0.0107625791029,0.00983166934237,0.00923947153411,0.000923947153411,0.00923947153411,0.239914236537,0.436206726871,0.239913699779
415,0.0380171225172,0.0242886902002,0.139471436378,0.0592759116856,0.300802289826,0.000382202346628,0.085102722685,0.179276269315,0.0255065998221,0.107768133495,0.0247534247466,0.0153551969828,1,0.9,30,9,1,1,20,0.00755630454726,0.000755630454726,0.00755630454726,0.0238363027343,0.0163589425762,0.00850036062075,0.00755630454726,0.000755630454726,0.00755630454726,0.240839617222,0.437889224354,0.240839073395
416,0.15185523838,0.0237336407325,0.00306987843802,0.201950580798,0.0778494214333,0.227371705263,0.0607011089087,0.00242543333775,0.0740296642218,0.0689684910697,0.0798322963901,0.0282125410274,1,0.9,30,9,1,1,20,0.00885296596292,0.000885296596292,0.00885296596292,0.0215913593154,0.00963327386896,0.0111274441802,0.00885296596292,0.000885296596292,0.00885296596292,0.241074746191,0.438316593162,0.241074126239
417,0.0149996993847,0.0531407221711,0.162597950998,0.0923444227516,0.205971763162,0.067186258357,0.00632908956179,0.111211383926,0.00211216144666,0.16912648368,0.0980383640456,0.0169417005155,1,0.9,30,9,1,1,20,0.00326953895939,0.000326953895939,0.00326953895939,0.0163741085385,0.00753998010642,0.00471328909971,0.00326953895939,0.000326953895939,0.00326953895939,0.250811132161,0.456018984816,0.250810441649
418,0.0345989640644,0.102574667428,0.00801431600777,0.0603501617177,0.234212299227,0.0277146332157,0.109136804585,0.210338831315,0.0805337688777,0.0659233268379,0.0052714492638,0.0613307774594,1,0.9,30,9,1,1,20,0.00374003010262,0.000374003010262,0.00374003010262,0.0156409489408,0.00810579907038,0.00312025805139,0.00374003010262,0.000374003010262,0.00374003010262,0.250754641515,0.455916274833,0.250753951158
419,0.118595993152,0.0108825167383,0.0342520750247,0.0970527978206,0.0189871627068,0.0368983951271,0.0306787848524,0.0505954421713,0.0597234707109,0.342474674979,0.193108894039,0.00674979267732,1,0.9,30,9,1,1,20,0.00821299300429,0.000821299300429,0.00821299300429,0.0183768659973,0.02581258088,0.00384244233262,0.00821299300429,0.000821299300429,0.00821299300429,0.240291177379,0.436891846963,0.24029051583
420,0.0969430375015,0.0121932908526,0.0208132898207,0.0112902781339,0.182085778009,0.0953612508268,0.0107170372296,0.25513881861,0.000634596055293,0.177869820017,0.0941589539407,0.0427938490029,1,0.9,30,9,1,1,20,0.00357860152564,0.000357860152564,0.00357860152564,0.0164673958591,0.00925372195793,0.00332194424378,0.00357860152564,0.000357860152564,0.00357860152564,0.250362283352,0.455202921406,0.250361606773
421,0.0640725976206,0.0285714854266,0.00906036101653,0.0331241797937,0.0911828921817,0.00240685361673,0.265411378505,0.0504509867748,0.0695636150224,0.11724288076,0.126962837993,0.141949931289,1,0.9,30,9,1,1,20,0.00836613207557,0.000836613207557,0.00836613207557,0.0233044277792,0.014177760402,0.00736552836843,0.00836613207557,0.000836613207557,0.00836613207557,0.240956597097,0.438101891378,0.240956040258
422,0.0041249345125,0.128690860923,0.0813448040151,0.26322799412,0.00584898803811,0.0561077499226,0.0713221010094,0.0794109790713,0.0461241961112,0.0813540757083,0.111976387868,0.0704669287011,1,0.9,30,9,1,1,20,0.00542007367219,0.000542007367219,0.00542007367219,0.0246018893083,0.0104703337851,0.0122822289628,0.00542007367219,0.000542007367219,0.00542007367219,0.243540731144,0.44280032734,0.243540180037
423,0.0727940836331,0.0462116251372,0.0705327804264,0.126094833419,0.22262902601,0.00893237144659,0.0701571174812,0.0137629741121,0.0970733194741,0.0370762170931,0.0695317209409,0.165203930826,1,0.9,30,9,1,1,20,0.0089927144195,0.00089927144195,0.0089927144195,0.0189670197038,0.0167585415332,0.00686209002982,0.0089927144195,0.00089927144195,0.0089927144195,0.240859356819,0.437924897646,0.240858693706
424,0.0525337619131,0.0322186900269,0.114811617711,0.0163932772824,0.136692999087,0.00543478909071,0.179311074234,0.0786963288808,0.0420876304232,0.00772006183897,0.246096251334,0.0880035181783,1,0.9,30,9,1,1,20,0.00905235289751,0.000905235289751,0.00905235289751,0.0175843730205,0.012328892077,0.0070144541323,0.00905235289751,0.000905235289751,0.00905235289751,0.242276120525,0.440500824565,0.242275453511
425,0.0129652806328,0.000196778496352,0.0438592632934,0.00867579740008,0.0936992392711,0.0425440052079,0.0548166534568,0.0368427276876,0.109989180354,0.107658213104,0.211039629455,0.27771323164,1,0.9,30,9,1,1,20,0.00794270527985,0.000794270527985,0.00794270527985,0.0251169127774,0.0142141871782,0.0100655171434,0.00794270527985,0.000794270527985,0.00794270527985,0.24023097761,0.436782608461,0.240230434654
426,0.0124231319216,0.0850553517833,0.147985583036,0.0267347197982,0.291800956103,0.0281383408015,0.0508891228169,0.134980449255,0.0574436899211,0.064594345407,0.0342297532484,0.0657245559075,1,0.9,30,9,1,1,20,0.00955433194188,0.000955433194188,0.00955433194188,0.0179646856414,0.0113710193965,0.00862126212178,0.00955433194188,0.000955433194188,0.00955433194188,0.241454376972,0.439006749492,0.24145371222
427,0.0286993116988,0.0985129580577,0.151203115898,0.0715811089316,0.13742161249,0.140478119044,0.0496900251339,0.0908135366361,0.0246420755993,0.00289849598195,0.186966335529,0.017093304999,1,0.9,30,9,1,1,20,0.00831901499249,0.000831901499249,0.00831901499249,0.0229769732174,0.01627470863,0.0106840101223,0.00831901499249,0.000831901499249,0.00831901499249,0.239675936933,0.435773231051,0.239675277078
428,0.13713216408,0.0643470160396,0.0211512591761,0.257536249864,0.0619227673991,0.0734621054047,0.0110941625078,0.0310999759524,0.139024407609,0.147307551491,0.00188813635843,0.0540342041173,1,0.9,30,9,1,1,20,0.00614442965046,0.000614442965046,0.00614442965046,0.0251169013949,0.0323722172456,0.00747416824234,0.00614442965046,0.000614442965046,0.00614442965046,0.238132109718,0.432966450882,0.238131547985
429,0.0196311612479,0.117006841225,0.0895483871955,0.00592492965049,0.0869690279023,0.00819506688702,0.0731644181549,0.149405328795,0.172191101357,0.126877471076,0.0563598314203,0.0947264350874,1,0.9,30,9,1,1,20,0.00927641417847,0.000927641417847,0.00927641417847,0.020654801709,0.014253995982,0.0125800025822,0.00927641417847,0.000927641417847,0.00927641417847,0.239263649578,0.435023619741,0.239262990858
430,0.21352253773,0.0993630527398,0.0192665315669,0.00210460942005,0.0483446879897,0.0332536707454,0.309970266403,0.107496282593,0.0261020916501,0.0511458802536,0.0712546046978,0.018175784211,1,0.9,30,9,1,1,20,0.00891354758683,0.000891354758683,0.00891354758683,0.0227097338369,0.0188543024152,0.00677655398212,0.00891354758683,0.000891354758683,0.00891354758683,0.239439694546,0.435343751842,0.239439063513
431,0.0161563968768,0.0090873000062,0.0160469276117,0.13196221476,0.280439387702,0.034935677729,0.0527331777244,0.0150859398987,0.0690006947589,0.119041813538,0.109914178023,0.145596291371,1,0.9,30,9,1,1,20,0.00879655458013,0.000879655458013,0.00879655458013,0.0193123446931,0.0197937233873,0.00615538756174,0.00879655458013,0.000879655458013,0.00879655458013,0.24037484956,0.437043977782,0.24037418778
432,0.0522868714148,0.094965463623,0.124945674799,0.128800733454,0.0466836039501,0.0450710066269,0.0771197951779,0.143204524298,0.0732356358906,0.0255364695424,0.0287066661629,0.15944355506,1,0.9,30,9,1,1,20,0.00804525677644,0.000804525677644,0.00804525677644,0.025838553351,0.0147672006581,0.0131299990649,0.00804525677644,0.000804525677644,0.00804525677644,0.238981783692,0.434511215983,0.23898116879
433,0.0158571240513,0.10077011009,0.0409030118879,0.169007203515,0.175897178345,0.105101988709,0.0475183258627,0.106920265266,0.0653553967605,0.0950029774022,0.0363017310163,0.0413646870929,1,0.9,30,9,1,1,20,0.00876717370919,0.000876717370919,0.00876717370919,0.0212679969501,0.0238403137368,0.00573661370482,0.00876717370919,0.000876717370919,0.00876717370919,0.238944828558,0.434443946756,0.238944170716
434,0.0325792658229,0.218452501144,0.0538620028625,0.187856868956,0.160577152976,0.143955374902,0.0132995682413,0.00527761111185,0.0154767685221,0.0668908668489,0.0815195312602,0.0202524873527,1,0.9,30,9,1,1,20,0.00807025353752,0.000807025353752,0.00807025353752,0.0293091987595,0.0268243026505,0.0121888004986,0.00807025353752,0.000807025353752,0.00807025353752,0.235133929861,0.427515292498,0.235133410874
435,0.0463309599088,0.0239687557456,0.0479318505903,0.140597904115,0.0894332205575,0.109952164919,0.0179399472282,0.0204622404985,0.154820050539,0.25519858041,0.0226048481639,0.0707594773246,1,0.9,30,9,1,1,20,0.0084733547382,0.00084733547382,0.0084733547382,0.0260490835283,0.0141028393596,0.00811428223085,0.0084733547382,0.00084733547382,0.0084733547382,0.23994329616,0.436259618594,0.239942790227
436,0.112324271833,0.0054377807779,0.00454839855193,0.197115542348,0.0243331490032,0.111666752993,0.00480869819509,0.166859142726,0.202847561148,0.0786674662306,0.0550428709191,0.0363483652738,1,0.9,30,9,1,1,20,0.00915045617997,0.000915045617997,0.00915045617997,0.024826273921,0.0144555702704,0.0151167016427,0.00915045617997,0.000915045617997,0.00915045617997,0.237592463259,0.431985209646,0.237591865305
437,0.0414373272977,0.000437191585513,0.00453707483409,0.063098948334,0.0283320036153,0.0867650722005,0.0397071522071,0.214944112017,0.0429923438874,0.0366635620371,0.431687040193,0.00939817179136,1,0.9,30,9,1,1,20,0.00927532908029,0.000927532908029,0.00927532908029,0.0189325884795,0.0225746784198,0.00469757304719,0.00927532908029,0.000927532908029,0.00927532908029,0.239601119196,0.435637199175,0.239600459546
438,0.125983485152,0.0470201289195,0.103717565899,0.0693611187382,0.158750172286,0.032805234239,0.159765608544,0.033362149266,0.0196497798997,0.0637147713793,0.0187757432733,0.167094242404,1,0.9,30,9,1,1,20,0.00818694326946,0.000818694326946,0.00818694326946,0.0214016726769,0.0194904768688,0.00639656838539,0.00818694326946,0.000818694326946,0.00818694326946,0.240514472638,0.437297837225,0.240513810474
439,0.019469609435,0.0752083291869,0.162289487454,0.212797563635,0.0180488070304,0.0198110319764,0.0679655136725,0.234610655698,0.0372406844481,0.0447671636133,0.0357808708601,0.0720102829904,1,0.9,30,9,1,1,20,0.00945428870483,0.000945428870483,0.00945428870483,0.0177339836275,0.012945098971,0.00903423689868,0.00945428870483,0.000945428870483,0.00945428870483,0.241104426781,0.438370478169,0.241103762993
440,0.00930562401206,0.203612796993,0.0163600792169,0.0271057639299,0.0182357111113,0.0172818200705,0.0119074268446,0.0239447820421,0.156284643367,0.00677185662368,0.189149645936,0.320039849853,1,0.9,30,9,1,1,20,0.00792343119416,0.000792343119416,0.00792343119416,0.0195994617494,0.0210188291055,0.00559056437129,0.00792343119416,0.000792343119416,0.00792343119416,0.241087148085,0.438339087531,0.241086498142
441,0.0521219097957,0.0216253267689,0.0487677145891,0.187205186532,0.165507673634,0.00752806318977,0.0531768386042,0.000299860708921,0.0843242002987,0.00184933204192,0.298548682711,0.0790452111267,1,0.9,30,9,1,1,20,0.00990202891464,0.000990202891464,0.00990202891464,0.0180776256291,0.0215562973998,0.00372802777676,0.00990202891464,0.000990202891464,0.00990202891464,0.239656315694,0.435737556167,0.239655655892
442,0.0498311340193,0.142496269748,0.150975042192,0.0424406044954,0.0254663523718,0.0196592982633,0.0633181954668,0.0970295070611,0.168091592938,0.0165093547548,0.114598164516,0.109584484173,1,0.9,30,9,1,1,20,0.0090968505492,0.00090968505492,0.0090968505492,0.0207562794056,0.016582523431,0.0067636743811,0.0090968505492,0.00090968505492,0.0090968505492,0.240348053568,0.436995288327,0.24034740858
443,0.0287295097371,0.0391227483833,0.164687086152,0.108930539813,0.105143267394,0.0252987259093,0.0273586152962,0.112835998647,0.0271876490709,0.262518923356,0.0294506024272,0.0687363338148,1,0.9,30,9,1,1,20,0.0100088263299,0.00100088263299,0.0100088263299,0.022415989829,0.0302297505063,0.00539526101141,0.0100088263299,0.00100088263299,0.0100088263299,0.235694299079,0.428533954186,0.235693674803
444,0.0908703884898,0.0637994932627,0.135804707171,0.0965348599657,0.0852875925661,0.0456781838011,0.0718890292833,0.134314800516,0.0337867259206,0.00429344243166,0.123190669559,0.114550107032,1,0.9,30,9,1,1,20,0.00904667710122,0.000904667710122,0.00904667710122,0.0188269825842,0.0108621083428,0.0136768804563,0.00904667710122,0.000904667710122,0.00904667710122,0.240596132703,0.437446356186,0.240595495903
445,0.0801756984591,0.012556492804,0.0107626737299,0.240367507929,0.0156463503008,0.100494691108,0.0472100301714,0.0884589064701,0.0968113449659,0.104921326073,0.0276351332721,0.174959844716,1,0.9,30,9,1,1,20,0.00903300398835,0.000903300398835,0.00903300398835,0.0194125499442,0.0139520325986,0.00779693102637,0.00903300398835,0.000903300398835,0.00903300398835,0.241188551217,0.438523431267,0.241187887197
446,0.0775290288009,0.019155393112,0.237727899163,0.00550697576617,0.189616893593,0.0196843817047,0.14283393964,0.0048236085311,0.0942328981126,0.0677455168978,0.0652226482826,0.0759208163958,1,0.9,30,9,1,1,20,0.00818603170816,0.000818603170816,0.00818603170816,0.0261464857123,0.0149039813402,0.00781575738972,0.00818603170816,0.000818603170816,0.00818603170816,0.240102208585,0.436548537935,0.240101695864
447,0.202577880781,0.0634358844524,0.0882637440525,0.195123300399,0.0611248365809,0.0914278710617,0.0348284010133,0.0214731088026,0.0591939985705,0.0117751937008,0.0479900768512,0.122785703734,1,0.9,30,9,1,1,20,0.00797623299659,0.000797623299659,0.00797623299659,0.0286893235175,0.0122051053825,0.0120019025171,0.00797623299659,0.000797623299659,0.00797623299659,0.23927744869,0.435049058908,0.239276982399
448,0.0330257139561,0.0661741157587,0.126747797182,0.0928439796147,0.108291782154,0.00638785516486,0.0331570140733,0.0176455966019,0.0213841510244,0.246368522149,0.228775449586,0.0191980227348,1,0.9,30,9,1,1,20,0.00914979439475,0.000914979439475,0.00914979439475,0.0189298227497,0.0130629539452,0.00633494026428,0.00914979439475,0.000914979439475,0.00914979439475,0.241802248217,0.439639289268,0.241801609097
449,0.0426834619637,0.0915519805324,0.0244806655523,0.0632015853934,0.035196456517,0.0272579811995,0.198690685508,0.0544292653459,0.0010454609234,0.143194199675,0.077973154468,0.240295102922,1,0.9,30,9,1,1,20,0.00769120065269,0.000769120065269,0.00769120065269,0.0303069988737,0.012653705907,0.0130306235559,0.00769120065269,0.000769120065269,0.00769120065269,0.238780383548,0.434145319596,0.238779925778
450,0.0602891511735,0.00271753031166,0.0385089385407,0.0845388706274,0.0486869205699,0.0676523843543,0.18479822823,0.0482610109649,0.0133043127478,0.103913947681,0.0227949128117,0.324533791987,1,0.9,30,9,1,1,20,0.00880740652619,0.000880740652619,0.00880740652619,0.0259905002258,0.0190419027864,0.00777296348744,0.00880740652619,0.000880740652619,0.00880740652619,0.238387026671,0.433429999626,0.238386499794
451,0.0824253767712,0.165634158115,0.0087881668891,0.0220361934525,0.00580256073315,0.0493714591294,0.10034672573,0.00393501518455,0.237700740397,0.140753993429,0.180184243173,0.00302136699587,1,0.9,30,9,1,1,20,0.00721074236275,0.000721074236275,0.00721074236275,0.0279366449757,0.0215257743916,0.00699703262872,0.00721074236275,0.000721074236275,0.00721074236275,0.239186343636,0.434883281577,0.239185804867
452,0.0210028604536,0.0200714270043,0.0335238251428,0.0433764651645,0.297838098465,0.0187755435464,0.0308080161492,0.307019166575,0.0632026584612,0.10648120226,0.0512660372899,0.0066346994878,1,0.9,30,9,1,1,20,0.00940915796834,0.000940915796834,0.00940915796834,0.0181499402675,0.0113836019503,0.00815649814788,0.00940915796834,0.000940915796834,0.00940915796834,0.241683978208,0.439424205135,0.241683312824
453,0.00685228835507,0.0368548461756,0.00686317212786,0.277875461215,0.0563725738561,0.0200693468641,0.133261395272,0.0447627369085,0.172597967198,0.171115189662,0.0382416464902,0.0351333758754,1,0.9,30,9,1,1,20,0.00877945370135,0.000877945370135,0.00877945370135,0.0184274888983,0.0170497129865,0.00472982536641,0.00877945370135,0.000877945370135,0.00877945370135,0.241717442119,0.439485048441,0.241716776643
454,0.0263056910758,0.117355281811,0.115356969826,0.141026891526,0.0126834397789,0.263556109454,0.0701227228012,0.0685368121586,0.046908341006,0.0121688323069,0.0392119619834,0.0867669462729,1,0.9,30,9,1,1,20,0.00933129867365,0.000933129867365,0.00933129867365,0.0217876801192,0.0140916759067,0.0130292569475,0.00933129867365,0.000933129867365,0.00933129867365,0.23883138297,0.434237773953,0.238830775674
455,0.0985155951248,0.060974737013,0.0341330967329,0.115672688187,0.196213307964,0.0279339052757,0.208036270061,0.0134484344398,0.0933773154322,0.0537259865797,0.0349682683547,0.0630003948354,1,0.9,30,9,1,1,20,0.00829117435064,0.000829117435064,0.00829117435064,0.0268029508817,0.0225767829539,0.00889726615825,0.00829117435064,0.000829117435064,0.00829117435064,0.237521829088,0.431856928158,0.237521310487
456,0.0955043807695,0.228383055804,0.00551445169878,0.183075795376,0.0136040054957,0.0916893555951,0.0401718816072,0.167427878349,0.0608269931927,0.03495298725,0.0438251517928,0.0350240630692,1,0.9,30,9,1,1,20,0.011062857191,0.0011062857191,0.011062857191,0.0174510600987,0.0156743460546,0.00562918826033,0.011062857191,0.0011062857191,0.011062857191,0.239586093026,0.435609878941,0.239585433418
457,0.238218589654,0.00695569913706,0.28944500485,0.0408532230823,0.00270407736769,0.179435579932,0.0104683812501,0.0359427797124,0.0258342237966,0.026262594521,0.018079043727,0.125800802969,1,0.9,30,9,1,1,20,0.00849911888578,0.000849911888578,0.00849911888578,0.0227045393903,0.0131338135371,0.0160273551649,0.00849911888578,0.000849911888578,0.00849911888578,0.238972340808,0.43449396889,0.238971682889
458,0.0439007984156,0.0673114728853,0.102815382821,0.0386474410904,0.106505732206,0.239839791121,0.00907061885918,0.221020589886,0.0257517489984,0.0397032401697,0.0735682143902,0.0318649691568,1,0.9,30,9,1,1,20,0.00902368400834,0.000902368400834,0.00902368400834,0.0199987358261,0.0174493010045,0.00738924988846,0.00902368400834,0.000902368400834,0.00902368400834,0.240236098768,0.436791704309,0.24023543737
459,0.121601480653,0.0318005618495,0.00787209771969,0.0225182046394,0.180994970165,0.0224915611472,0.0292181696143,0.161382582517,0.023114186273,0.11488466177,0.0339231422871,0.250198381366,1,0.9,30,9,1,1,20,0.008795898279,0.0008795898279,0.008795898279,0.0181176319175,0.0119824434726,0.0155401779657,0.008795898279,0.0008795898279,0.008795898279,0.240276362366,0.436864910649,0.240275700857
460,0.034633181153,0.0211886527363,0.00481732808732,0.0599957797587,0.135205865817,0.0242733652878,0.0853748268005,0.116059800679,0.0550550068732,0.076490485447,0.0526358662575,0.334269841103,1,0.9,30,9,1,1,20,0.00961399209208,0.000961399209208,0.00961399209208,0.0163657618596,0.00925295002452,0.00996837606355,0.00961399209208,0.000961399209208,0.00961399209208,0.242009434586,0.440015942374,0.242008768306
461,5.92047001245e-05,0.0635337415517,0.0226163555904,0.153637840805,0.0285799047506,0.132856391921,0.114601246592,0.187129054093,0.125836998846,0.0549429047044,0.0269476335839,0.0892587228612,1,0.9,30,9,1,1,20,0.00907175431868,0.000907175431868,0.00907175431868,0.0207462767596,0.0106509227118,0.0113602072323,0.00907175431868,0.000907175431868,0.00907175431868,0.240727933628,0.437685994535,0.240727296994
462,0.0441672442895,0.151757343444,0.0115604485279,0.117155700562,0.0526567204229,0.0260186266522,0.00845704384273,0.0245908020471,0.229036617193,0.0922567786058,0.229274821434,0.0130678529797,1,0.9,30,9,1,1,20,0.00867664374883,0.000867664374883,0.00867664374883,0.0216909753079,0.0237426997134,0.0088110923848,0.00867664374883,0.000867664374883,0.00867664374883,0.238153974832,0.433006034849,0.238153319167
463,0.0278904172003,0.109014816138,0.17923560755,0.0592594182556,0.144765220339,0.229359949102,0.0895656782697,0.00242170101829,0.0687085312556,0.0413227378218,0.0299966680245,0.0184592550255,1,0.9,30,9,1,1,20,0.0130268624448,0.00130268624448,0.0130268624448,0.0197065430754,0.0203807623306,0.00835776396437,0.0130268624448,0.00130268624448,0.0130268624448,0.234887696163,0.427067362709,0.23488704949
464,0.144684041029,0.0639357269168,0.0173491366988,0.152503167874,0.0273624104048,0.00845658108201,0.18740654478,0.019136949387,0.0918446051422,0.0881036604609,0.158193738162,0.0410234380623,1,0.9,30,9,1,1,20,0.00964056159659,0.000964056159659,0.00964056159659,0.0169406778823,0.0176340768437,0.00645918266601,0.00964056159659,0.000964056159659,0.00964056159659,0.240553649366,0.437369067443,0.240552987094
465,0.236166840633,0.105294670227,0.109687855261,0.0886687320033,0.0186672740881,0.0298748094966,0.0847674378187,0.0196842119937,0.0260780455835,0.0279083193599,0.00732041301965,0.245881390515,1,0.9,30,9,1,1,20,0.00774119535906,0.000774119535906,0.00774119535906,0.0227405274319,0.0183020073325,0.00834920289873,0.00774119535906,0.000774119535906,0.00774119535906,0.240454004334,0.437187895158,0.240453342337
466,0.0935876161823,0.0424231667263,0.0674933938867,0.032236110353,0.122427582459,0.0179023514496,0.0891647415568,0.0332200007952,0.077232709022,0.0288361951965,0.300231138917,0.0952449934561,1,0.9,30,9,1,1,20,0.0049428943913,0.00049428943913,0.0049428943913,0.0159035383127,0.0139617552244,0.00335068151479,0.0049428943913,0.00049428943913,0.0049428943913,0.247768659518,0.450487231604,0.247767977382
467,0.0283424744799,0.0180912081339,0.141712694972,0.181454580878,0.116640976234,0.0356305739894,0.0647833833614,0.0753684607595,0.15662820712,0.0258203826543,0.128470146458,0.0270569109594,1,0.9,30,9,1,1,20,0.00893347662962,0.000893347662962,0.00893347662962,0.0196144212689,0.0129558954129,0.00903560223331,0.00893347662962,0.000893347662962,0.00893347662962,0.241181639421,0.4385108644,0.24118097542
468,0.0410750943942,0.0318202038188,0.0608603539857,0.240718261312,0.00563325537908,0.0420388743727,0.179315494451,0.0110169242659,0.044965795215,0.0743084313247,0.0267163397427,0.241530971738,1,0.9,30,9,1,1,20,0.00878744820651,0.000878744820651,0.00878744820651,0.0217576373491,0.0128339906597,0.00950287389062,0.00878744820651,0.000878744820651,0.00878744820651,0.240690497954,0.437617882374,0.240689835305
469,0.204156333446,0.0483998664321,0.0164067860032,0.0232373285289,0.107349497834,0.00434668781649,0.210394803823,0.0044113863301,0.180211103673,0.00820136038671,0.163221609553,0.0296632361733,1,0.9,30,9,1,1,20,0.00960154106803,0.000960154106803,0.00960154106803,0.0211768160523,0.0195984760998,0.00688085895038,0.00960154106803,0.000960154106803,0.00960154106803,0.238862179205,0.434293675617,0.23886152159
470,0.0869902994104,0.0214616350328,0.388481465411,0.177121836625,0.116248088128,0.0146990992235,0.00719639087102,0.00232249945042,0.00954777850725,0.0978277510502,0.0123334672767,0.0657696890129,1,0.9,30,9,1,1,20,0.00955851714859,0.000955851714859,0.00955851714859,0.0169123924058,0.0131833860496,0.00495028947733,0.00955851714859,0.000955851714859,0.00955851714859,0.242212153154,0.440384520574,0.242211486316
471,0.00635371866196,0.225329168743,0.0619455564569,0.0397108449759,0.0438364426859,0.101934595238,0.048516817465,0.0335448038833,0.0451609446879,0.100541365768,0.265931020806,0.0271947206281,1,0.9,30,9,1,1,20,0.00830206826532,0.000830206826532,0.00830206826532,0.0246263942647,0.0147924434352,0.00824149539173,0.00830206826532,0.000830206826532,0.00830206826532,0.240290415852,0.436890686673,0.24028987767
472,0.0668069743235,0.0597749122725,0.00761306377896,0.020463707358,0.0468604451874,0.203171373321,0.134974385465,0.137748906798,0.0773620412136,0.153134808446,0.0094938362716,0.0825955455645,1,0.9,30,9,1,1,20,0.00820039712411,0.000820039712411,0.00820039712411,0.0243341889206,0.0249324672771,0.00648566755395,0.00820039712411,0.000820039712411,0.00820039712411,0.238282992542,0.433240655345,0.23828236044
473,0.349271342824,0.0352194384257,0.0112292706432,0.0124920326702,0.0406965593441,0.0620660281229,0.0401474952309,0.0211653428874,0.0828872142504,0.084691330123,0.175615876961,0.0845180685178,1,0.9,30,9,1,1,20,0.00864136101073,0.000864136101073,0.00864136101073,0.0242791584993,0.0146420578074,0.00667388519817,0.00864136101073,0.000864136101073,0.00864136101073,0.240458089414,0.437195543765,0.240457549071
474,0.0272852562231,0.226204657743,0.00176340183244,0.069017313747,0.119082148081,0.0588734313598,0.117857265226,0.0724371639315,0.113563269472,0.0842630338749,0.0130718941486,0.0965811643602,1,0.9,30,9,1,1,20,0.00572847558099,0.000572847558099,0.00572847558099,0.023885110648,0.0143182912152,0.00780224270481,0.00572847558099,0.000572847558099,0.00572847558099,0.243554800537,0.442825779003,0.243554178452
475,0.17720826458,0.00658972529996,0.020323757102,0.00878900881974,0.022488708874,0.00290815858354,0.0278091661771,0.169908317492,0.107902273557,0.0480557891749,0.141882629879,0.26613420046,1,0.9,30,9,1,1,20,0.00888393434836,0.000888393434836,0.00888393434836,0.0252685790046,0.0159856433652,0.00794827359119,0.00888393434836,0.000888393434836,0.00888393434836,0.239246458707,0.434992594238,0.239245926831
476,0.0433259062677,0.111696570882,0.0363250397684,0.441258115482,0.106917596084,0.00340653505699,0.0671757638917,0.0672153512689,0.0026129906817,0.0492526174755,0.0504176897905,0.0203958233508,1,0.9,30,9,1,1,20,0.0101961771897,0.00101961771897,0.0101961771897,0.0175837756291,0.0146133047647,0.00631908150525,0.0101961771897,0.00101961771897,0.0101961771897,0.240601889702,0.437456776904,0.240601227297
477,0.0185672149851,0.0375107431686,0.179680031982,0.0301485174103,0.0789756624186,0.213435378925,0.0222702834116,0.0210700080562,0.186943647241,0.0238799563506,0.0988720070564,0.0886465489944,1,0.9,30,9,1,1,20,0.00885655586868,0.000885655586868,0.00885655586868,0.0222059340069,0.0168718013223,0.0086386515261,0.00885655586868,0.000885655586868,0.00885655586868,0.239665888527,0.435754961271,0.239665228699
478,0.153149646922,0.00121699699893,0.00962425177101,0.0826406137354,0.00822279319766,0.196947659909,0.0220225997628,0.133674397327,0.0651617978844,0.111726426629,0.0551337278414,0.160479088021,1,0.9,30,9,1,1,20,0.00803253763238,0.000803253763238,0.00803253763238,0.020573590985,0.0246792066794,0.00523112658399,0.00803253763238,0.000803253763238,0.00803253763238,0.239847477734,0.436085122556,0.239846817406
479,0.123917374285,0.0995920238193,0.0503985639077,0.00670705050425,0.16412065442,0.0740057394653,0.085481142047,0.0259715573581,0.0518310355788,0.100158337071,0.0302040396346,0.187612481909,1,0.9,30,9,1,1,20,0.00883908870617,0.000883908870617,0.00883908870617,0.0252359255388,0.0236939919437,0.00673798802039,0.00883908870617,0.000883908870617,0.00883908870617,0.23760246592,0.432003520007,0.237601936004
480,0.126600201575,0.148262926062,0.180069698388,0.0985590350462,0.0424742012595,0.0203130116006,0.14714076139,0.0234911238258,0.0576468489658,0.0518651614063,0.0187282858945,0.0848487445868,1,0.9,30,9,1,1,20,0.00756895071268,0.000756895071268,0.00756895071268,0.0211914969714,0.0145900597079,0.00677766571616,0.00756895071268,0.000756895071268,0.00756895071268,0.242432903282,0.440785987954,0.242432293375
481,0.0730054248809,0.148261055082,0.182773637199,0.147114979344,0.113473073389,0.0108285869694,0.0186048084379,0.01142239363,0.0245074802646,0.175526992918,0.0529582097271,0.0415233581573,1,0.9,30,9,1,1,20,0.00756479615315,0.000756479615315,0.00756479615315,0.0218591399528,0.0277973275198,0.00528968439295,0.00756479615315,0.000756479615315,0.00756479615315,0.23919331337,0.434895736078,0.239192654843
482,0.0324510984686,0.246243814682,0.0372815452758,0.158116251052,0.138923962318,0.0709211865345,0.0624998216432,0.083015575937,0.0538944399269,0.027670787014,0.0701302435075,0.0188512736408,1,0.9,30,9,1,1,20,0.00345698667519,0.000345698667519,0.00345698667519,0.0160222711042,0.0073150173803,0.0048417605858,0.00345698667519,0.000345698667519,0.00345698667519,0.250722358908,0.455857579346,0.25072166864
483,0.106072378871,0.0726535029992,0.0789877920266,0.0828316121769,0.0890967081542,0.181143793111,0.00852069941908,0.128526468161,0.122484348153,0.0105369331353,0.0325864460059,0.0865593177876,1,0.9,30,9,1,1,20,0.0104539205061,0.00104539205061,0.0104539205061,0.0188145071919,0.0161222625554,0.00878398409837,0.0104539205061,0.00104539205061,0.0104539205061,0.238955261294,0.434462915313,0.238954603422
484,0.020848947357,0.295905377582,0.0459986890316,0.0265414062222,0.145728278671,0.0776004351346,0.0063984376405,0.00749159937082,0.140175095371,0.0873411487118,0.0167040586353,0.129266526272,1,0.9,30,9,1,1,20,0.00843344349586,0.000843344349586,0.00843344349586,0.0233065486914,0.0155071572453,0.0074377741316,0.00843344349586,0.000843344349586,0.00843344349586,0.240514979925,0.437298759564,0.24051431776
485,0.0193752522012,0.12543049154,0.0163905149869,0.121116727288,0.0202031554958,0.106440615037,0.0178823203493,0.106323713391,0.0853604513688,0.0203601326391,0.225988593805,0.135128031897,1,0.9,30,9,1,1,20,0.00729701568088,0.000729701568088,0.00729701568088,0.0218716945987,0.0243615237646,0.00753440299095,0.00729701568088,0.000729701568088,0.00729701568088,0.239796524854,0.435992508343,0.239795879589
486,0.095997806029,0.0592799404957,0.0212554324736,0.106709382501,0.0769923563101,0.086586082164,0.072002729393,0.00941664788969,0.103671733891,0.0502566371764,0.224862777129,0.0929684745479,1,0.9,30,9,1,1,20,0.00863848321167,0.000863848321167,0.00863848321167,0.0200090418454,0.0183642432965,0.00681678400323,0.00863848321167,0.000863848321167,0.00863848321167,0.240567379629,0.437394143056,0.240566778681
487,0.0465900533861,0.103005120941,0.0376607378835,0.0313339366252,0.158559202564,0.0929689185656,0.133197576946,0.180051379959,0.0175779283924,0.0737389963961,0.0187068052732,0.106609343068,1,0.9,30,9,1,1,20,0.00986525603599,0.000986525603599,0.00986525603599,0.0178902153728,0.0118763785905,0.00882174774025,0.00986525603599,0.000986525603599,0.00986525603599,0.240946999438,0.438084247424,0.240946336083
488,0.126111031757,0.119991416589,0.0114036739385,0.140582312258,0.132281218435,0.1237526656,0.00888447719108,0.154302774725,0.00684788912759,0.10491562986,0.0445880540304,0.0263388564885,1,0.9,30,9,1,1,20,0.00941963119068,0.000941963119068,0.00941963119068,0.0222821513401,0.0131580310905,0.00912009495931,0.00941963119068,0.000941963119068,0.00941963119068,0.239873106192,0.436131719624,0.239872445793
489,0.0385052489804,0.042302679101,0.00959391816705,0.14625293413,0.32905944917,0.0399687665659,0.00822515806516,0.11574464021,0.135312383733,0.0107647118438,0.0831482932028,0.04112181683,1,0.9,30,9,1,1,20,0.00322944871354,0.000322944871354,0.00322944871354,0.0165612464763,0.00830661738785,0.00507408617533,0.00322944871354,0.000322944871354,0.00322944871354,0.250510938077,0.455473178894,0.250510248392
490,0.0720997024226,0.0237535314524,0.0407567743877,0.324927930885,0.0387886861942,0.102626125012,0.0998268793181,0.0978473204653,0.0381725668192,0.0230350298036,0.0070267715827,0.131138681658,1,0.9,30,9,1,1,20,0.00842623173169,0.000842623173169,0.00842623173169,0.0275025350451,0.0163313395426,0.0101004572489,0.00842623173169,0.000842623173169,0.00842623173169,0.23851063628,0.433654747491,0.23851011112
491,0.297541083104,0.0544771510616,0.13247674063,0.0234516950414,0.135229365575,0.175209437478,0.0257310767839,0.0104492836065,0.0294050528633,0.0561360816223,0.0407494721924,0.019143560042,1,0.9,30,9,1,1,20,0.0105432820932,0.00105432820932,0.0105432820932,0.0197310253402,0.0100023202536,0.0116074624582,0.0105432820932,0.00105432820932,0.0105432820932,0.239480283751,0.435417498971,0.239479624434
492,0.00854950698413,0.13648905708,0.0157810828231,0.150728437349,0.00955090593319,0.00291556635309,0.351106392135,0.0474575898141,0.0672215488889,0.0877282047601,0.0623231990493,0.0601485088308,1,0.9,30,9,1,1,20,0.0100682524135,0.00100682524135,0.0100682524135,0.0160642237018,0.00922408150685,0.00696255025764,0.0100682524135,0.00100682524135,0.0100682524135,0.242383524166,0.440696103375,0.242382856856
493,0.0188263782261,0.0268874328157,0.0943766303252,0.0216668462923,0.0148006865154,0.19590177983,0.0457854817689,0.0485891612688,0.0825344879763,0.0988247338972,0.303854946978,0.0479514341062,1,0.9,30,9,1,1,20,0.00911955297145,0.000911955297145,0.00911955297145,0.0197350375743,0.0209312189127,0.00774998030638,0.00911955297145,0.000911955297145,0.00911955297145,0.239193296722,0.434895705809,0.239192638195
494,0.111651350208,0.0480973288341,0.313998315028,0.0311516971947,0.162088021768,0.0693275906669,0.0643798665609,0.113225657818,0.0237103455725,0.0233487984219,0.000421556270479,0.0385994716576,1,0.9,30,9,1,1,20,0.0214438359767,0.00214438359767,0.0214438359767,0.0292279070858,0.0289804556235,0.0192359840928,0.0214438359767,0.00214438359767,0.0214438359767,0.218033842432,0.396424322364,0.2180333773
495,0.136508386227,0.034764420123,0.0352680259397,0.022466189639,0.0590248555316,0.10131456569,0.167759738824,0.326959761271,0.0505011735275,0.0247009657307,0.00481001301265,0.0359219044841,1,0.9,30,9,1,1,20,0.0199098084278,0.00199098084278,0.0199098084278,0.021737550602,0.0416833570493,0.00869069583912,0.0199098084278,0.00199098084278,0.0199098084278,0.221118049617,0.402031710643,0.221117440853
496,0.0414961663379,0.033355947007,0.115650846088,0.190322114695,0.0495797868887,0.105877119815,0.0350809543837,0.0676737238141,0.0605997589678,0.0628835141181,0.0424968958787,0.194983172007,1,0.9,30,9,1,1,20,0.00916323620253,0.000916323620253,0.00916323620253,0.0197407820208,0.0215986608586,0.00809028554151,0.00916323620253,0.000916323620253,0.00916323620253,0.238879806247,0.434325724698,0.238879148584
497,0.0193302109826,0.0895328517522,0.0769865241449,0.011898858068,0.0500375213012,0.233463750211,0.0148264752105,0.107767211079,0.0504001626479,0.13735645036,0.11691059728,0.0914893869622,1,0.9,30,9,1,1,20,0.00887954944451,0.000887954944451,0.00887954944451,0.0231489796958,0.0169455141632,0.00838350654257,0.00887954944451,0.000887954944451,0.00887954944451,0.239441124922,0.435346301296,0.239440465713
498,0.097956774835,0.00309517497432,0.106202888103,0.0126046683981,0.260917575223,0.00763081420114,0.0952242853693,0.00637922076332,0.119478149948,0.175122540707,0.0291965366326,0.0861913708457,1,0.9,30,9,1,1,20,0.00765796100844,0.000765796100844,0.00765796100844,0.0209804087297,0.0196788402923,0.00758081122291,0.00765796100844,0.000765796100844,0.00765796100844,0.240847192719,0.437902781162,0.240846529639
499,0.046881588323,0.0752067857293,0.0518709213001,0.0130227655244,0.0195190419342,0.187296759495,0.0595677609723,0.0474963799422,0.175363571786,0.00323949152093,0.103902372526,0.216632560947,1,0.9,30,9,1,1,20,0.00824707537642,0.000824707537642,0.00824707537642,0.0257157127095,0.0181307838335,0.0079082818234,0.00824707537642,0.000824707537642,0.00824707537642,0.239278547063,0.435050940638,0.239278017351
500,0.0637907214531,0.0198332878159,0.102390847098,0.111532055713,0.00631343017472,0.286398828935,0.00599637335439,0.0959658088805,0.137453789234,0.0136060259924,0.0749943865616,0.0817244447877,1,0.9,30,9,1,1,20,0.00905182910145,0.000905182910145,0.00905182910145,0.025547683865,0.0131025062608,0.0126579315414,0.00905182910145,0.000905182910145,0.00905182910145,0.238510306695,0.433654122201,0.238509767211
501,0.0525467170971,0.0529352892014,0.325614974268,0.0395902792172,0.141991572675,0.055093790702,0.0137489558067,0.10153488313,0.130634856536,0.0251298270401,0.0290855494211,0.0320933049051,1,0.9,30,9,1,1,20,0.0119525670401,0.00119525670401,0.0119525670401,0.0242063859012,0.0205277751441,0.0108750610146,0.0119525670401,0.00119525670401,0.0119525670401,0.234193093992,0.425804453148,0.234192449232
502,0.112647399286,0.0171739024674,0.0311733769497,0.0819810301072,0.0832637920045,0.123238971384,0.0587276396865,0.0152895779729,0.0728530385539,0.0256372154032,0.30809973124,0.0699143249449,1,0.9,30,9,1,1,20,0.00914373523903,0.000914373523903,0.00914373523903,0.0186634231614,0.0141886517331,0.00586715829316,0.00914373523903,0.000914373523903,0.00914373523903,0.241706392755,0.439464958744,0.241705727309
503,0.0781185694043,0.0160967062417,0.120218350429,0.0291696525942,0.114741487889,0.222001603346,0.09512481111,0.0422109050155,0.00421891328038,0.11316085966,0.117435508016,0.0475026330133,1,0.9,30,9,1,1,20,0.00913523286361,0.000913523286361,0.00913523286361,0.0196983745527,0.00972809133135,0.00897374726069,0.00913523286361,0.000913523286361,0.00913523286361,0.241799298425,0.439633877679,0.241798632724
504,0.196848436564,0.0745928618772,0.150899307024,0.146859714536,0.0745993424936,0.206569394303,0.00664473418743,0.00563082830939,0.0209705721776,0.0231735955068,0.0512205341087,0.0419906789129,1,0.9,30,9,1,1,20,0.00998159695434,0.000998159695434,0.00998159695434,0.0184053100954,0.0215955455413,0.00560486112131,0.00998159695434,0.000998159695434,0.00998159695434,0.23898113649,0.434509960996,0.238980478548
505,0.0480026212005,0.0291145047282,0.153806093325,0.0685661790794,0.0804694902812,0.0480909965895,0.0702609241309,0.081512885769,0.129057299311,0.055617222216,0.0548842475173,0.180617535852,1,0.9,30,9,1,1,20,0.00677680585092,0.000677680585092,0.00677680585092,0.0319805512061,0.0191928123388,0.0107998017203,0.00677680585092,0.000677680585092,0.00677680585092,0.238219530957,0.433125625293,0.238219093911
506,0.238325391567,0.0739260797843,0.0190022256728,0.150251470587,0.0102189425798,0.311900567503,0.0472175837569,0.0393995672949,0.029401809253,0.041409787079,0.0338424565229,0.00510411839951,1,0.9,30,9,1,1,20,0.0112590936508,0.00112590936508,0.0112590936508,0.036263707817,0.0521099305001,0.00711057487655,0.0112590936508,0.00112590936508,0.0112590936508,0.224512334545,0.408203392857,0.224511866071
507,0.0315524378114,0.143310139605,0.0321288869844,0.0138144001931,0.265761666299,0.196788658286,0.0609077625662,0.120340652087,0.00560354180796,0.0134522283548,0.066453271883,0.0498863541233,1,0.9,30,9,1,1,20,0.0102459711004,0.00102459711004,0.0102459711004,0.0188115842857,0.0131873021949,0.0085539339901,0.0102459711004,0.00102459711004,0.0102459711004,0.240013704627,0.436387352439,0.240013043842
508,0.110965648808,0.0667076968207,0.121174414868,0.0646449093274,0.0146702928325,0.0392703310674,0.0327383925389,0.0658558305279,0.361453705613,0.0962941012332,0.00632184209074,0.0199028342723,1,0.9,30,9,1,1,20,0.00902524836534,0.000902524836534,0.00902524836534,0.0232522164837,0.0221823770713,0.00832777051635,0.00902524836534,0.000902524836534,0.00902524836534,0.237896852962,0.432538541827,0.237896198005
509,0.0386038111996,0.050032486839,0.155793415114,0.212051509532,0.049652411834,0.0400593036659,0.0404403328876,0.147294776577,0.104632779055,0.0602744957986,0.00512007266285,0.0960446048341,1,0.9,30,9,1,1,20,0.00795786980804,0.000795786980804,0.00795786980804,0.026423800632,0.026050275533,0.00902347212753,0.00795786980804,0.000795786980804,0.00795786980804,0.237044987622,0.430989942511,0.237044468381
510,0.129932501392,0.0843882662944,0.0353963284789,0.00568616843599,0.0894980781196,0.0824267151774,0.144409514683,0.0101713021214,0.0608816591088,0.151281698387,0.128286733184,0.0776410346174,1,0.9,30,9,1,1,20,0.00854435106047,0.000854435106047,0.00854435106047,0.020939814199,0.0105909807307,0.0114687648084,0.00854435106047,0.000854435106047,0.00854435106047,0.241244676507,0.438625476968,0.241244012333
511,0.0136436868604,0.240665380129,0.0780007990136,0.0282962156838,0.0743009855154,0.177788385529,0.0538762000911,0.0428377393987,0.038712716926,0.0415419416063,0.0187180526064,0.19161789664,1,0.9,30,9,1,1,20,0.00751732056395,0.000751732056395,0.00751732056395,0.0184007227037,0.00970237128053,0.00620090122729,0.00751732056395,0.000751732056395,0.00751732056395,0.244651798977,0.444820296415,0.244651163028
512,0.114549502992,0.192227444133,0.106861128483,0.132399806202,0.00392532849671,0.0417743522408,0.0116648447899,0.105576498028,0.0955287607418,0.0285832330903,0.0408402850049,0.126068815797,1,0.9,30,9,1,1,20,0.00926728949766,0.000926728949766,0.00926728949766,0.0208549728366,0.0125944245846,0.00764552236889,0.00926728949766,0.000926728949766,0.00926728949766,0.240948275834,0.438086573216,0.240947615269
513,0.147084773635,0.151104286994,0.0446140068149,0.0806952128569,0.000557531827075,0.121288205897,0.087987463298,0.00565016881794,0.155566956014,0.145170137726,0.0537577330276,0.00652352309049,1,0.9,30,9,1,1,20,0.00758211383258,0.000758211383258,0.00758211383258,0.0259358090212,0.0325107358092,0.00682597334154,0.00758211383258,0.000758211383258,0.00758211383258,0.236469649518,0.429943841428,0.236469112785
514,0.150165553123,0.0984115267675,0.0955510048707,0.0128424812283,0.00954029891744,0.175460784783,0.152565244096,0.0237763413932,0.0172185668601,0.199356586584,0.0133668308159,0.0517447805604,1,0.9,30,9,1,1,20,0.00982166846372,0.000982166846372,0.00982166846372,0.0215416263579,0.0195428555007,0.0063857672817,0.00982166846372,0.000982166846372,0.00982166846372,0.238668727286,0.433941945824,0.238668070203
515,0.0127920684224,0.00184545399468,0.0936452535855,0.0771485031822,0.0640319691888,0.143841425422,0.0125271038425,0.0911363416729,0.153657742226,0.223494413788,0.0382193468662,0.0876603778096,1,0.9,30,9,1,1,20,0.00942147239289,0.000942147239289,0.00942147239289,0.016862907024,0.0153015665863,0.00523919972058,0.00942147239289,0.000942147239289,0.00942147239289,0.241745433356,0.43953594146,0.241744767803
516,0.0636735493096,0.214054115637,0.000243378700789,0.0828402265177,0.0348700979229,0.249017388205,0.0807885566375,0.0967943198776,0.0868227616453,0.00759792323612,0.0458400749404,0.0374576073706,1,0.9,30,9,1,1,20,0.0143739233388,0.00143739233388,0.0143739233388,0.0161231847941,0.0140771655633,0.00643083474741,0.0143739233388,0.00143739233388,0.0143739233388,0.236500045002,0.429998897981,0.23649939389
517,0.0256358121578,0.137512212302,0.0469221695403,0.0676711906503,0.0252614513897,0.0218743685846,0.0428470642754,0.0378916496876,0.43482868755,0.100057136133,0.0178208713579,0.0416773863719,1,0.9,30,9,1,1,20,0.00860148300196,0.000860148300196,0.00860148300196,0.0203146032541,0.0180667431766,0.00794496769186,0.00860148300196,0.000860148300196,0.00860148300196,0.240310536658,0.436927045556,0.240309875056
518,0.0733633994887,0.0131655428199,0.142046208401,0.00356328883612,0.245194445643,0.0624731005166,0.0306029478461,0.0648028955099,0.0572227402992,0.165264350357,0.124961317508,0.017339762774,1,0.9,30,9,1,1,20,0.00884458625469,0.000884458625469,0.00884458625469,0.0205358752593,0.0132276242951,0.00694401387621,0.00884458625469,0.000884458625469,0.00884458625469,0.241514716185,0.439116456848,0.241514051267
519,0.00490702766744,0.0979951912235,0.0875555828128,0.0715822198138,0.113316369108,0.0843534410043,0.190257827988,0.0382171875936,0.0362325208069,0.0974327072065,0.0711127458911,0.107037178884,1,0.9,30,9,1,1,20,0.00893726104235,0.000893726104235,0.00893726104235,0.019729957391,0.0185720005025,0.00482693435261,0.00893726104235,0.000893726104235,0.00893726104235,0.24077860178,0.437778070707,0.240777938889
520,0.0124538422959,0.116551237843,0.052146614875,0.0737099228264,0.101754098794,0.0680015601856,0.0520566937206,0.100929907998,0.0572407540684,0.220945994871,0.0190128212069,0.125196551315,1,0.9,30,9,1,1,20,0.00904463338277,0.000904463338277,0.00904463338277,0.0197258834367,0.0117760018801,0.00954668585255,0.00904463338277,0.000904463338277,0.00904463338277,0.241205339069,0.438553954551,0.241204675003
521,0.0265616427124,0.120944695051,0.077658612245,0.164866339712,0.0330469458809,0.0173492667242,0.0160721511138,0.036294883864,0.100525120397,0.3358573178,0.0275363774093,0.0432866470909,1,0.9,30,9,1,1,20,0.0030458916773,0.00030458916773,0.0030458916773,0.0178952877967,0.0113689362451,0.00455650299613,0.0030458916773,0.00030458916773,0.0030458916773,0.249696978997,0.453993257368,0.249696291552
522,0.0217039259327,0.16693513239,0.0831132839766,0.0790307970172,0.00186619651912,0.0975388616731,0.169103168739,0.0262732991621,0.0222454459308,0.197738950337,0.10400964942,0.0304412889017,1,0.9,30,9,1,1,20,0.00829431673222,0.000829431673222,0.00829431673222,0.0189426585644,0.0188216565375,0.0051775600029,0.00829431673222,0.000829431673222,0.00829431673222,0.241534822738,0.439153014117,0.241534157765
523,0.0424322180325,0.09310658329,0.0212047563524,0.0131511714924,0.198496563505,0.0308975963778,0.20505076065,0.132723457663,0.00173492041366,0.154490493686,0.0544409378456,0.052270540692,1,0.9,30,9,1,1,20,0.00804034057362,0.000804034057362,0.00804034057362,0.0253820871092,0.0150808849675,0.0107799705253,0.00804034057362,0.000804034057362,0.00804034057362,0.239640011803,0.435708138829,0.239639476356
524,0.0394299591713,0.0270602013886,0.0778890474451,0.0211058196553,0.00452278990014,0.106436955265,0.180434284884,0.102560018567,0.109210170471,0.136485858677,0.126447155431,0.0684177391434,1,0.9,30,9,1,1,20,0.00625296206293,0.000625296206293,0.00625296206293,0.0201411365356,0.0132307553262,0.00752470515286,0.00625296206293,0.000625296206293,0.00625296206293,0.244315986597,0.444209661758,0.244315313967
525,0.00857525068679,0.0308896684552,0.0667281955653,0.0235647432723,0.312824546579,0.0306810839408,0.0874003604616,0.078427017001,0.0102268378011,0.0858061184276,0.15809658293,0.106779594879,1,0.9,30,9,1,1,20,0.00797812302235,0.000797812302235,0.00797812302235,0.0223519107205,0.0213214760175,0.00826786665203,0.00797812302235,0.000797812302235,0.00797812302235,0.239525629531,0.435500000249,0.239525000137
526,0.178391785858,0.144281443424,0.00817875069309,0.005568388576,0.000908095639004,0.0439287451853,0.0619032605274,0.155331515958,0.0190882797653,0.175578584159,0.0277601237549,0.179081026459,1,0.9,30,9,1,1,20,0.00846751117586,0.000846751117586,0.00846751117586,0.0255132910599,0.0137761412579,0.0102792302827,0.00846751117586,0.000846751117586,0.00846751117586,0.239608623316,0.435651075577,0.239608091567
527,0.0131480958054,0.134966770297,0.119238309186,0.118966175,0.0409850545761,0.0225403424849,0.0930006243421,0.0246892304612,0.275068591145,0.0512866338364,0.0941757798718,0.0119343929954,1,0.9,30,9,1,1,20,0.00948249553118,0.000948249553118,0.00948249553118,0.0222137157116,0.0190457464236,0.0086479298729,0.00948249553118,0.000948249553118,0.00948249553118,0.23840351765,0.433459747814,0.238402861297
528,0.212144210678,0.185045025031,0.0122128429393,0.0272545298221,0.0175743923004,0.0251173990719,0.0734967379719,0.221132039059,0.106971182966,0.0416680237669,0.0494249867437,0.0279586296494,1,0.9,30,9,1,1,20,0.0108952720872,0.00108952720872,0.0108952720872,0.0182462256628,0.0121994730797,0.00741563887664,0.0108952720872,0.00108952720872,0.0108952720872,0.240004362827,0.436370423734,0.240003733054
529,0.133289198718,0.0223092011818,0.0966625531635,0.00791179311993,0.253486215721,0.0539227768479,0.119930229924,0.0575565432218,0.0758257220875,0.0730514388312,0.068230618619,0.0378237085636,1,0.9,30,9,1,1,20,0.00898264934512,0.000898264934512,0.00898264934512,0.0194621770948,0.0147133261573,0.0101754225057,0.00898264934512,0.000898264934512,0.00898264934512,0.240408579661,0.437105398278,0.240407969053
530,0.129827277487,0.149669032799,0.0231465123196,0.107876003636,0.00322960382248,0.139675575711,0.0841082529886,0.112746261266,0.0547080977799,0.0419766008356,0.056176568734,0.0968602126204,1,0.9,30,9,1,1,20,0.00861131705704,0.000861131705704,0.00861131705704,0.0194378018162,0.0171061138344,0.00646463745823,0.00861131705704,0.000861131705704,0.00861131705704,0.24116865835,0.438487262517,0.241167994385
531,0.0976036199162,0.140299643145,0.0203552235054,0.130021122914,0.120019022956,0.0475795965086,0.0916233586001,0.042449245772,0.0417278107675,0.0317196145395,0.055884868489,0.180716872887,1,0.9,30,9,1,1,20,0.00890284418624,0.000890284418624,0.00890284418624,0.0217236287126,0.0180945161748,0.00463120707779,0.00890284418624,0.000890284418624,0.00890284418624,0.240470552737,0.437218161107,0.240469988609
532,0.0122158735585,0.0808190982374,0.245626320724,0.0261171769571,0.107779736553,0.0287502354711,0.0318628926853,0.179324142667,0.022125643585,0.00552180230232,0.19971014114,0.0601469361204,1,0.9,30,9,1,1,20,0.00737807596761,0.000737807596761,0.00737807596761,0.0254757497411,0.0261144962864,0.0061248117194,0.00737807596761,0.000737807596761,0.00737807596761,0.238673483803,0.433950670572,0.238672868814
533,0.00691417075911,0.0189854898937,0.0556493240005,0.106926528659,0.111979754541,0.0956855352081,0.110924541233,0.0860645378777,0.111929209553,0.159885608247,0.0934353579385,0.0416199420894,1,0.9,30,9,1,1,20,0.00388620183648,0.000388620183648,0.00388620183648,0.0165314249706,0.010623639516,0.00414191381549,0.00388620183648,0.000388620183648,0.00388620183648,0.249433619099,0.453514422507,0.249432932379
534,0.0531281714088,0.0950413068157,0.0163147795039,0.0253820883525,0.0307154044157,0.0872662694133,0.0238116400838,0.0351632799297,0.135683816127,0.142107360881,0.346806973704,0.00857890936518,1,0.9,30,9,1,1,20,0.00862165687947,0.000862165687947,0.00862165687947,0.0180849021409,0.0144582442144,0.00798753958945,0.00862165687947,0.000862165687947,0.00862165687947,0.24180625105,0.439646518781,0.24180558533
535,0.0713221792287,0.123021023678,0.0443846914921,0.0309663395945,0.163424472224,0.0393843928189,0.082142446583,0.0601395351044,0.0666335565728,0.27733297084,0.00741874946976,0.0338296423947,1,0.9,30,9,1,1,20,0.00841923488149,0.000841923488149,0.00841923488149,0.0217364176079,0.011510846078,0.0122709212953,0.00841923488149,0.000841923488149,0.00841923488149,0.240722663299,0.437676364657,0.240722000561
536,0.110673217854,0.032660779434,0.0300280776896,0.027029467406,0.0516030011215,0.106763200118,0.0650581794291,0.053952246047,0.125934666422,0.0320551353912,0.0168441284019,0.347397900685,1,0.9,30,9,1,1,20,0.00744185299934,0.000744185299934,0.00744185299934,0.0212925934878,0.0200346494782,0.0109761866457,0.00744185299934,0.000744185299934,0.00744185299934,0.240020694063,0.43640006047,0.240020033258
537,0.0558056320583,0.0680109240586,0.0215188770539,0.0331402613135,0.0506038891759,0.00675397784606,0.164193532583,0.153353856944,0.247635405332,0.137771792782,0.0320218327386,0.0291900181131,1,0.9,30,9,1,1,20,0.00895493816497,0.000895493816497,0.00895493816497,0.0189196764839,0.015248098343,0.00752188596523,0.00895493816497,0.000895493816497,0.00895493816497,0.241136099243,0.438428064305,0.241135435367
538,0.175262565745,0.10990727688,0.0316294927826,0.066444160872,0.0348888307935,0.179687607391,0.0009226868305,0.14184726615,0.101731806235,0.0554135297386,0.0201540937306,0.0821106828525,1,0.9,30,9,1,1,20,0.00778396587486,0.000778396587486,0.00778396587486,0.0240034881791,0.0358858239663,0.00597786216031,0.00778396587486,0.000778396587486,0.00778396587486,0.236091885873,0.429256956869,0.236091326278
539,0.0953965735044,0.00699214604599,0.0206601792922,0.0449801241364,0.117061646783,0.0942869088288,0.043215279455,0.037141139203,0.0705223822292,0.263505396186,0.199315042128,0.00692318220757,1,0.9,30,9,1,1,20,0.0092810134272,0.00092810134272,0.0092810134272,0.0193323214652,0.00953104719824,0.00954247280687,0.0092810134272,0.00092810134272,0.0092810134272,0.241637465391,0.439339636609,0.241636800135
540,0.191096188107,0.0424609840023,0.188816234359,0.0632711429798,0.00119976726733,0.00239424372804,0.00637726835142,0.219679995635,0.0945481062557,0.00796890722205,0.154648847795,0.0275383142968,1,0.9,30,9,1,1,20,0.0100427073531,0.00100427073531,0.0100427073531,0.0214817001625,0.0153702137944,0.00866764359241,0.0100427073531,0.00100427073531,0.0100427073531,0.238936434426,0.434428798156,0.238935838986
541,0.0609797016575,0.0712548879129,0.0642008043375,0.349047652858,0.131797679906,0.0962760113254,0.0515101419915,0.100101411527,0.0166939411116,0.0185877361669,0.00554307693258,0.034006954274,1,0.9,30,9,1,1,20,0.0158005888263,0.00158005888263,0.0158005888263,0.0440119753745,0.025696207761,0.0192247875148,0.0158005888263,0.00158005888263,0.0158005888263,0.221232326732,0.402240148095,0.221232081452
542,0.0769090121778,0.0132848718798,0.235475080599,0.0727275367268,0.0965996114561,0.0646414501025,0.0158239098147,0.129640718301,0.0293894196125,0.14732369759,0.0140037312664,0.104180960473,1,0.9,30,9,1,1,20,0.00797156142412,0.000797156142412,0.00797156142412,0.0305158236577,0.0120555242699,0.0137815871818,0.00797156142412,0.000797156142412,0.00797156142412,0.238377273887,0.433412408401,0.238376824621
543,0.0213414031049,0.0166184599401,0.030875608807,0.0477294077595,0.0732014056311,0.135087558157,0.151788095051,0.0609518174061,0.353210107579,0.0445672770502,0.0534194762594,0.0112093832547,1,0.9,30,9,1,1,20,0.0117181953453,0.00117181953453,0.0117181953453,0.0193340545444,0.016624638189,0.0107226903249,0.0117181953453,0.00117181953453,0.0117181953453,0.23678915168,0.43052454504,0.236788499772
544,0.0180730377519,0.131198467289,0.0976681712394,0.02804141003,0.07148118531,0.127898646877,0.0412782162516,0.0860337477678,0.0516920284578,0.24164010875,0.0553501894845,0.0496447907915,1,0.9,30,9,1,1,20,0.00864204353497,0.000864204353497,0.00864204353497,0.026441710052,0.0206699405636,0.00886764177964,0.00864204353497,0.000864204353497,0.00864204353497,0.237737656515,0.43224933435,0.237737133893
545,0.102234911087,0.0425950106114,0.0838069466227,0.0171186109699,0.107038163241,0.123355846521,0.00237273724032,0.0233892406034,0.0572609294077,0.202239199981,0.186905686816,0.0516827168981,1,0.9,30,9,1,1,20,0.00773016399527,0.000773016399527,0.00773016399527,0.0246717850138,0.02669581615,0.00547996480243,0.00773016399527,0.000773016399527,0.00773016399527,0.238513404766,0.433659574508,0.23851276598
546,0.139110019337,0.0823338877708,0.0127849990841,0.246694475507,0.025320768004,0.0429323843135,0.0675438168002,0.0364857828829,0.0561277389566,0.136438253435,0.0466551392182,0.10757273469,1,0.9,30,9,1,1,20,0.00831649266867,0.000831649266867,0.00831649266867,0.0211995004266,0.0152975167749,0.00807958191644,0.00831649266867,0.000831649266867,0.00831649266867,0.241082286285,0.438330222832,0.241081622557
547,0.0547708382168,0.078187969882,0.0106481365137,0.0964679617375,0.0130118229136,0.13970958907,0.221926461158,0.0567329187289,0.0382079177835,0.188725942988,0.0379009406801,0.0637095003277,1,0.9,30,9,1,1,20,0.00551088297962,0.000551088297962,0.00551088297962,0.0155985797091,0.0147886324062,0.00405449820952,0.00551088297962,0.000551088297962,0.00551088297962,0.246822844244,0.448767572204,0.246822164712
548,0.192662727332,0.0155396373656,0.248912657942,0.0857094910263,0.0888897670153,0.0259288967949,0.101473002214,0.00915975251523,0.0386624453607,0.0770883028193,0.0665583792327,0.049414940382,1,0.9,30,9,1,1,20,0.00830353464015,0.000830353464015,0.00830353464015,0.0249026676442,0.0170039832603,0.012823824784,0.00830353464015,0.000830353464015,0.00830353464015,0.238437129783,0.433520999381,0.238436549659
549,0.215766384074,0.0772527330694,0.0248731764979,0.0898735625033,0.253737485478,0.0509553166142,0.0252212111539,0.0661173923189,0.00522818060911,0.066921542593,0.110382459211,0.0136705558776,1,0.9,30,9,1,1,20,0.003265940472,0.0003265940472,0.003265940472,0.0162064316183,0.00706150963451,0.00434248574153,0.003265940472,0.0003265940472,0.003265940472,0.251081429476,0.45651044745,0.251080746097
550,0.0113086319065,0.213957616011,0.0451276533585,0.0366864766502,0.169342700482,0.0130494677545,0.240670119863,0.00366119503378,0.0985832615669,0.0627211650117,0.0483193619471,0.0565723504153,1,0.9,30,9,1,1,20,0.0086288831981,0.00086288831981,0.0086288831981,0.0214269954283,0.013715394048,0.00977526124315,0.0086288831981,0.00086288831981,0.0086288831981,0.240649332784,0.437543036816,0.240648670249
551,0.220562182339,0.0212118229266,0.0851436500586,0.00910767742563,0.0133979291012,0.0256041212947,0.0930358103546,0.0853018004163,0.018814213635,0.0454392375989,0.0994431064558,0.282938448394,1,0.9,30,9,1,1,20,0.00848262216736,0.000848262216736,0.00848262216736,0.022546430342,0.0163596261311,0.0116729126378,0.00848262216736,0.000848262216736,0.00848262216736,0.239327490986,0.43513969471,0.23932683209
552,0.13509714717,0.0231508001615,0.0285047714111,0.125533689467,0.0592109731453,0.122449325859,0.190812368909,0.107052790069,0.0150907370579,0.124283928902,0.00011685043816,0.06869661741,1,0.9,30,9,1,1,20,0.00884705356854,0.000884705356854,0.00884705356854,0.0247976428885,0.0218810083944,0.00866097046398,0.00884705356854,0.000884705356854,0.00884705356854,0.237679775502,0.432143856622,0.237679121142
553,0.0551657377102,0.00512934956513,0.0922938139087,0.160848515585,0.0539834907634,0.308566052448,0.00897153094151,0.0118434667257,0.0390430839098,0.0279768851858,0.104474436594,0.131703636663,1,0.9,30,9,1,1,20,0.00326097248797,0.000326097248797,0.00326097248797,0.0166288381521,0.0121818745914,0.003336369547,0.00326097248797,0.000326097248797,0.00326097248797,0.249898719503,0.454360073392,0.249898040365
554,0.0532964900484,0.0783576048489,0.140264410344,0.0340188445954,0.0487844753573,0.399159896455,0.0202511363897,0.00596447752044,0.0939711666108,0.016470834522,0.0196958926171,0.0897647706911,1,0.9,30,9,1,1,20,0.0105068968984,0.00105068968984,0.0105068968984,0.0164722053733,0.0117303698788,0.00501628188484,0.0105068968984,0.00105068968984,0.0105068968984,0.24164748949,0.439357862193,0.241646824206
555,0.0737149053952,0.0106494339717,0.0961442987183,0.00784348871833,0.000838643877295,0.0694346314876,0.0245505492026,0.281697072994,0.182595053775,0.107730583376,0.00376891323287,0.141032425252,1,0.9,30,9,1,1,20,0.00878003047836,0.000878003047836,0.00878003047836,0.0247477543268,0.0137880989775,0.0103704641907,0.00878003047836,0.000878003047836,0.00878003047836,0.239438327953,0.435341436479,0.239437790063
556,0.0879510230469,0.0195269656143,0.0157922595723,0.0798008206729,0.143725004255,0.0877989009152,0.0291774645795,0.0137352214388,0.0100518059256,0.085375810329,0.0885465016267,0.338518222023,1,0.9,30,9,1,1,20,0.00946240439559,0.000946240439559,0.00946240439559,0.0183253672239,0.0146816315949,0.00604509882063,0.00946240439559,0.000946240439559,0.00946240439559,0.241268677008,0.438669114123,0.241268012768
557,0.083468787607,0.109588472838,0.0202939695424,0.30120884196,0.00282770280079,0.244808203895,0.0511467016364,0.0131406021386,0.0473659189466,0.0111471639493,0.00305179321559,0.11195184147,1,0.9,30,9,1,1,20,0.0104157061651,0.00104157061651,0.0104157061651,0.0227797527128,0.0168846514139,0.010513563608,0.0104157061651,0.00104157061651,0.0104157061651,0.237306071619,0.431464512744,0.237305482009
558,0.0890907246979,0.125740486346,0.0339810916315,0.0137543175764,0.00391511719541,0.143258645041,0.269327412123,0.0940430799104,0.0682089439361,0.0942557921306,0.0188980588931,0.0455263305187,1,0.9,30,9,1,1,20,0.00947659279133,0.000947659279133,0.00947659279133,0.0169530229063,0.0165324645343,0.00532405056884,0.00947659279133,0.000947659279133,0.00947659279133,0.241316597393,0.438756241854,0.24131593302
559,0.0401178810161,0.0106453376632,0.104403269796,0.162263437248,0.0581742273171,0.114870535193,0.0855416984048,0.147616120807,0.108606695059,0.0295962916235,0.0912446219022,0.0469198839713,1,0.9,30,9,1,1,20,0.00303724960634,0.000303724960634,0.00303724960634,0.0169637510216,0.00776840689628,0.00416298357234,0.00303724960634,0.000303724960634,0.00303724960634,0.250996515934,0.456356060793,0.250995833436
560,0.000255145377649,0.243790606865,0.0856014561677,0.0226780527474,0.129441800512,0.0296547815782,0.0113817086068,0.111010820866,0.0523577259889,0.0794912168772,0.191836232526,0.0425004518863,1,0.9,30,9,1,1,20,0.0104965371097,0.00104965371097,0.0104965371097,0.0161845669583,0.0118999431588,0.00706034287812,0.0104965371097,0.00104965371097,0.0104965371097,0.241154456769,0.438461441532,0.241153792843
561,0.0973679500307,0.013968473055,0.0625200020091,0.184534517706,0.150082906222,0.0357780379969,0.131059761018,0.0954844419433,0.0822300300415,0.0297815359041,0.0335102239236,0.08368212015,1,0.9,30,9,1,1,20,0.00972963070631,0.000972963070631,0.00972963070631,0.0198971565571,0.0119748924159,0.0142661812667,0.00972963070631,0.000972963070631,0.00972963070631,0.239118831826,0.434760315463,0.239118173505
562,0.208946476822,0.0633119479242,0.0751845938672,0.0676489725093,0.228513279156,0.0751848726089,0.0596217480646,0.0926541788483,0.042595459573,0.0250170065286,0.0581302956856,0.00319116841178,1,0.9,30,9,1,1,20,0.0144945068949,0.00144945068949,0.0144945068949,0.0289658615826,0.0211408511519,0.0162742795965,0.0144945068949,0.00144945068949,0.0144945068949,0.228575655586,0.415591240725,0.228575182399
563,0.22776850908,0.0264844613313,0.0802271345422,0.220407507856,0.033139274271,0.0481893822204,0.0267981862119,0.0873514331593,0.0679240204699,0.0212045747583,0.149273638238,0.0112318778615,1,0.9,30,9,1,1,20,0.00889681184179,0.000889681184179,0.00889681184179,0.018429131124,0.0127158201359,0.0086936507169,0.00889681184179,0.000889681184179,0.00889681184179,0.241684840432,0.43942577281,0.241684175046
564,0.0431960806972,0.0047029036501,0.443073465601,0.0163127832383,0.0947389065261,0.130764372554,0.0903535241164,0.0706309923285,0.0556046589813,0.0200084057089,0.0236722694599,0.00694163713804,1,0.9,30,9,1,1,20,0.00772384419181,0.000772384419181,0.00772384419181,0.0157872847249,0.00942695787311,0.00663180095475,0.00772384419181,0.000772384419181,0.00772384419181,0.245068400834,0.445577683876,0.245067726132
565,0.17730186272,0.0756540107158,0.0178113953781,0.0411949656008,0.0545710728236,0.0453509672678,0.36406536706,0.00886566050222,0.0238846670047,0.123059049044,0.0469563230444,0.0212846588387,1,0.9,30,9,1,1,20,0.0102805397099,0.00102805397099,0.0102805397099,0.0201967007796,0.0121587614338,0.0117998175808,0.0102805397099,0.00102805397099,0.0102805397099,0.239032142581,0.434602781189,0.239031529654
566,0.0835537262486,0.0929729312536,0.0208784593135,0.115389776996,0.058147156641,0.123491891577,0.07810954627,0.182599835266,0.00766029524299,0.117498704624,0.0178481180596,0.101849558508,1,0.9,30,9,1,1,20,0.00929514957521,0.000929514957521,0.00929514957521,0.0188356100304,0.0109627882551,0.0076227360357,0.00929514957521,0.000929514957521,0.00929514957521,0.241879815612,0.439780272162,0.241879149689
567,0.0977814901191,0.0197177422717,0.0230527258503,0.0230512477286,0.0351555047425,0.0717982123364,0.126989415505,0.298457902614,0.0127486835554,0.0415997817634,0.248982036355,0.000665257158394,1,0.9,30,9,1,1,20,0.00792382174259,0.000792382174259,0.00792382174259,0.0266496983526,0.0371159865398,0.00643770822389,0.00792382174259,0.000792382174259,0.00792382174259,0.234802337449,0.426912398784,0.234801819331
568,0.0179462237201,0.15446554134,0.133714855289,0.027939786621,0.0896108779967,0.130404760059,0.048549158353,0.178084465383,0.13292341609,0.0189957991827,0.036543106392,0.0308220095733,1,0.9,30,9,1,1,20,0.0119025423351,0.00119025423351,0.0119025423351,0.0223063753797,0.0200898754042,0.0124606204904,0.0119025423351,0.00119025423351,0.0119025423351,0.234445165933,0.426262764506,0.234444520479
569,0.0320840584354,0.0254678145673,0.142653572921,0.0604542379363,0.0592158781728,0.0380756178825,0.0269332527458,0.0900202996817,0.138572091619,0.0596561860743,0.276418034635,0.0504489553291,1,0.9,30,9,1,1,20,0.00853729572321,0.000853729572321,0.00853729572321,0.018608751787,0.0169152769847,0.00813375547643,0.00853729572321,0.000853729572321,0.00853729572321,0.24108004491,0.438326147616,0.241079381189
570,0.0871252281695,0.0100791839262,0.0740332275516,0.0375924303167,0.100027917761,0.0227112684471,0.0046009932791,0.268925202169,0.234017943427,0.0892686603065,0.0193551453382,0.0522627993085,1,0.9,30,9,1,1,20,0.00947459973778,0.000947459973778,0.00947459973778,0.0202853021107,0.0138318628049,0.0109624997967,0.00947459973778,0.000947459973778,0.00947459973778,0.239676610378,0.435774455491,0.23967595052
571,0.108570740468,0.024998857716,0.0441481863648,0.101503008858,0.0752537678314,0.10972575571,0.0210695713899,0.0520535299502,0.151229862514,0.0254474846815,0.0147210259032,0.271278208614,1,0.9,30,9,1,1,20,0.00857110753807,0.000857110753807,0.00857110753807,0.0280818030862,0.0152584143261,0.013861485042,0.00857110753807,0.000857110753807,0.00857110753807,0.237495523933,0.431809110938,0.237495011016
572,0.523633614269,0.0344684261149,0.00576645978127,0.00576997397648,0.0340159063288,0.00791251599949,0.0816048038884,0.119945620323,0.00820434623118,0.0899706420652,0.0838512160078,0.00485647501522,1,0.9,30,9,1,1,20,0.00951221349521,0.000951221349521,0.00951221349521,0.0189020576866,0.0123551466928,0.0145792178694,0.00951221349521,0.000951221349521,0.00951221349521,0.239437036355,0.435338867559,0.239436377157
573,0.128403480721,0.0871314855624,0.033129502195,0.0614482043623,0.10614027598,0.204451514241,0.142739367995,0.00335246473916,0.0910707730624,0.0697285406497,0.00249674930641,0.0699076411854,1,0.9,30,9,1,1,20,0.00322030236288,0.000322030236288,0.00322030236288,0.0162402624675,0.00935364909634,0.00355583876158,0.00322030236288,0.000322030236288,0.00322030236288,0.250728480383,0.455868709269,0.250727790098
574,0.128398742012,0.135115074108,0.238927611596,0.125010341188,0.0105403152232,0.0316372695859,0.102833854776,0.0364388760346,0.0963727557457,0.0464793363743,0.0443386332783,0.00390719007738,1,0.9,30,9,1,1,20,0.0120161408727,0.00120161408727,0.0120161408727,0.0221151634593,0.0219391669704,0.00826951937041,0.0120161408727,0.00120161408727,0.0120161408727,0.234983596133,0.427241782194,0.234982980207
575,0.121362077202,0.0390097171599,0.0340102003255,0.0253052422247,0.00895366285456,0.114687300618,0.0846602445629,0.190204037789,0.0183158433853,0.00836032760173,0.189667640689,0.165463705587,1,0.9,30,9,1,1,20,0.00941466526781,0.000941466526781,0.00941466526781,0.0255793269894,0.0180264993548,0.00808204609499,0.00941466526781,0.000941466526781,0.00941466526781,0.238011719704,0.432747621762,0.238011191969
576,0.0707114305725,0.0824455932726,0.0205117767349,0.228638615545,0.0218048273629,0.0142634567291,0.0116304378627,0.07273481756,0.0590467387019,0.316243778786,0.0133610061448,0.0886075207273,1,0.9,30,9,1,1,20,0.00723986249078,0.000723986249078,0.00723986249078,0.0172011324257,0.0161946856076,0.00632656493754,0.00723986249078,0.000723986249078,0.00723986249078,0.243537926795,0.442795011467,0.243537256307
577,0.157909732092,0.0103859642118,0.155004323957,0.257505843817,0.0814868048242,0.0475891864025,0.00471870150259,0.137464166966,0.00310308294667,0.0911173765399,0.0199419945994,0.0337728221411,1,0.9,30,9,1,1,20,0.00958877708316,0.000958877708316,0.00958877708316,0.0188276399468,0.0102350457018,0.00918260096232,0.00958877708316,0.000958877708316,0.00958877708316,0.241340974849,0.438800564381,0.24134031041
578,0.0330002013897,0.17621217777,0.036118076362,0.0239141211821,0.0779953887144,0.037462883365,0.00439751463637,0.352389937797,0.0784441560406,0.0209178770198,0.0574210194879,0.101726646235,1,0.9,30,9,1,1,20,0.00888200401073,0.000888200401073,0.00888200401073,0.023439435563,0.0137596282158,0.0128146945058,0.00888200401073,0.000888200401073,0.00888200401073,0.239036201774,0.434610079417,0.239035543679
579,0.137990729662,0.0226131175847,0.163662954814,0.0167396476678,0.0302458018342,0.162281170851,0.0091955572462,0.192765097713,0.0555958404911,0.0323099366206,0.128172600555,0.0484275449607,1,0.9,30,9,1,1,20,0.00890924661345,0.000890924661345,0.00890924661345,0.0214342575917,0.0159745019618,0.00728647122442,0.00890924661345,0.000890924661345,0.00890924661345,0.240399185361,0.437088224571,0.240398523514
580,0.0396195244669,0.00223819604389,0.0238189373243,0.0778547331221,0.00622026565412,0.107399885422,0.1197215916,0.132195917961,0.159530176466,0.0703998945892,0.010340668243,0.250660209108,1,0.9,30,9,1,1,20,0.00891613336185,0.000891613336185,0.00891613336185,0.0259742157223,0.0214261173729,0.00939688253777,0.00891613336185,0.000891613336185,0.00891613336185,0.237221972911,0.431311646023,0.237221405313
581,0.108057398325,0.119894869669,0.0164132768086,0.0393537651316,0.176295045393,0.056052797384,0.105799924827,0.127754106611,0.120145564702,0.0485185439912,0.0786056710885,0.00310903606894,1,0.9,30,9,1,1,20,0.010153531773,0.0010153531773,0.010153531773,0.0175230437252,0.0137578023352,0.00618173349032,0.010153531773,0.0010153531773,0.010153531773,0.240924738551,0.438043773195,0.240924075257
582,0.144227392152,0.149741385681,0.0505371754797,0.0254316077466,0.0459028588695,0.188791448129,0.0369105594478,0.0359689710055,0.173073885707,0.0852467886956,0.0401911054614,0.0239768216255,1,0.9,30,9,1,1,20,0.00838331907056,0.000838331907056,0.00838331907056,0.030616058423,0.0160423455038,0.0142514885048,0.00838331907056,0.000838331907056,0.00838331907056,0.236730915755,0.430418872075,0.236730379642
583,0.267478063728,0.0585822957278,0.0369634045871,0.113058148795,0.0124223584265,0.0531010002589,0.0250616832626,0.0798299257882,0.118520811357,0.0976062721153,0.10017711809,0.0371989178633,1,0.9,30,9,1,1,20,0.00853003566553,0.000853003566553,0.00853003566553,0.0190725164958,0.0190264104044,0.00821537529826,0.00853003566553,0.000853003566553,0.00853003566553,0.240392274875,0.437075660085,0.240391613047
584,0.0291486234941,0.0566425701977,0.0190721303729,0.0647402775441,0.0740096274448,0.136114335268,0.0715269177795,0.228433626069,0.0315614361224,0.105334993083,0.102624966265,0.0807904963591,1,0.9,30,9,1,1,20,0.0079648677272,0.00079648677272,0.0079648677272,0.0223926342726,0.0114920423617,0.0130095606832,0.0079648677272,0.00079648677272,0.0079648677272,0.240862072792,0.437929835765,0.240861409671
585,0.0762533473915,0.00476940724689,0.207660304681,0.0704559837621,0.0167111920304,0.0762970998418,0.130764034355,0.260265354807,0.0084409664448,0.0918749804888,0.0326963107829,0.0238110181671,1,0.9,30,9,1,1,20,0.00675557050325,0.000675557050325,0.00675557050325,0.0214151719618,0.0168120581902,0.00685924564112,0.00675557050325,0.000675557050325,0.00675557050325,0.242665764755,0.44120926667,0.242665096668
586,0.0449441808105,0.0448354898516,0.280772973847,0.0142758784248,0.0485508175031,0.0144985362702,0.125435288699,0.011884285473,0.0901812845803,0.229734338659,0.0881891930857,0.00669773279588,1,0.9,30,9,1,1,20,0.00920083499898,0.000920083499898,0.00920083499898,0.0218581412676,0.0194136144514,0.00575172274299,0.00920083499898,0.000920083499898,0.00920083499898,0.239468591176,0.435396402172,0.239468021195
587,0.0542136761968,0.0302679087977,0.0144870285469,0.0468849304487,0.0647782156832,0.0990813268405,0.0854233807471,0.155196262825,0.249045603907,0.0385857146215,0.0278921229714,0.134143828414,1,0.9,30,9,1,1,20,0.00840829589318,0.000840829589318,0.00840829589318,0.0232314803817,0.0148197859418,0.0111077632758,0.00840829589318,0.000840829589318,0.00840829589318,0.23978113973,0.435964508335,0.239780479584
588,0.159523443973,0.104018471572,0.104150276953,0.0266222922404,0.0307766751643,0.161404992235,0.0224102531772,0.0066131489932,0.0169607417976,0.00236801563801,0.057553504518,0.307598183739,1,0.9,30,9,1,1,20,0.00980319690145,0.000980319690145,0.00980319690145,0.0209991504393,0.0248557941844,0.00662656491754,0.00980319690145,0.000980319690145,0.00980319690145,0.237376570416,0.431592576166,0.237375916891
589,0.0683620372541,0.122523167627,0.132716859351,0.0700278761456,0.0397528099968,0.0628062569984,0.0365193523587,0.0466175516961,0.152651355458,0.109347014499,0.0684130366258,0.0902626819897,1,0.9,30,9,1,1,20,0.00775320280486,0.000775320280486,0.00775320280486,0.025755572838,0.0231979766658,0.00686757955375,0.00775320280486,0.000775320280486,0.00775320280486,0.238756833891,0.434102313078,0.238756272193
590,0.0224269169132,0.0440798318066,0.0208320078866,0.107831252584,0.144840902521,0.0975000982138,0.0406110271267,0.0109553296882,0.102943697888,0.336268629605,0.0532639063095,0.0184463994583,1,0.9,30,9,1,1,20,0.00809515114218,0.000809515114218,0.00809515114218,0.0257472170525,0.0191572946706,0.0128193370232,0.00809515114218,0.000809515114218,0.00809515114218,0.2378823239,0.432512382294,0.237881810262
591,0.111820818302,0.131986302058,0.0228091972875,0.0216589185011,0.0515186012318,0.0780652534391,0.1627709842,0.102673433082,0.028314794028,0.11579122878,0.00244036798567,0.170150101105,1,0.9,30,9,1,1,20,0.00350286970689,0.000350286970689,0.00350286970689,0.0158646649017,0.00721205915185,0.00430116955193,0.00350286970689,0.000350286970689,0.00350286970689,0.250881714328,0.456147315676,0.250881023622
592,0.0608586329286,0.0399239469171,0.109369480813,0.152500152542,0.0161513338766,0.00488733006025,0.19694599706,0.0040699793824,0.12991394119,0.129748721337,0.00673137863802,0.148899105254,1,0.9,30,9,1,1,20,0.00883935917889,0.000883935917889,0.00883935917889,0.0202670808538,0.02178649429,0.0081085723846,0.00883935917889,0.000883935917889,0.00883935917889,0.239044232767,0.434624716873,0.23904359428
593,0.0299258136877,0.021966706703,0.0741187062361,0.105256253091,0.117771151244,0.0729709134215,0.136757870777,0.113404571629,0.159982086125,0.0912179045424,0.0695885339655,0.00703948857749,1,0.9,30,9,1,1,20,0.00863104078815,0.000863104078815,0.00863104078815,0.0192320941796,0.0143484860795,0.0134612639117,0.00863104078815,0.000863104078815,0.00863104078815,0.24009062192,0.436527201677,0.240089960922
594,0.0348177691553,0.0134452889481,0.0833986787234,0.207678883374,0.140272508828,0.135513032365,0.0174629546696,0.0831705519388,0.0736039465733,0.0133690099546,0.167596800475,0.0296705749945,1,0.9,30,9,1,1,20,0.0090122949907,0.00090122949907,0.0090122949907,0.0196080452028,0.0123731513883,0.0071397018889,0.0090122949907,0.00090122949907,0.0090122949907,0.241745759131,0.439536582857,0.241745120571
595,0.172681119498,0.0969952239447,0.0281322456744,0.0705578569693,0.0974529242026,0.116568168127,0.071976737724,0.0233825136271,0.0623367105742,0.0798168722945,0.0691705139288,0.110929113435,1,0.9,30,9,1,1,20,0.00846451624672,0.000846451624672,0.00846451624672,0.0193520080204,0.019924883766,0.00651145247977,0.00846451624672,0.000846451624672,0.00846451624672,0.240602097549,0.437457154806,0.240601435143
596,0.0400887153747,0.200538678587,0.159396080001,0.122879070074,0.0129968232936,0.0880149525591,0.0949621585253,0.0414755051101,0.0504509249574,0.0690985322765,0.0410133887771,0.0790851704633,1,0.9,30,9,1,1,20,0.00884469507871,0.000884469507871,0.00884469507871,0.0179271281202,0.0192430390093,0.00552386868485,0.00884469507871,0.000884469507871,0.00884469507871,0.240994315749,0.438170276843,0.240993652264
597,0.132252638561,0.184098545553,0.0113547013686,0.0514830334739,0.0167319015867,0.127018815258,0.101319411378,0.0871424937641,0.047556318408,0.107828615948,0.109110614969,0.0241029097316,1,0.9,30,9,1,1,20,0.00817356884058,0.000817356884058,0.00817356884058,0.022469120205,0.0170029267153,0.00720010420321,0.00817356884058,0.000817356884058,0.00817356884058,0.240690595681,0.43761823488,0.240690029184
598,0.192636499061,0.0530886156951,0.123158892754,0.104603680591,0.0417084259302,0.0080350883031,0.0860106007539,0.021117221716,0.0422943677318,0.0200637347938,0.008624297295,0.298658575375,1,0.9,30,9,1,1,20,0.00913072690887,0.000913072690887,0.00913072690887,0.0171905095545,0.0138908062397,0.0069192430435,0.00913072690887,0.000913072690887,0.00913072690887,0.241908926564,0.43983320102,0.241908260561
599,0.00797777742188,0.126807890584,0.173539167003,0.289982175573,0.0435035377194,0.0614775404931,0.0811129389152,0.0672226086683,0.0187130579501,0.0202571613927,0.00682042717444,0.102585717105,1,0.9,30,9,1,1,20,0.00864092376823,0.000864092376823,0.00864092376823,0.0233805514987,0.023158016696,0.00510466970875,0.00864092376823,0.000864092376823,0.00864092376823,0.238874541584,0.434316348829,0.238873991856
600,0.025499761118,0.318546167323,0.114629488782,0.0896980776215,0.0690403217337,0.0364312848698,0.115220585595,0.0739210282515,0.00719441529145,0.0824692091409,0.00781162087313,0.0595380394003,1,0.9,30,9,1,1,20,0.00817126090922,0.000817126090922,0.00817126090922,0.0228067061097,0.0243186110883,0.00631841084507,0.00817126090922,0.000817126090922,0.00817126090922,0.238919693536,0.43439824684,0.238919035762
601,0.0145392188529,0.316190630211,0.102952094772,0.0252280451736,0.0675773950132,0.0834606252158,0.114449374862,0.12604402129,0.014618291171,0.0576993291221,0.033465964922,0.0437750093945,1,0.9,30,9,1,1,20,0.00983203691497,0.000983203691497,0.00983203691497,0.019622303775,0.00999788797385,0.0101323577429,0.00983203691497,0.000983203691497,0.00983203691497,0.240678597815,0.437596321065,0.240677976586
602,0.170721511697,0.000149019638325,0.0313291370485,0.0554723232314,0.0299950620804,0.0543337551317,0.052490557125,0.337994747921,0.0590715590999,0.0659571998298,0.0414916842725,0.100993442925,1,0.9,30,9,1,1,20,0.00859286319261,0.000859286319261,0.00859286319261,0.0298009853143,0.0186977079188,0.0105025324408,0.00859286319261,0.000859286319261,0.00859286319261,0.237000280496,0.430908689304,0.236999779117
603,0.0704072071843,0.0163002571765,0.0355346359785,0.127838291387,0.249789755301,0.0937321208236,0.00687018705835,0.241908480647,0.0320438717396,0.0208037205217,0.0145705719204,0.0902009002619,1,0.9,30,9,1,1,20,0.0090213801897,0.00090213801897,0.0090213801897,0.02932713934,0.0251738803667,0.00803198019982,0.0090213801897,0.00090213801897,0.0090213801897,0.235603920733,0.428369859718,0.235603422845
604,0.215165012113,0.115026688182,0.0376780750336,0.00814830473243,0.095266536882,0.00779347773706,0.332252715547,0.0541278345003,0.0516198055447,0.00293246645353,0.0442787768352,0.0357103064393,1,0.9,30,9,1,1,20,0.0142397781211,0.00142397781211,0.0142397781211,0.0206176721771,0.0195568698447,0.0108357160539,0.0142397781211,0.00142397781211,0.0142397781211,0.232881649705,0.423420015555,0.232881008555
605,0.0403808366254,0.224648416457,0.00294309700876,0.000950214544362,0.121282739373,0.0388573664271,0.0750233482771,0.10790299498,0.17596357108,0.174686356848,0.00288848175636,0.0344725766238,1,0.9,30,9,1,1,20,0.0100599445916,0.00100599445916,0.0100599445916,0.0192442917686,0.0169203599405,0.0105486871271,0.0100599445916,0.00100599445916,0.0100599445916,0.238604861828,0.43382582713,0.238604204921
606,0.222866999058,0.164197103582,0.0521816407597,0.118000722858,0.0650608821588,0.0169817778294,0.0127419407216,0.00629338256722,0.037296229915,0.092344094209,0.188861051763,0.0231741745791,1,0.9,30,9,1,1,20,0.00844224592347,0.000844224592347,0.00844224592347,0.0199309281605,0.0151823881426,0.00730133032469,0.00844224592347,0.000844224592347,0.00844224592347,0.241510184226,0.439108216947,0.241509519321
607,0.0509621513529,0.262702320204,0.121223358008,0.257040888241,0.00553590875705,0.00211648206607,0.00922741056132,0.00600898028364,0.161979766518,0.060221263458,0.0513784124542,0.0116030580965,1,0.9,30,9,1,1,20,0.00325362056583,0.000325362056583,0.00325362056583,0.0161954240111,0.00790241468673,0.00732923335821,0.00325362056583,0.000325362056583,0.00325362056583,0.250095387667,0.454717634774,0.250094699126
608,0.0969051012383,0.153486465449,0.0140703217476,0.0117559362504,0.0624979137669,0.133601775303,0.0521628827077,0.0305603373651,0.110767594088,0.0940988377434,0.237324670648,0.00276816369206,1,0.9,30,9,1,1,20,0.0114735574363,0.00114735574363,0.0114735574363,0.0166185342844,0.0236675368563,0.00380513358219,0.0114735574363,0.00114735574363,0.0114735574363,0.237736635345,0.43224723787,0.237735980829
609,0.00961935760554,0.0447971105147,0.137118420693,0.00945863472197,0.272321357336,0.034072536527,0.150247243931,0.0927215812087,0.0593157902505,0.0223794472452,0.142421200947,0.0255273190191,1,0.9,30,9,1,1,20,0.00726897795229,0.000726897795229,0.00726897795229,0.0210140122438,0.0262354982183,0.0068095653096,0.00726897795229,0.000726897795229,0.00726897795229,0.23975104238,0.435909789967,0.239750384482
610,0.144765731915,0.102040104332,0.0248681103462,0.295141940709,0.000607928443518,0.0725261517738,0.0103899167357,0.00833686100495,0.0609081009864,0.00993054097602,0.0165933975637,0.253891215214,1,0.9,30,9,1,1,20,0.00885321396617,0.000885321396617,0.00885321396617,0.021845006833,0.0113165057418,0.013066356763,0.00885321396617,0.000885321396617,0.00885321396617,0.240059415245,0.436470462425,0.240058754334
611,0.013997739502,0.0251882515717,0.00860508365739,0.152646526323,0.0427177396666,0.16201505995,0.0619477475049,0.220316708998,0.0346165329245,0.0497287481883,0.201721201897,0.0264986598173,1,0.9,30,9,1,1,20,0.00934556653257,0.000934556653257,0.00934556653257,0.018882610772,0.0171599551573,0.0076257164995,0.00934556653257,0.000934556653257,0.00934556653257,0.240188195684,0.436704608033,0.240187534418
612,0.123205982197,0.036604478727,0.0649847946781,0.0414041736727,0.13066131573,0.0123731914897,0.074284461742,0.0631342306739,0.189062111136,0.0184863361881,0.118756757108,0.127042166658,1,0.9,30,9,1,1,20,0.00870176551865,0.000870176551865,0.00870176551865,0.0195833470173,0.0112204987111,0.00973543003397,0.00870176551865,0.000870176551865,0.00870176551865,0.241715881649,0.439482211232,0.241715216178
613,0.11383139411,0.118252917695,0.119342602451,0.194248821359,0.0193502416844,0.198219307626,0.00123582309638,0.0283577587621,0.0265169067797,0.0936350460277,0.0759418347059,0.0110673457036,1,0.9,30,9,1,1,20,0.00852644494859,0.000852644494859,0.00852644494859,0.0223305970762,0.00977798465892,0.013779143998,0.00852644494859,0.000852644494859,0.00852644494859,0.240507947306,0.437285973017,0.24050728516
614,0.212991578487,0.101743586401,0.0139554463606,0.0301914192079,0.0283212623758,0.256363169519,0.078205182036,0.00672320922188,0.0606482224328,0.0228126842686,0.0948910344827,0.0931532052066,1,0.9,30,9,1,1,20,0.00954530251222,0.000954530251222,0.00954530251222,0.0162039315681,0.00991710824465,0.0068519881735,0.00954530251222,0.000954530251222,0.00954530251222,0.24276962942,0.441398110995,0.242768961047
615,0.126574002693,0.197569960361,0.138637564662,0.0691711295941,0.037176423237,0.044291576562,0.0359754303383,0.148142590124,0.0852682128862,0.00886956152222,0.018075049197,0.0902484988236,1,0.9,30,9,1,1,20,0.0102469686746,0.00102469686746,0.0102469686746,0.0182891929932,0.0174922653907,0.00629519978758,0.0102469686746,0.00102469686746,0.0102469686746,0.239613506132,0.435659720815,0.239612846448
616,0.211333645465,0.0962717456917,0.132814457942,0.0113694535914,0.0366406037211,0.0864188039233,0.00869998129876,0.0245744956657,0.107227880101,0.0394842889899,0.0699059840796,0.175258659531,1,0.9,30,9,1,1,20,0.0089536374522,0.00089536374522,0.0089536374522,0.019183605249,0.0155126539865,0.00730252416517,0.0089536374522,0.00089536374522,0.0089536374522,0.241056569182,0.438283464592,0.241055905526
617,0.0616868335585,0.0193352686616,0.00494001089537,0.0439011029114,0.0585748450098,0.0305264801435,0.0108612600909,0.000947361211216,0.135921150955,0.120960180175,0.184110924109,0.328234582279,1,0.9,30,9,1,1,20,0.0117661200367,0.00117661200367,0.0117661200367,0.0188137513957,0.0227766137039,0.0076913299011,0.0117661200367,0.00117661200367,0.0117661200367,0.236055398948,0.429190452837,0.23605474906
618,0.134907545453,0.30705214766,0.0321741760669,0.00617499286439,0.0220054624674,0.0278284884781,0.126419735042,0.0439771801706,0.0550373974807,0.111330696026,0.0402600569239,0.0928321213677,1,0.9,30,9,1,1,20,0.00871953615859,0.000871953615859,0.00871953615859,0.0251373207509,0.0144698061101,0.0097755959987,0.00871953615859,0.000871953615859,0.00871953615859,0.239380100565,0.435235564329,0.239379560381
619,0.042720318461,0.0746219580698,0.0422647904564,0.0692291362017,0.00427973890111,0.264167986095,0.170262998785,0.0565550684034,0.103502203134,0.0369159538048,0.0524964121965,0.0829834354911,1,0.9,30,9,1,1,20,0.00847002545074,0.000847002545074,0.00847002545074,0.0236153094459,0.0157593501149,0.00878246254373,0.00847002545074,0.000847002545074,0.00847002545074,0.239975567048,0.436318196099,0.239975007855
620,0.161798932299,0.0877996032087,0.112739842013,0.0887527758304,0.188615714471,0.0738780489662,0.0177388571352,0.0724632715013,0.159946980058,0.00241999163823,0.0295602306226,0.00428575225558,1,0.9,30,9,1,1,20,0.0620679793894,0.00620679793894,0.0620679793894,0.0367750461728,0.101184079395,0.0273486632335,0.0620679793894,0.00620679793894,0.0620679793894,0.150335393,0.273336325654,0.150334979109
621,0.0790364441816,0.0954892569992,0.0173249585572,0.265680737095,0.0671055622868,0.141486195801,0.064095574098,0.0406878487273,0.056688088188,0.000142711578704,0.15444272858,0.0178198939069,1,0.9,30,9,1,1,20,0.0096433298665,0.00096433298665,0.0096433298665,0.0180555337587,0.0093782836889,0.0102375815108,0.0096433298665,0.00096433298665,0.0096433298665,0.24143127088,0.438964738531,0.241430606192
622,0.0213068301364,0.142147464956,0.242671246109,0.0474690406601,0.03831909098,0.0298862120606,0.0453071224168,0.0895699675552,0.148646878414,0.0835911582763,0.0348034009117,0.0762815875229,1,0.9,30,9,1,1,20,0.00821316377042,0.000821316377042,0.00821316377042,0.0204432189162,0.0241241567234,0.00904975932926,0.00821316377042,0.000821316377042,0.00821316377042,0.238828184103,0.434231866511,0.238827526581
623,0.0172749806987,0.0117783815269,0.105998061912,0.0709073697076,0.0204257142043,0.0374191802922,0.11190460909,0.0486006236112,0.0971114152507,0.0846631046473,0.0524652978493,0.34145126121,1,0.9,30,9,1,1,20,0.00847790348816,0.000847790348816,0.00847790348816,0.0219775894873,0.0248470605855,0.00575267342887,0.00847790348816,0.000847790348816,0.00847790348816,0.23880930195,0.434197535418,0.23880864448
624,0.0366498337557,0.142618117422,0.0330817471167,0.0341700238674,0.100322645091,0.252237006703,0.00147848301906,0.0727120064289,0.000834076354752,0.0830667247341,0.0308739851987,0.211955350308,1,0.9,30,9,1,1,20,0.00832851592951,0.000832851592951,0.00832851592951,0.0228329905471,0.0160551613153,0.00818951259968,0.00832851592951,0.000832851592951,0.00832851592951,0.240414018416,0.437115193689,0.240413356529
625,0.0111225488782,0.0145958299762,0.0367838827721,0.0315788439589,0.178413457684,0.0231842042924,0.048061001517,0.00859904587491,0.37367655234,0.0155742875406,0.0234139999845,0.234996345182,1,0.9,30,9,1,1,20,0.00899508615973,0.000899508615973,0.00899508615973,0.018403708087,0.0148070544263,0.00624290291302,0.00899508615973,0.000899508615973,0.00899508615973,0.24167755349,0.439412528524,0.241676890688
626,0.200862684602,0.0491638572005,0.060379045284,0.019074065088,0.0995289634573,0.0220961870757,0.275017108353,0.0223769278096,0.17163046749,0.0243626672212,0.0184239885827,0.0370840378366,1,0.9,30,9,1,1,20,0.0144781277016,0.00144781277016,0.0144781277016,0.024251174699,0.0161581657775,0.0173389100936,0.0144781277016,0.00144781277016,0.0144781277016,0.230854748728,0.419734751197,0.230854113158
627,0.0374223034231,0.0312911320706,0.0426656714915,0.026096632015,0.0558825846798,0.0397377606346,0.0166818930346,0.184265391381,0.239212397501,0.211071528222,0.0292804180565,0.0863922874898,1,0.9,30,9,1,1,20,0.00740969054494,0.000740969054494,0.00740969054494,0.0230723196486,0.0251660508953,0.00556993554632,0.00740969054494,0.000740969054494,0.00740969054494,0.239661921396,0.435747788532,0.239661283693
628,0.125890332679,0.0173285192998,0.249254599921,0.0361629178253,0.0710196855903,0.0279945553241,0.248955798423,0.0462058884147,0.115061059495,0.00589604555794,0.0073161615846,0.048914435885,1,0.9,30,9,1,1,20,0.0245526911723,0.00245526911723,0.0245526911723,0.0337955658507,0.0365732565912,0.0154302187589,0.0245526911723,0.00245526911723,0.0245526911723,0.21242592867,0.386228211101,0.212425516105
629,0.130793620298,0.0193633736029,0.189304412926,0.0208342496831,0.172506229054,0.0510679190873,0.0692736539303,0.191900553115,0.00478001005121,0.0630395262446,0.0686805758781,0.018455876129,1,0.9,30,9,1,1,20,0.00959065646557,0.000959065646557,0.00959065646557,0.0216065820443,0.0215796818889,0.00898900011604,0.00959065646557,0.000959065646557,0.00959065646557,0.237690570792,0.432163489034,0.237689918969
630,0.207416339454,0.186266912845,0.0630762665468,0.120548177446,0.0731511660339,0.0482843551071,0.0412150957996,0.11617932199,0.0905207338491,0.0248503703661,0.00640445934582,0.022086801216,1,0.9,30,9,1,1,20,0.0365709414131,0.00365709414131,0.0365709414131,0.0295605454378,0.030077306609,0.0260040243257,0.0365709414131,0.00365709414131,0.0365709414131,0.199247115992,0.362266486258,0.199246567442
631,0.0032100852456,0.0666643348401,0.00470713289814,0.0247457552892,0.390883610947,0.180631442732,0.045487847499,0.0887335235347,0.0565341578643,0.132307121738,0.00251272379659,0.00358226361538,1,0.9,30,9,1,1,20,0.0103623663621,0.00103623663621,0.0103623663621,0.0193799794903,0.0213284202365,0.00694035068555,0.0103623663621,0.00103623663621,0.0103623663621,0.238027207961,0.432775550262,0.238026552644
632,0.0522603427673,0.0147647711792,0.082658011431,0.0407273269758,0.10488036009,0.170414326807,0.162741549612,0.210311678647,0.00173080953431,0.0243768281692,0.0989986928059,0.0361353019816,1,0.9,30,9,1,1,20,0.00410295202997,0.000410295202997,0.00410295202997,0.0156099982981,0.00966978172835,0.00293389839465,0.00410295202997,0.000410295202997,0.00410295202997,0.250002725963,0.454549159413,0.250002037677
633,0.116111983144,0.160651958121,0.0735642433367,0.0100552532641,0.0609028583623,0.166199337894,0.0657746098815,0.0465347310667,0.0152251378293,0.0401969319415,0.154400073527,0.0903828816318,1,0.9,30,9,1,1,20,0.0113920073787,0.00113920073787,0.0113920073787,0.0195543003273,0.0259590131219,0.00553782173693,0.0113920073787,0.00113920073787,0.0113920073787,0.236003497956,0.429096087656,0.236002848211
634,0.0225269631978,0.0513405873922,0.0510007615984,0.10157033293,0.0716737009913,0.2144953807,0.179036064655,0.0734771141111,0.0637128013329,0.0057270958786,0.00623397391499,0.159205223298,1,0.9,30,9,1,1,20,0.00923190428763,0.000923190428763,0.00923190428763,0.0213493451675,0.027257999965,0.00485414232344,0.00923190428763,0.000923190428763,0.00923190428763,0.237748332164,0.432268504756,0.237747677616
635,0.0703355183931,0.0397937482881,0.0975163398154,0.208365068049,0.0944018865818,0.0274700274992,0.0606714352757,0.0577871910718,0.0144842587414,0.0494832643187,0.0517555214113,0.227935740555,1,0.9,30,9,1,1,20,0.00816431939024,0.000816431939024,0.00816431939024,0.02491535212,0.0149483823529,0.00809274575208,0.00816431939024,0.000816431939024,0.00816431939024,0.240364376353,0.43702516257,0.240363839413
636,0.0110362484973,0.00653225750713,0.0579007688453,0.0611254236785,0.0416076273889,0.101475720722,0.140679887872,0.135346197449,0.290065592538,0.0278964837505,0.0872022513735,0.0391315403781,1,0.9,30,9,1,1,20,0.00954053521872,0.000954053521872,0.00954053521872,0.018851095192,0.0120703819007,0.00889285446237,0.00954053521872,0.000954053521872,0.00954053521872,0.24098309983,0.43814988432,0.240982436376
637,0.0473289085966,0.0185869892434,0.00933136440797,0.093002415892,0.25512283915,0.0389529471721,0.0445567964659,0.133225078587,0.033674886263,0.15068031572,0.12079888797,0.054738570533,1,0.9,30,9,1,1,20,0.00793962474666,0.000793962474666,0.00793962474666,0.0267629607716,0.0128118213417,0.0104795211507,0.00793962474666,0.000793962474666,0.00793962474666,0.2400621039,0.436475592839,0.240061576061
638,0.0117818511823,0.0162761754487,0.0266800928719,0.0477733384287,0.02340186806,0.156130320272,0.0835349524988,0.0223580481575,0.0513737250763,0.057643037575,0.0200760286674,0.482970561761,1,0.9,30,9,1,1,20,0.0026472444911,0.00026472444911,0.0026472444911,0.0171295128406,0.00907730998914,0.00609825067123,0.0026472444911,0.00026472444911,0.0026472444911,0.250532444903,0.455512293376,0.250531761357
639,0.223291830823,0.074193526646,0.0574034028869,0.00835055403346,0.125105955872,0.110296694808,0.0928999623067,0.00573553304919,0.111964215319,0.00476771993551,0.0631409207096,0.12284968361,1,0.9,30,9,1,1,20,0.00863006824982,0.000863006824982,0.00863006824982,0.02334838094,0.0126271758493,0.0102649295523,0.00863006824982,0.000863006824982,0.00863006824982,0.240301552656,0.436910757647,0.240300916706
640,0.0417865460757,0.00302616793377,0.178757755967,0.0445336727986,0.00671804181615,0.136955193998,0.0170011754205,0.233408093582,0.0747595964172,0.113031747517,0.12126551321,0.0287564952645,1,0.9,30,9,1,1,20,0.00940208293479,0.000940208293479,0.00940208293479,0.0181893075639,0.0100377857366,0.0123147331405,0.00940208293479,0.000940208293479,0.00940208293479,0.24094486289,0.438080362802,0.240944199541
641,0.0227928489154,0.0498210495549,0.0317673215195,0.0721519838466,0.129868042702,0.00657379069438,0.0681414931921,0.195861914464,0.251793016898,0.00724344927961,0.0153949191802,0.148590169753,1,0.9,30,9,1,1,20,0.0092426160351,0.00092426160351,0.0092426160351,0.0178936516556,0.0148492858783,0.00742844646212,0.0092426160351,0.00092426160351,0.0092426160351,0.241217297674,0.438575697408,0.241216633575
642,0.0044924758478,0.0696697848803,0.00832781453856,0.0249295390186,0.0316872149741,0.128873474255,0.168686747099,0.0863035452044,0.253500679279,0.170619105121,0.013368692006,0.0395409277756,1,0.9,30,9,1,1,20,0.00930569905159,0.000930569905159,0.00930569905159,0.0179201740895,0.00700114015958,0.0108971139916,0.00930569905159,0.000930569905159,0.00930569905159,0.242287968372,0.440522366046,0.242287301325
643,0.0629336656952,0.0946170181641,0.247939551963,0.00962402474136,0.0186037110649,0.144431492439,0.0315430234007,0.103749421821,0.0470755382679,0.00937806329841,0.171015496362,0.0590889927828,1,0.9,30,9,1,1,20,0.00820966632813,0.000820966632813,0.00820966632813,0.0228865503117,0.0190749847908,0.00751786746475,0.00820966632813,0.000820966632813,0.00820966632813,0.239915662708,0.436209249127,0.23991508702
644,0.0256667171733,0.0447745102446,0.0524062226991,0.371517549956,0.131015715979,0.124379398733,0.0477261417685,0.0115798901058,0.0485743364122,0.0167110175545,0.039410588158,0.0862379112162,1,0.9,30,9,1,1,20,0.00863494456576,0.000863494456576,0.00863494456576,0.0228852141788,0.0203306940721,0.00675446435627,0.00863494456576,0.000863494456576,0.00863494456576,0.239319330654,0.435124857782,0.23931867178
645,0.174049106303,0.0300435591755,0.151135408029,0.0773680511108,0.190593870439,0.0127504062239,0.0537075993444,0.11809052118,0.0377047450929,0.0159398328245,0.0812081270394,0.0574087732371,1,0.9,30,9,1,1,20,0.00380615161188,0.000380615161188,0.00380615161188,0.0157975935102,0.00636124666619,0.0072861630338,0.00380615161188,0.000380615161188,0.00380615161188,0.250006716606,0.454556415106,0.250006028308
646,0.0240552631691,0.197323833393,0.00888052462377,0.252566157347,0.00255518621434,0.0364273279184,0.0295387391578,0.0498076574447,0.00775987696673,0.0944383676755,0.0700754189858,0.226571647104,1,0.9,30,9,1,1,20,0.00321112849761,0.000321112849761,0.00321112849761,0.0166061766601,0.0055959828375,0.00598341221683,0.00321112849761,0.000321112849761,0.00321112849761,0.250991095138,0.456346189328,0.25099040413
647,0.00965298237735,0.20282121768,0.0226804978977,0.00308273337237,0.0265487573575,0.381359585529,0.0304095280393,0.0684860832406,0.0146005542618,0.208812653578,0.0032334827992,0.028311923867,1,0.9,30,9,1,1,20,0.00866208313463,0.000866208313463,0.00866208313463,0.0228455798355,0.0155476172413,0.00757562857298,0.00866208313463,0.000866208313463,0.00866208313463,0.24033744002,0.436976119461,0.240336865704
648,0.0121275939288,0.0607125336936,0.0350639360409,0.201966718217,0.0208175517274,0.0505113998485,0.106058834906,0.0145128136791,0.252830275673,0.145054351261,0.0371741850931,0.0631698059315,1,0.9,30,9,1,1,20,0.00832229678035,0.000832229678035,0.00832229678035,0.0287092066261,0.0168935850394,0.0137996073841,0.00832229678035,0.000832229678035,0.00832229678035,0.237192840295,0.43125878334,0.237192330837
649,0.0437112148881,0.0250834793369,0.098058942713,0.0462913180558,0.146851129681,0.0431092973364,0.168923469992,0.0387996966826,0.100183056939,0.0341469655201,0.0601275539607,0.194713874895,1,0.9,30,9,1,1,20,0.00821932171936,0.000821932171936,0.00821932171936,0.0184569177835,0.0187013151611,0.00683771272686,0.00821932171936,0.000821932171936,0.00821932171936,0.241341235304,0.438801076002,0.241340591801
650,0.323931556448,0.0351843172906,0.14222772376,0.0106203409807,0.061005420966,0.0882238533831,0.0154867518705,0.135295286635,0.050551252309,0.00881244909112,0.0814122489988,0.047248798268,1,0.9,30,9,1,1,20,0.0102338201373,0.00102338201373,0.0102338201373,0.0178321382116,0.0130194167233,0.00826498616076,0.0102338201373,0.00102338201373,0.0102338201373,0.240403239886,0.437095596414,0.240402578028
651,0.00894319397178,0.148913648725,0.024690440943,0.0180086834922,0.057204969316,0.0653385495707,0.0551292515457,0.0365795225246,0.0561903155259,0.220583335644,0.0758996480768,0.232518440665,1,0.9,30,9,1,1,20,0.00898838369986,0.000898838369986,0.00898838369986,0.0195491374601,0.0173297853774,0.0062295393924,0.00898838369986,0.000898838369986,0.00898838369986,0.240727702523,0.437685563682,0.240727060025
652,0.0452372325491,0.130664691207,0.0704103529885,0.0347988592337,0.0914240313781,0.0410546492505,0.199270250006,0.184290582911,0.00101207878065,0.0525994975962,0.0398394672863,0.109398306812,1,0.9,30,9,1,1,20,0.0100960816678,0.00100960816678,0.0100960816678,0.017853302619,0.0143370349961,0.00581276941949,0.0100960816678,0.00100960816678,0.0100960816678,0.240846366785,0.437901279468,0.240845703707
653,0.0359674916224,0.0728611251618,0.0427063774319,0.0154029642978,0.00738342150529,0.053209151821,0.061365976041,0.00796941445427,0.134281360189,0.505787983512,0.0191108758456,0.0439538581188,1,0.9,30,9,1,1,20,0.00829027276255,0.000829027276255,0.00829027276255,0.0225674093841,0.0158824981551,0.00618045973373,0.00829027276255,0.000829027276255,0.00829027276255,0.241096974917,0.43835710465,0.241096407557
654,0.0226970398577,0.0718588031651,0.118966029611,0.0204181096317,0.185651244377,0.126733030915,0.012218579662,0.0524120707281,0.0547463534553,0.0532156673834,0.152734227241,0.128348843972,1,0.9,30,9,1,1,20,0.00926617871499,0.000926617871499,0.00926617871499,0.0169468074325,0.0153767672894,0.0089974144122,0.00926617871499,0.000926617871499,0.00926617871499,0.240890291001,0.437981141459,0.240889627802
655,0.0469691049054,0.0418120378921,0.0675053416636,0.215633271269,0.153554912167,0.0860107895023,0.0285968128054,0.0124006307184,0.233921764777,0.00164441020996,0.0574186419613,0.0545322821281,1,0.9,30,9,1,1,20,0.00974041175835,0.000974041175835,0.00974041175835,0.0247114990503,0.0181762997145,0.0107952313616,0.00974041175835,0.000974041175835,0.00974041175835,0.237130949612,0.431145994114,0.237130296763
656,0.172153080196,0.0101469425386,0.0378435167439,0.220938254121,0.0234915536366,0.042226615024,0.0519984585696,0.0938314516316,0.0904998666874,0.0954871291867,0.0511463957486,0.110236735917,1,0.9,30,9,1,1,20,0.00936130035606,0.000936130035606,0.00936130035606,0.0203208607682,0.0218956932699,0.00679838647433,0.00936130035606,0.000936130035606,0.00936130035606,0.238770570385,0.434127114585,0.238769913022
657,0.0268555860494,0.0578882851954,0.0256869860636,0.264317861172,0.0187790621623,0.0977085079265,0.119503251059,0.0211614814873,0.0481223097,0.0121600812088,0.179513095376,0.1283034926,1,0.9,30,9,1,1,20,0.00811520949788,0.000811520949788,0.00811520949788,0.0211715895624,0.023040780603,0.00548284605237,0.00811520949788,0.000811520949788,0.00811520949788,0.239963105306,0.436295353926,0.239962444659
658,0.099974758588,0.0685312103355,0.0765127647711,0.203772236436,0.140234789855,0.0643834288401,0.0169937868958,0.125182986921,0.00375738042707,0.069810207164,0.0140873004992,0.116759149266,1,0.9,30,9,1,1,20,0.00710331172438,0.000710331172438,0.00710331172438,0.0169321684347,0.0135539222651,0.00569159308025,0.00710331172438,0.000710331172438,0.00710331172438,0.244616493912,0.444756072946,0.24461584012
659,0.067853402778,0.00268390717969,0.208466062261,0.103216648965,0.0280667854578,0.00142561016736,0.116326584028,0.0951751584541,0.0467457797084,0.271709596911,0.0336222558384,0.0247082082519,1,0.9,30,9,1,1,20,0.00862252380593,0.000862252380593,0.00862252380593,0.022681243666,0.0131101832072,0.0100734526839,0.00862252380593,0.000862252380593,0.00862252380593,0.240408243882,0.437104694565,0.240407582011
660,0.0046052317743,0.0668527159099,0.080444190523,0.0382705510348,0.0211684201069,0.165542605417,0.132190466224,0.0415515427953,0.0726740576015,0.296467482247,0.00176006984218,0.0784726665238,1,0.9,30,9,1,1,20,0.0083684995348,0.00083684995348,0.0083684995348,0.0186094863143,0.0202647769725,0.00538238153937,0.0083684995348,0.00083684995348,0.0083684995348,0.241108876339,0.438378568251,0.241108212538
661,0.0697420221284,0.0712215020694,0.0555893138353,0.0942935480419,0.0831162514172,0.121250966786,0.0809024152327,0.133047421657,4.50421695132e-06,0.184619902199,0.00967262920627,0.0965395232096,1,0.9,30,9,1,1,20,0.00282736082739,0.000282736082739,0.00282736082739,0.0176658314141,0.00973184938385,0.00406480531755,0.00282736082739,0.000282736082739,0.00282736082739,0.2505549875,0.455553297361,0.250554313549
662,0.181232459211,0.0209498427241,0.014338737178,0.0475080935055,0.0676045168507,0.0183536203541,0.100808057093,0.0779273226924,0.17856427278,0.0353369193291,0.168808214857,0.0885679434254,1,0.9,30,9,1,1,20,0.00833405838628,0.000833405838628,0.00833405838628,0.0241862384726,0.0126687506214,0.00936927862179,0.00833405838628,0.000833405838628,0.00833405838628,0.24063139507,0.437510510963,0.240630781029
663,0.0463407702848,0.0302284912796,0.0459670171123,0.23620443664,0.242785067331,0.00988399851043,0.0692086987204,0.00850320839602,0.045901297151,0.0803434991981,0.101357756895,0.0832757584823,1,0.9,30,9,1,1,20,0.0074797571267,0.00074797571267,0.0074797571267,0.0309389479969,0.0150551631288,0.0111666743891,0.0074797571267,0.00074797571267,0.0074797571267,0.238706719657,0.434011299933,0.238706214963
664,0.0286127191712,0.0218369705134,0.015667863014,0.12027882258,0.0280886561217,0.0190629692081,0.401454004555,0.0108349871505,0.130662273708,0.014649428693,0.112600063625,0.0962512416596,1,0.9,30,9,1,1,20,0.00820948559792,0.000820948559792,0.00820948559792,0.0267169866363,0.0159812763987,0.0171786901521,0.00820948559792,0.000820948559792,0.00820948559792,0.237192670103,0.431258411096,0.237192126103
665,0.250053511003,0.076854069059,0.00533868100644,0.178543775507,0.102559340185,0.0661757330212,0.0491086729039,0.00749381064685,0.0680988426723,0.0492442591357,0.0239670658995,0.12256223896,1,0.9,30,9,1,1,20,0.00964130421494,0.000964130421494,0.00964130421494,0.0196192522594,0.0133504313338,0.00906764259615,0.00964130421494,0.000964130421494,0.00964130421494,0.240290039646,0.436889778363,0.240289378099
666,0.0820212233699,0.0248044104099,0.0246049025696,0.107435040489,0.061506333015,0.0706220113606,0.0579183852594,0.077343457293,0.0425404141774,0.0663080834222,0.17403405294,0.210861685694,1,0.9,30,9,1,1,20,0.00848326172122,0.000848326172122,0.00848326172122,0.0196213865683,0.0180013209291,0.00759608051823,0.00848326172122,0.000848326172122,0.00848326172122,0.240730647282,0.43769088095,0.240729984523
667,0.118951585728,0.0285203746754,0.276494638346,0.0564772276191,0.0266592581606,0.00515629152435,0.0234246039748,0.188768546448,0.050510398266,0.103717491699,0.0579765105685,0.0633430729902,1,0.9,30,9,1,1,20,0.00864630037517,0.000864630037517,0.00864630037517,0.0222301850162,0.0133462777346,0.00666188355352,0.00864630037517,0.000864630037517,0.00864630037517,0.241331827676,0.438784106093,0.241331258351
668,0.132974210419,0.0352020737608,0.0595966486369,0.073948963311,0.016997254932,0.0214308576716,0.158476012323,0.00913953577667,0.175177963722,0.0433853249929,0.00890951716733,0.264761637287,1,0.9,30,9,1,1,20,0.00301315232179,0.000301315232179,0.00301315232179,0.0167439628915,0.00698476302168,0.00469928754177,0.00301315232179,0.000301315232179,0.00301315232179,0.251145366359,0.456626697055,0.25114468338
669,0.0037020675547,0.0220727884728,0.132827533026,0.00182586164255,0.0738015843873,0.0955381656228,0.0127763828394,0.0203226652428,0.00807599491626,0.191573489029,0.0481812407585,0.389302226507,1,0.9,30,9,1,1,20,0.00815483695768,0.000815483695768,0.00815483695768,0.024041878867,0.014135666971,0.0115120548213,0.00815483695768,0.000815483695768,0.00815483695768,0.239920985756,0.436218773137,0.239920325226
670,0.0934345979905,0.15616861907,0.0636876379457,0.0297545776631,0.128386056044,0.0163899085836,0.0382205638561,0.0469469493391,0.201240799542,0.0962088157658,0.0228068628426,0.106754611357,1,0.9,30,9,1,1,20,0.00905157043282,0.000905157043282,0.00905157043282,0.0168092372328,0.015179563846,0.00587216315975,0.00905157043282,0.000905157043282,0.00905157043282,0.242032559429,0.440057987429,0.242031893086
671,0.0468820674842,0.292515728297,0.0387576086556,0.0292302425195,0.0766879966816,0.0875302878207,0.0387491367359,0.0659621251023,0.11099938038,0.0645932955622,0.0968393658107,0.0512527649508,1,0.9,30,9,1,1,20,0.0102867597372,0.00102867597372,0.0102867597372,0.0178274039525,0.0115440888325,0.0119464045377,0.0102867597372,0.00102867597372,0.0102867597372,0.239768459357,0.435941453177,0.239767799247
672,0.0756032265876,0.00324268656218,0.0819640557608,0.0707501186725,0.160673031074,0.10671667406,0.0416569609877,0.144787928711,0.0426661759963,0.0552560923528,0.16854753667,0.0481355125658,1,0.9,30,9,1,1,20,0.00923298257896,0.000923298257896,0.00923298257896,0.0185653668829,0.0136185890384,0.00832250443104,0.00923298257896,0.000923298257896,0.00923298257896,0.241140136225,0.438435404252,0.241139472339
673,0.00566763733492,0.089222050519,0.151842718051,0.0872950353936,0.0269536939135,0.00233941734442,0.103791158232,0.107773446524,0.270554720814,0.0203920869641,0.0588841792888,0.0752838556205,1,0.9,30,9,1,1,20,0.00899580762977,0.000899580762977,0.00899580762977,0.0297155798086,0.0228334269546,0.00903535531058,0.00899580762977,0.000899580762977,0.00899580762977,0.235880509232,0.428872733322,0.235880003327
674,0.57879294424,0.0848419430344,0.0108825276986,0.0550618618143,0.0616524556672,0.0392651785529,0.0297519097074,0.0903682053849,0.00921936101515,0.00602331419471,0.011799794212,0.0223405044786,1,0.9,30,9,1,1,20,0.038654037292,0.0038654037292,0.038654037292,0.0590953524511,0.0864086637802,0.0194676298498,0.038654037292,0.0038654037292,0.038654037292,0.176178417006,0.320324503411,0.176178476876
675,0.0178047937167,0.168719998125,0.0729718261152,0.0850056507199,0.0902802605793,0.121119272895,0.0037745218784,0.102405629831,0.0895116030788,0.0944314870154,0.0220778986602,0.131897057385,1,0.9,30,9,1,1,20,0.00782226422486,0.000782226422486,0.00782226422486,0.0250697497344,0.0168734404555,0.00785301638485,0.00782226422486,0.000782226422486,0.00782226422486,0.24025881659,0.436833204574,0.240258262516
676,0.0369597412406,0.0252585824905,0.0476665354975,0.063170169741,0.13964872461,0.0638307978678,0.019629219281,0.103204638118,0.0269539101494,0.194170710128,0.0547019363684,0.224805034508,1,0.9,30,9,1,1,20,0.00916059282655,0.000916059282655,0.00916059282655,0.0195778352589,0.0160068070596,0.00621119844802,0.00916059282655,0.000916059282655,0.00916059282655,0.240882069558,0.437966193422,0.240881406382
677,0.263266001125,0.0635298658268,0.127818028876,0.031212202286,0.110933733968,0.0678691503751,0.107802095828,0.0133595143261,0.14256387807,0.0175608214718,0.0376194778949,0.0164652299522,1,0.9,30,9,1,1,20,0.0146652929148,0.00146652929148,0.0146652929148,0.0298463123355,0.0265971684195,0.0124446783105,0.0146652929148,0.00146652929148,0.0146652929148,0.227731221123,0.414055735206,0.227730654363
678,0.0501012101942,0.139940527319,0.00797408825266,0.0550821049534,0.0457451557274,0.0303005374194,0.0447087306158,0.176085522009,0.0587636632622,0.168412325547,0.0858742226222,0.137011912078,1,0.9,30,9,1,1,20,0.00925539187412,0.000925539187412,0.00925539187412,0.02355168861,0.0324826183764,0.0066567034322,0.00925539187412,0.000925539187412,0.00925539187412,0.235305159934,0.427826570178,0.235304613598
679,0.0077087088441,0.00926599169618,0.0966751680832,0.265654170341,0.0534322079178,0.0156832956477,0.0394493794763,0.273463759119,0.0942284765679,0.000195642423988,0.108102481098,0.036140718785,1,0.9,30,9,1,1,20,0.010436873366,0.0010436873366,0.010436873366,0.0250054376414,0.0285008726701,0.00805755389867,0.010436873366,0.0010436873366,0.010436873366,0.234300808118,0.426000296474,0.234300163061
680,0.227123292256,0.0731732082204,0.0683094229581,0.0774537960766,0.0330987235579,0.162682858583,0.0161917652954,0.10222805451,0.024150065557,0.039284664876,0.0157118640428,0.160592284067,1,0.9,30,9,1,1,20,0.00805456942911,0.000805456942911,0.00805456942911,0.0267218722395,0.0168479197821,0.0109044338861,0.00805456942911,0.000805456942911,0.00805456942911,0.238778064431,0.434140979393,0.238777538666
681,0.0456963351102,0.0810017799113,0.00439944597977,0.0420359729627,0.0219512755137,0.0192653966896,0.138894274077,0.0071860569327,0.0702694217302,0.0770309045714,0.441443248476,0.0508258880456,1,0.9,30,9,1,1,20,0.00847901698812,0.000847901698812,0.00847901698812,0.0238118095959,0.0177044670985,0.00641487115482,0.00847901698812,0.000847901698812,0.00847901698812,0.240024854656,0.436407823319,0.240024302825
682,0.023080044541,0.0368497619629,0.0566808491884,0.0759930174579,0.0326881815333,0.079423586559,0.284491690199,0.0952959570109,0.0928902525006,0.00494342952123,0.039283691098,0.178379538428,1,0.9,30,9,1,1,20,0.00971583464609,0.000971583464609,0.00971583464609,0.0163203070963,0.0129315736095,0.00570250250847,0.00971583464609,0.000971583464609,0.00971583464609,0.242063116268,0.440113545164,0.24206244984
683,0.0924181578389,0.0923783564893,0.074726269815,0.102697107456,0.10708875952,0.0753249596166,0.0620178042091,0.0153344238349,0.102304991355,0.0545285074144,0.0664408897972,0.154739772654,1,0.9,30,9,1,1,20,0.00898139425145,0.000898139425145,0.00898139425145,0.0281497027125,0.0194977290015,0.00858165853127,0.00898139425145,0.000898139425145,0.00898139425145,0.237298913651,0.431451703386,0.237298436862
684,0.0564948078865,0.0442495008081,0.00853306383069,0.227145402331,0.102653623394,0.0494421052164,0.103394867872,0.115044648735,0.0726418919926,0.0236405173192,0.189433512608,0.0073260580059,1,0.9,30,9,1,1,20,0.00932811209785,0.000932811209785,0.00932811209785,0.0164662691752,0.0128932600613,0.00649045491997,0.00932811209785,0.000932811209785,0.00932811209785,0.24225504931,0.44046251337,0.242254382353
685,0.0537213669784,0.0885122470578,0.060371809045,0.263712325957,0.0218362144834,0.1024183191,0.0361879032454,0.00910676346831,0.06693313987,0.0209129379095,0.129578595248,0.146708377637,1,0.9,30,9,1,1,20,0.00890267633084,0.000890267633084,0.00890267633084,0.0187791686072,0.0126019294631,0.0094658214927,0.00890267633084,0.000890267633084,0.00890267633084,0.241414305767,0.438933892955,0.241413641125
686,0.117855662724,0.0870559382464,0.241433578852,0.0795449347917,0.00545918567055,0.130787427078,0.0233905478965,0.153256810256,0.0866370988607,0.0218896777025,0.0431631167216,0.00952602120088,1,0.9,30,9,1,1,20,0.014289032232,0.0014289032232,0.014289032232,0.0233394718419,0.0244261980196,0.0108915266281,0.014289032232,0.0014289032232,0.014289032232,0.230824696419,0.419680110785,0.230824060932
687,0.0251155845547,0.0221789833726,0.133368974172,0.390994274858,0.0467346984326,0.0406070670403,0.124936574945,0.0328587072357,0.0686176850103,0.0224412357927,0.0449035706174,0.0472426439687,1,0.9,30,9,1,1,20,0.00905143046339,0.000905143046339,0.00905143046339,0.0265600130141,0.0238530989503,0.00821889912295,0.00905143046339,0.000905143046339,0.00905143046339,0.236592571428,0.430167360993,0.236592048546
688,0.0968030118398,0.102134021402,0.0300249517924,4.02918378725e-05,0.0962104673565,0.0979994777265,0.230915481948,0.0445989074421,0.0376917162737,0.0807425584985,0.0277677455806,0.155071368302,1,0.9,30,9,1,1,20,0.00974733865043,0.000974733865043,0.00974733865043,0.0164766607903,0.00798111168844,0.00863951711442,0.00974733865043,0.000974733865043,0.00974733865043,0.242514844444,0.440934866859,0.242514176772
689,0.276532474468,0.0140679292307,0.0561030235756,0.025503064419,0.101424339455,0.213113154541,0.0393488061037,0.0557572246257,0.0503377083798,0.022606126275,0.0391916767588,0.106014472169,1,0.9,30,9,1,1,20,0.00349595115502,0.000349595115502,0.00349595115502,0.0165029655258,0.00920296325315,0.00392474271315,0.00349595115502,0.000349595115502,0.00349595115502,0.250299310296,0.455088402168,0.250298621193
690,0.107521821936,0.0980438492631,0.0372559969766,0.133524713512,0.127644537717,0.156367418761,0.182157292529,0.0388946242349,0.0326257574601,0.0157590506441,0.0254377338685,0.0447672030965,1,0.9,30,9,1,1,20,0.0131881538778,0.00131881538778,0.0131881538778,0.0215019274564,0.0218728888255,0.0116411167005,0.0131881538778,0.00131881538778,0.0131881538778,0.232989331259,0.423615799659,0.232988689813
691,0.0471297068507,0.0105260684097,0.204182950432,0.0211013349299,0.128057436279,0.0250401538124,0.0875133934693,0.153221520455,0.0562419216713,0.121942270335,0.0356163802189,0.109426863137,1,0.9,30,9,1,1,20,0.0094652709062,0.00094652709062,0.0094652709062,0.017776416621,0.0127331775135,0.00670211829075,0.0094652709062,0.00094652709062,0.0094652709062,0.241747530471,0.439539754386,0.241746864912
692,0.0135644934496,0.168055548651,0.0768600928873,0.120712919157,0.055349064488,0.00861512055385,0.07568943134,0.044063259486,0.0275952421753,0.0803527361929,0.323401579138,0.00574051248107,1,0.9,30,9,1,1,20,0.00755068701176,0.000755068701176,0.00755068701176,0.0227618682878,0.017161879542,0.0102407572868,0.00755068701176,0.000755068701176,0.00755068701176,0.240461172055,0.437200927341,0.240460510038
693,0.0805724213729,0.0290675750529,0.0452789160088,0.101617899604,0.0202201835941,0.0419463485102,0.21781286345,0.146943247476,0.0309605618169,0.0338151427039,0.180000411746,0.071764428664,1,0.9,30,9,1,1,20,0.008768321981,0.0008768321981,0.008768321981,0.0191186903776,0.0112283076302,0.00982977913422,0.008768321981,0.0008768321981,0.008768321981,0.2417376097,0.43952171667,0.241736944168
694,0.0898275647469,0.0481927034981,0.194627494045,0.152840945449,0.00148547997878,0.0369040056326,0.0876468326252,0.0963569150807,0.0861727677293,0.0720206878961,0.0503661380112,0.0835584653067,1,0.9,30,9,1,1,20,0.00894419192515,0.000894419192515,0.00894419192515,0.0175156627165,0.0123217156499,0.0080865615408,0.00894419192515,0.000894419192515,0.00894419192515,0.242134182367,0.440242755897,0.242133515743
695,0.0489166452402,0.0830452788406,0.0208060704835,0.0797456304044,0.00581265924426,0.0195155010479,0.174676862573,0.0665886294639,0.082902959441,0.283089479433,0.132141233412,0.00275905041703,1,0.9,30,9,1,1,20,0.00832277738539,0.000832277738539,0.00832277738539,0.0263012689281,0.0154826287907,0.0102350930202,0.00832277738539,0.000832277738539,0.00832277738539,0.239126141747,0.434773679029,0.239125523466
696,0.0572454445367,0.048504880218,0.187026662667,0.111300769486,0.0685797783657,0.00998881401249,0.0224541723462,0.329208623493,0.0354595635143,0.0230434125223,0.0279690666274,0.0792188122115,1,0.9,30,9,1,1,20,0.00863629173392,0.000863629173392,0.00863629173392,0.02508193049,0.0219651726019,0.00652274089751,0.00863629173392,0.000863629173392,0.00863629173392,0.238375072557,0.433408166562,0.238374491609
697,0.0676152820799,0.0011888779911,0.0151364834139,0.0305469677238,0.0350502979257,0.168882257557,0.220741332163,0.0695358535367,0.104815866964,0.0584058643623,0.193828643608,0.0342522726738,1,0.9,30,9,1,1,20,0.00765889023022,0.000765889023022,0.00765889023022,0.0241773281179,0.0214337267606,0.00859657484423,0.00765889023022,0.000765889023022,0.00765889023022,0.239283207737,0.435059241015,0.239282582558
698,0.0496602274683,0.0332040004411,0.0495315738889,0.0244597240896,0.131134671452,0.145917838097,0.140329667144,0.0940095225889,0.0603186460182,0.167910746241,0.067782810339,0.0357405722318,1,0.9,30,9,1,1,20,0.00766210693864,0.000766210693864,0.00766210693864,0.0282836791801,0.0167331054568,0.00967851189174,0.00766210693864,0.000766210693864,0.00766210693864,0.239151866716,0.43482063717,0.239151350443
699,0.400160883875,0.00134038612241,0.084686094077,0.0215896370191,0.0613586129839,0.122001644367,0.0439758983484,0.0199545968528,0.00803231367758,0.0472528841138,0.0867474148181,0.102899633746,1,0.9,30,9,1,1,20,0.00922629138646,0.000922629138646,0.00922629138646,0.019202004435,0.0104909003229,0.00801413040803,0.00922629138646,0.000922629138646,0.00922629138646,0.241880680829,0.439781845279,0.241880014903
700,0.0152591213305,0.119620289125,0.344708006658,0.0162755365246,0.0544548586137,0.0367248281088,0.0417471603049,0.0698987670172,0.221022425821,0.023312260426,0.0141073960866,0.0428693499837,1,0.9,30,9,1,1,20,0.0159247476961,0.00159247476961,0.0159247476961,0.0200894515903,0.0210333434718,0.00996246639576,0.0159247476961,0.00159247476961,0.0159247476961,0.231008535624,0.420014362964,0.23100789963
701,0.0453677884637,0.134009442496,0.0775750902883,0.0305902449898,0.0102137062648,0.0941256966443,0.0159575841638,0.0487971688658,0.0340187205082,0.398190766536,0.0934073400552,0.0177464507243,1,0.9,30,9,1,1,20,0.00853923319605,0.000853923319605,0.00853923319605,0.0178992156126,0.0196213068025,0.00463915284555,0.00853923319605,0.000853923319605,0.00853923319605,0.24147027636,0.439035657391,0.241469611565
702,0.0352270658044,0.0876402817194,0.16550355607,0.0682283830196,0.0652986055591,0.0905557061804,0.0161387037946,0.2231073451,0.0197862539224,0.0923005122862,0.00817850520256,0.12803508134,1,0.9,30,9,1,1,20,0.0095608674958,0.00095608674958,0.0095608674958,0.0201468620912,0.0184923954137,0.00723930822646,0.0095608674958,0.00095608674958,0.0095608674958,0.239372463486,0.435221501484,0.239371825816
703,0.0781679463849,0.169774792326,0.0106635444478,0.0931927661671,0.036313221946,0.0640807378121,0.0561887453596,0.00264411432859,0.148158549604,0.0660679191275,0.00221689910037,0.272530763397,1,0.9,30,9,1,1,20,0.00933030040023,0.000933030040023,0.00933030040023,0.0192251218366,0.0138011821413,0.00717698086181,0.00933030040023,0.000933030040023,0.00933030040023,0.241112489676,0.438385137937,0.241111825866
704,0.0801938121272,0.09989875449,0.0587583803185,0.0827252897097,0.166811808163,0.0949267379088,0.0298948668277,0.110955173968,0.0439743833358,0.079066507189,0.114659660888,0.0381346250736,1,0.9,30,9,1,1,20,0.00943622537462,0.000943622537462,0.00943622537462,0.0233524946401,0.019195528614,0.008508819126,0.00943622537462,0.000943622537462,0.00943622537462,0.23815334687,0.43300494463,0.238152719547
705,0.0452618846178,0.0231025959525,0.10741184987,0.138721885726,0.0535097166257,0.067506150738,0.0475954057771,0.179518937835,0.000956532440589,0.0869060874749,0.0322089183335,0.217300034609,1,0.9,30,9,1,1,20,0.0100308795002,0.00100308795002,0.0100308795002,0.0158798095511,0.0135714964051,0.00484723551088,0.0100308795002,0.00100308795002,0.0100308795002,0.24188833465,0.439795761279,0.241887668703
706,0.051524934578,0.00889894315954,0.0516304371429,0.100741963045,0.0143750943395,0.124859988281,0.0150651191729,0.184014835682,0.292881788274,0.125387369679,0.0235339857694,0.00708554087553,1,0.9,30,9,1,1,20,0.00370329921516,0.000370329921516,0.00370329921516,0.015953325027,0.00572046411614,0.00707832215555,0.00370329921516,0.000370329921516,0.00370329921516,0.250301326532,0.455092068042,0.250300637423
707,0.0014986252191,0.003153584229,0.0287663225631,0.392270782247,0.0669885054609,0.0132038154092,0.176553496932,0.023650328089,0.0222219759411,0.078447885505,0.164986863527,0.0282578148786,1,0.9,30,9,1,1,20,0.00741647279034,0.000741647279034,0.00741647279034,0.0296106381358,0.00966464964739,0.0176372906035,0.00741647279034,0.000741647279034,0.00741647279034,0.238841323424,0.434256072561,0.238840839909
708,0.0626144540625,0.0630667524125,0.100458890252,0.131374656659,0.0962812415163,0.0974355889146,0.0174848958384,0.12849686492,0.10130046793,0.0705381474451,0.090741898624,0.0402061414252,1,0.9,30,9,1,1,20,0.00871387547561,0.000871387547561,0.00871387547561,0.0225119688294,0.0234303279483,0.00494281741589,0.00871387547561,0.000871387547561,0.00871387547561,0.238992869009,0.434531445032,0.238992294768
709,0.0749066760095,0.143368426965,0.137515001546,0.0626437994555,0.0340817665281,0.0386516200435,0.137553505315,0.108208136784,0.0993960420463,0.00719270213652,0.0512157595219,0.10526656365,1,0.9,30,9,1,1,20,0.00977688355229,0.000977688355229,0.00977688355229,0.018178443846,0.0107337889411,0.0094116349961,0.00977688355229,0.000977688355229,0.00977688355229,0.241113476488,0.438386932135,0.241112812674
710,0.0479730243385,0.0254131992965,0.018149489067,0.0268972908296,0.220752558596,0.139453257329,0.0403219145192,0.00210423206793,0.139070231491,0.0334109684563,0.0742082726768,0.232245561332,1,0.9,30,9,1,1,20,0.00825021920934,0.000825021920934,0.00825021920934,0.020543339001,0.0183888386116,0.00742016194598,0.00825021920934,0.000825021920934,0.00825021920934,0.240690111416,0.437617179578,0.240689448768
711,0.0248048850556,0.195427904167,0.0972795627381,0.010349185653,0.0715854023976,0.108154134216,0.144026825346,0.0616367065867,0.0873707818061,0.133878363459,0.0340449089897,0.0314413395861,1,0.9,30,9,1,1,20,0.00941635345793,0.000941635345793,0.00941635345793,0.0203714078918,0.0225909896089,0.00471744136009,0.00941635345793,0.000941635345793,0.00941635345793,0.239059633645,0.434652801917,0.239059041054
712,0.13223283937,0.036995237106,0.0125336529819,0.0603381513451,0.0656392999176,0.138718239002,0.0964996362401,0.0571216653731,0.106661459351,0.108406468671,0.116144304645,0.0687090459964,1,0.9,30,9,1,1,20,0.00909279929616,0.000909279929616,0.00909279929616,0.0181276859188,0.012934895574,0.00653924751126,0.00909279929616,0.000909279929616,0.00909279929616,0.242055076477,0.440098927403,0.242054410072
713,0.156567772086,0.0470287612377,0.0637306822278,0.0773432223935,0.0494384242789,0.110266231063,0.0532761569807,0.175025247233,0.0460864102722,0.0011621043558,0.0959326528787,0.124142334992,1,0.9,30,9,1,1,20,0.00752908669218,0.000752908669218,0.00752908669218,0.0261496777701,0.0219051194864,0.00892347973491,0.00752908669218,0.000752908669218,0.00752908669218,0.238700277937,0.433999536106,0.238699744858
714,0.182416981748,0.0347682163687,0.0574078901015,0.223795293444,0.0510659887611,0.0492019137338,0.00627576108232,0.1020787337,0.0584357152479,0.0904405618217,0.0913631452443,0.0527497987468,1,0.9,30,9,1,1,20,0.00799494604639,0.000799494604639,0.00799494604639,0.0213712962695,0.0180473283506,0.00971227663224,0.00799494604639,0.000799494604639,0.00799494604639,0.240243192448,0.436804601874,0.240242531031
715,0.019611482244,0.00708422051301,0.0622937233532,0.02299093014,0.265096858035,0.0446074375414,0.0336717880081,0.00350290358697,0.127150735088,0.0469147643374,0.285058989463,0.0820161676905,1,0.9,30,9,1,1,20,0.0085259945246,0.00085259945246,0.0085259945246,0.0238827640942,0.0176095641049,0.010892119144,0.0085259945246,0.00085259945246,0.0085259945246,0.238806916989,0.434193199138,0.238806259526
716,0.0264331100142,0.0152100236555,0.175645632121,0.149454155328,0.00155181892631,0.032043126359,0.480169046805,0.0301344597323,0.0490000796656,0.0168651713801,0.0184561495155,0.00503722649731,1,0.9,30,9,1,1,20,0.0519097717675,0.00519097717675,0.0519097717675,0.0478981831095,0.0749411384867,0.0259403015028,0.0519097717675,0.00519097717675,0.0519097717675,0.165838042922,0.301523414552,0.165837878003
717,0.156080081706,0.0777338392513,0.0194456850652,0.115134518705,0.150415331626,0.0965273093299,0.0833534147585,0.0962988040818,0.140578425864,0.0127676655184,0.0468504685205,0.00481445557341,1,0.9,30,9,1,1,20,0.0249693890806,0.00249693890806,0.0249693890806,0.0284640154299,0.0214929128472,0.0157867677869,0.0249693890806,0.00249693890806,0.0249693890806,0.217220174177,0.394944964916,0.217219730704
718,0.0763973835974,0.0331907783971,0.12191538302,0.181287654013,0.0139870598083,0.0455446381614,0.185642909023,0.0423081641281,0.0232260056093,0.182304851625,0.004232935704,0.0899622369147,1,0.9,30,9,1,1,20,0.00865391248954,0.000865391248954,0.00865391248954,0.0180329599651,0.0121368701379,0.0109198309607,0.00865391248954,0.000865391248954,0.00865391248954,0.241624371264,0.439315829172,0.241623706044
719,0.0179732474417,0.175038351508,0.0512401427399,0.271474093493,0.10608766755,0.10530199741,0.0778222744478,0.0368545753731,0.0788726768911,0.0014748210901,0.0438962572805,0.0339638947751,1,0.9,30,9,1,1,20,0.0119519000991,0.00119519000991,0.0119519000991,0.0342339721058,0.0172314531015,0.0269530055995,0.0119519000991,0.00119519000991,0.0119519000991,0.228219920365,0.414944302201,0.228219366211
720,0.227368191401,0.0713367794503,0.105648192491,0.0273877364721,0.0494881319822,0.139845987048,0.100339348289,0.0944315518238,0.0380634666694,0.0488002508822,0.0900102188935,0.00728014459683,1,0.9,30,9,1,1,20,0.00983491784062,0.000983491784062,0.00983491784062,0.0194865866665,0.0181613530627,0.00475601524859,0.00983491784062,0.000983491784062,0.00983491784062,0.239981042204,0.436327966379,0.239980381509
721,0.0182448242144,0.0280248329975,0.143395330931,0.080631997841,0.0122932904549,0.00982938905235,0.133310007538,0.0586390935264,0.423319554103,0.0365059545147,0.00638376245369,0.0494219623735,1,0.9,30,9,1,1,20,0.0122768790729,0.00122768790729,0.0122768790729,0.0214609626397,0.0191822663587,0.0120835991854,0.0122768790729,0.00122768790729,0.0122768790729,0.234591264247,0.426528397073,0.23459061839
722,0.00698565171773,0.0328039085548,0.123503501621,0.0979733695008,0.0146571304302,0.0693198717453,0.0888153163617,0.309587168151,0.0275766989032,0.00719002454991,0.145282553322,0.0763048051422,1,0.9,30,9,1,1,20,0.00906541290173,0.000906541290173,0.00906541290173,0.0185085457779,0.0129311470715,0.0116260583525,0.00906541290173,0.000906541290173,0.00906541290173,0.240654171422,0.437551834315,0.240653508873
723,0.00140974496213,0.208633817284,0.034141872395,0.284644900919,0.016220291289,0.0337940949615,0.107407917061,0.045640451042,0.184154438322,0.0424733254875,0.0236752282935,0.0178039179835,1,0.9,30,9,1,1,20,0.0116683259316,0.00116683259316,0.0116683259316,0.0272197079638,0.0276008245894,0.0115281295276,0.0116683259316,0.00116683259316,0.0116683259316,0.231693043649,0.421258919585,0.231692405772
724,0.0554989588852,0.00366840247189,0.0449502139357,0.0554488133675,0.104671728113,0.0184996484521,0.00576265887297,0.270186075684,0.0456405611811,0.215667422645,0.104114099006,0.0758914173863,1,0.9,30,9,1,1,20,0.00913985099589,0.000913985099589,0.00913985099589,0.0158669014385,0.00831734742185,0.0105518016692,0.00913985099589,0.000913985099589,0.00913985099589,0.242753882057,0.441369479504,0.242753213727
725,0.100463164921,0.130703407825,0.287265715859,0.0211676442129,0.0183774569555,0.0514859668727,0.098876947954,0.0315952167172,0.0167742948456,0.0686138887338,0.0449158894463,0.129760405656,1,0.9,30,9,1,1,20,0.00783183383024,0.000783183383024,0.00783183383024,0.0231442113872,0.0173966368971,0.00883397854647,0.00783183383024,0.000783183383024,0.00783183383024,0.240358650287,0.437014723094,0.240358097701
726,0.0310988155852,0.380714750863,0.0949822096338,0.00136932593686,0.018350043572,0.0737485323486,0.0156497781102,0.0680447374623,0.15949975747,0.0187671588037,0.00565861571774,0.132116274496,1,0.9,30,9,1,1,20,0.0095848566163,0.00095848566163,0.0095848566163,0.0208224428493,0.0152450849328,0.00735747855408,0.0095848566163,0.00095848566163,0.0095848566163,0.239988691353,0.436341873885,0.239988030637
727,0.102942929342,0.0134716831181,0.0352802757446,0.114131607177,0.00386283332085,0.00230042251324,0.0335267323454,0.0820515768396,0.328678243074,0.0586159298017,0.165481346626,0.0596564200974,1,0.9,30,9,1,1,20,0.00782119923068,0.000782119923068,0.00782119923068,0.0192017900788,0.0210976982754,0.00654615906081,0.00782119923068,0.000782119923068,0.00782119923068,0.241032834412,0.438240310583,0.241032170821
728,0.0168148784068,0.00380171647525,0.219109719515,0.0947841596121,0.0331635637148,0.0372412832172,0.0853285937275,0.140767540376,0.0294077998163,0.0972810097252,0.130959232817,0.111340502597,1,0.9,30,9,1,1,20,0.00879025325629,0.000879025325629,0.00879025325629,0.021279870051,0.0121497981258,0.0101729174033,0.00879025325629,0.000879025325629,0.00879025325629,0.240816230203,0.437846529381,0.24081559116
729,0.0399767532621,0.121147589555,0.0109674892229,0.186116235659,0.14232816948,0.00112119400421,0.128688907944,0.0639114401151,0.0157987565847,0.024334989003,0.0335573167893,0.232051158381,1,0.9,30,9,1,1,20,0.00787472726374,0.000787472726374,0.00787472726374,0.0204863807083,0.0200144778788,0.00821490664826,0.00787472726374,0.000787472726374,0.00787472726374,0.240484130849,0.437242741554,0.240483507855
730,0.0382139544357,0.0124812399073,0.0514312591784,0.0744159995077,0.0581444572041,0.282812799705,0.0434512906417,0.285995338012,0.101250403234,0.0160154993277,0.0301165460698,0.00567121277615,1,0.9,30,9,1,1,20,0.0219553417988,0.00219553417988,0.0219553417988,0.0355775620463,0.0327126711625,0.0219613621739,0.0219553417988,0.00219553417988,0.0219553417988,0.214116863804,0.389302648554,0.214116456704
731,0.0221854328482,0.0236115857455,0.000315849375806,0.0518445287587,0.00377392130304,0.174609067309,0.0112730486053,0.243538271221,0.0104749244117,0.0519122487073,0.0697604098524,0.336700711862,1,0.9,30,9,1,1,20,0.00975411936535,0.000975411936535,0.00975411936535,0.0157264784607,0.0118763561109,0.00480494551264,0.00975411936535,0.000975411936535,0.00975411936535,0.242687971833,0.441249643063,0.242687303685
732,0.0543846599016,0.013641124569,0.135871068991,0.0712421285332,0.0199716958516,0.00284399031103,0.111203489339,0.0369927057559,0.184240446823,0.183225908316,0.139434261858,0.0469485197517,1,0.9,30,9,1,1,20,0.0092482057618,0.00092482057618,0.0092482057618,0.0171742844932,0.00976258636401,0.00838294666394,0.0092482057618,0.00092482057618,0.0092482057618,0.242481799906,0.440874786047,0.242481132326
733,0.288747617506,0.027989286913,0.0632338474096,0.00447973153197,0.0790310528345,0.0561990107769,0.0190963147022,0.357991727034,0.0530100869215,0.00532097791098,0.00289423611136,0.042006110348,1,0.9,30,9,1,1,20,0.0310194746072,0.00310194746072,0.0310194746072,0.0375607205483,0.0382263091798,0.0243437327051,0.0310194746072,0.00310194746072,0.0310194746072,0.201558932828,0.366470007347,0.201558504041
734,0.0629505461551,0.15934617062,0.142233594307,0.132118915774,0.0138915093038,0.10893878901,0.0213259220517,0.129769557523,0.151436167855,0.0173616210202,0.0227469805375,0.0378802258426,1,0.9,30,9,1,1,20,0.0162368087523,0.00162368087523,0.0162368087523,0.0215660336957,0.0199264090076,0.00820925857264,0.0162368087523,0.00162368087523,0.0162368087523,0.231027629501,0.420049079009,0.231026993455
735,0.0814350977149,0.151618416259,0.0325014689765,0.19897927035,0.0287072312417,0.215486312757,0.0474651506131,0.0292313498541,0.0587991903088,0.00799314504745,0.0597773897157,0.0880059771614,1,0.9,30,9,1,1,20,0.00943578428265,0.000943578428265,0.00943578428265,0.0178329790216,0.0156161790542,0.00684984417249,0.00943578428265,0.000943578428265,0.00943578428265,0.240971388274,0.438128590639,0.240970724852
736,0.194448528648,0.0501998644109,0.135391192466,0.0890116084191,0.0334945948363,0.0585044371377,0.0752050779891,0.137868387589,0.0784995687866,0.0472135164948,0.0178785308735,0.0822846923498,1,0.9,30,9,1,1,20,0.00965494451727,0.000965494451727,0.00965494451727,0.0222021550041,0.0149337117224,0.0080327582806,0.00965494451727,0.000965494451727,0.00965494451727,0.239454907335,0.435371419797,0.239454280888
737,0.30203699882,0.0598112581192,0.0124099286923,0.0473012183177,0.0266962547229,0.056462512156,0.021271569748,0.0529414751579,0.0307321142924,0.0833470892541,0.279193592781,0.0277959879385,1,0.9,30,9,1,1,20,0.00956368150651,0.000956368150651,0.00956368150651,0.0177478117942,0.0179914368972,0.00552874928748,0.00956368150651,0.000956368150651,0.00956368150651,0.24057691593,0.43741137017,0.240576253594
738,0.0697630989945,0.0243957897367,0.0548035938094,0.199380771476,0.252293983343,0.0571688901739,0.0696354307277,0.0830543221731,0.0404753665388,0.0670751409669,0.0772852913534,0.00466832070693,1,0.9,30,9,1,1,20,0.00979555929102,0.000979555929102,0.00979555929102,0.0199735041709,0.0227943928906,0.00509026063051,0.00979555929102,0.000979555929102,0.00979555929102,0.238595852131,0.433809445907,0.238595195249
739,0.0482229757723,0.0696265755881,0.0895422611035,0.0667881957793,0.000156028043429,0.169594499221,0.0837413089057,0.0515980982441,0.174658906531,0.137538816395,0.0650222615631,0.0435100728537,1,0.9,30,9,1,1,20,0.0079677890289,0.00079677890289,0.0079677890289,0.0274727141651,0.020161081031,0.0108824807546,0.0079677890289,0.00079677890289,0.0079677890289,0.237814889733,0.432389755094,0.237814365301
740,0.0281954923817,0.162681398789,0.121683848835,0.163731035096,0.0497415433755,0.0543259502418,0.0134740998837,0.110516770752,0.0428684318595,0.00800538733391,0.127541687783,0.117234353669,1,0.9,30,9,1,1,20,0.00823315080934,0.000823315080934,0.00823315080934,0.020827126895,0.0228842936482,0.00613683719805,0.00823315080934,0.000823315080934,0.00823315080934,0.239793287214,0.43598659461,0.239792627035
741,0.0151953235517,0.371479134158,0.00456193870289,0.102094196213,0.123173690088,0.0222441766877,0.0023310194372,0.0712214163213,0.0746364432816,0.0395510664542,0.100756560762,0.0727550343426,1,0.9,30,9,1,1,20,0.00825069910573,0.000825069910573,0.00825069910573,0.0277729938631,0.0194406052272,0.00867031007462,0.00825069910573,0.000825069910573,0.00825069910573,0.238193113721,0.433077445723,0.238192595147
742,0.0139150522023,0.128073099793,0.0164642556588,0.0628024876551,0.0970583649179,0.00039563809082,0.187709284672,0.299179532793,0.113278675463,0.00557313935764,0.0653769552439,0.0101735141523,1,0.9,30,9,1,1,20,0.0164453436448,0.00164453436448,0.0164453436448,0.0184406335948,0.0164158028787,0.00937287699511,0.0164453436448,0.00164453436448,0.0164453436448,0.232231487991,0.422237906601,0.232230848631
743,0.106396964665,0.0798404258797,0.361106936359,0.0032630874934,0.104726755425,0.134519633957,0.0191078054325,0.0500419746719,0.00642631317758,0.025914998413,0.0420275277302,0.0666275767969,1,0.9,30,9,1,1,20,0.00975629268343,0.000975629268343,0.00975629268343,0.0223994473442,0.0382266539185,0.00654565684462,0.00975629268343,0.000975629268343,0.00975629268343,0.23358071129,0.424691033118,0.233580068215
744,0.0439610128638,0.511627666354,0.024923368997,0.134136421599,0.00631689531941,0.0209498551138,0.0147621837544,0.131692131023,0.0353436130974,0.0081390279188,0.0220545865941,0.0460932373655,1,0.9,30,9,1,1,20,0.0126334830581,0.00126334830581,0.0126334830581,0.0283649099923,0.0262886173429,0.0113356526157,0.0126334830581,0.00126334830581,0.0126334830581,0.230725407791,0.419499860267,0.230724923147
745,0.0362347538149,0.0231177368921,0.348570662139,0.129413498371,0.0949393827301,0.0282221104314,0.0340165065198,0.0750993939783,0.1020470395,0.0737603223589,0.0302491459004,0.0243294473646,1,0.9,30,9,1,1,20,0.0106806736377,0.00106806736377,0.0106806736377,0.0179062224258,0.0147753407483,0.00777392399508,0.0106806736377,0.00106806736377,0.0106806736377,0.239561022971,0.435564297149,0.239560363432
746,0.114375877047,0.103411527235,0.0597978273762,0.0608809265138,0.0238248826613,0.0296822132753,0.0694002145216,0.058091693428,0.0738600952612,0.0473250912383,0.210033887672,0.14931576377,1,0.9,30,9,1,1,20,0.00853054637192,0.000853054637192,0.00853054637192,0.018948675302,0.0166428145999,0.00654028433379,0.00853054637192,0.000853054637192,0.00853054637192,0.241487139313,0.439066317219,0.241486474471
747,0.0129580798091,0.023578505666,0.0568282257774,0.125026751727,0.260584148652,0.0306352137116,0.214261976829,0.0343591791108,0.0501010629814,0.0491537782613,0.0646682953648,0.0778447821089,1,0.9,30,9,1,1,20,0.0101629727764,0.00101629727764,0.0101629727764,0.0168062351017,0.0165626537687,0.00797619482003,0.0101629727764,0.00101629727764,0.0101629727764,0.239897505037,0.43617608104,0.239896844572
748,0.182188061204,0.124721467598,0.0281541724706,0.0180990548134,0.148052568562,0.146096873847,0.15517096876,0.018004732485,0.0574116568239,0.0244602602081,0.0913343259007,0.00630585732721,1,0.9,30,9,1,1,20,0.00963059586473,0.000963059586473,0.00963059586473,0.0219963133678,0.0112915509054,0.0138263575674,0.00963059586473,0.000963059586473,0.00963059586473,0.238972153006,0.434493627433,0.238971495088
749,0.257869905644,0.174898746599,0.0875988947033,0.0117912511508,0.0224040638894,0.0449069210177,0.165937464653,0.0402985681401,0.0506688199812,0.0551745038896,0.00124136307587,0.0872094972571,1,0.9,30,9,1,1,20,0.0085236991366,0.00085236991366,0.0085236991366,0.0284346199724,0.0145273225026,0.0133160062505,0.0085236991366,0.00085236991366,0.0085236991366,0.237789610584,0.432343809237,0.23778909508
750,0.00781496851209,0.0283715239268,0.201054427803,0.0689965404562,0.205118128181,0.212800862545,0.0190673220161,0.000184232275057,0.0166286656305,0.187203798024,0.0527152224209,4.43082099414e-05,1,0.9,30,9,1,1,20,0.00904788700663,0.000904788700663,0.00904788700663,0.0190886402378,0.0096136736415,0.00982673248766,0.00904788700663,0.000904788700663,0.00904788700663,0.24186163696,0.439747220158,0.241860971087
751,0.209795708596,0.0407379137083,0.141592016696,0.0494039969506,0.217547114026,0.060468369277,0.00348698178347,0.0971242225026,0.00701562767672,0.160432810161,0.00295550343749,0.00943973518472,1,0.9,30,9,1,1,20,0.00896642027876,0.000896642027876,0.00896642027876,0.0205481676834,0.0112245026267,0.0118781800344,0.00896642027876,0.000896642027876,0.00896642027876,0.240609822966,0.43747120098,0.240609160539
752,0.149351976154,0.335546924302,0.038034512701,0.0773540072525,0.0467321784499,0.0391691356892,0.0901676617652,0.00836150792263,0.0820600650909,0.00570601341683,0.0654799675689,0.0620360496867,1,0.9,30,9,1,1,20,0.0101099894852,0.00101099894852,0.0101099894852,0.0192776107197,0.0172944239325,0.00545610583194,0.0101099894852,0.00101099894852,0.0101099894852,0.239776890586,0.43595678264,0.239776230452
753,0.0204062421127,0.0130718425044,0.0331068045072,0.0445343530664,0.412286029967,0.00785667341473,0.136053794588,0.0798001108684,0.0244329264715,0.0106922221034,0.152735304378,0.0650236960182,1,0.9,30,9,1,1,20,0.00991882929959,0.000991882929959,0.00991882929959,0.0175114510715,0.0141859716794,0.00706161945337,0.00991882929959,0.000991882929959,0.00991882929959,0.240843361364,0.43789581508,0.240842698294
754,0.114901046507,0.212189512634,0.159056833193,0.0328275640398,0.0716447150661,0.0568864154556,0.00740350768387,0.0634022565802,0.0760745185254,0.0321729728323,0.0902888450949,0.0831518123875,1,0.9,30,9,1,1,20,0.00914761728052,0.000914761728052,0.00914761728052,0.0191980072391,0.0180317403975,0.00615744629257,0.00914761728052,0.000914761728052,0.00914761728052,0.24047955887,0.437234357821,0.240478896802
755,0.0255556233084,0.146655649744,0.430379557223,0.00473481245419,0.0246198471561,0.0323043811653,0.0295988994651,0.00560189311896,0.0416176803269,0.00649680710543,0.191201126129,0.0612337228042,1,0.9,30,9,1,1,20,0.00928678843108,0.000928678843108,0.00928678843108,0.0178442785304,0.0090641729856,0.00974230040856,0.00928678843108,0.000928678843108,0.00928678843108,0.242090780118,0.440163842934,0.242090113614
756,0.123408026759,0.0546712738192,0.0859582104577,0.00914183213652,0.0336242509221,0.0323337325955,0.0197688610788,0.0557481630688,0.0645847318823,0.0957973550954,0.404559168359,0.0204043938258,1,0.9,30,9,1,1,20,0.00918781434209,0.000918781434209,0.00918781434209,0.0188150937288,0.0114810864145,0.0105591712468,0.00918781434209,0.000918781434209,0.00918781434209,0.241098443255,0.438359603302,0.241097781816
757,0.0328650368727,0.135867768024,0.0038253534631,0.124872065746,0.0106264628381,0.0906400172307,0.185434641607,0.0522382946576,0.0813181079378,0.100413261831,0.154409736828,0.0274892529638,1,0.9,30,9,1,1,20,0.00716897383202,0.000716897383202,0.00716897383202,0.0304907915301,0.0185175790401,0.0100049481637,0.00716897383202,0.000716897383202,0.00716897383202,0.238563399551,0.433750704272,0.238562887349
758,0.0291651832305,0.00511340298972,0.0121389891412,0.028271950123,0.212998254521,0.0226812650858,0.194740955856,0.217995472056,0.0011383822126,0.0712789169338,0.0965424865051,0.107934741345,1,0.9,30,9,1,1,20,0.00905037633765,0.000905037633765,0.00905037633765,0.0193376553055,0.0193182789986,0.00700525677516,0.00905037633765,0.000905037633765,0.00905037633765,0.239990952232,0.436345984562,0.239990291509
759,0.0877297217574,0.038151195045,0.0470471517015,0.00853805553209,0.081386255518,0.104604571928,0.0592641743682,0.0347407576363,0.105425346456,0.222974198246,0.133059353342,0.0770792184692,1,0.9,30,9,1,1,20,0.00845228445326,0.000845228445326,0.00845228445326,0.0190181065032,0.0163467550261,0.00700702489661,0.00845228445326,0.000845228445326,0.00845228445326,0.241510340944,0.439108501888,0.241509676038
760,0.0663829567394,0.0225478969159,0.0538605073018,0.0945998300817,0.0662955468943,0.0526960619142,0.267571738301,0.111718405898,0.0463705086847,0.122145795484,0.0683644039147,0.0274463478701,1,0.9,30,9,1,1,20,0.00980791507775,0.000980791507775,0.00980791507775,0.0188094574668,0.0175358010383,0.00726560401672,0.00980791507775,0.000980791507775,0.00980791507775,0.239694649828,0.435807254402,0.239693989921
761,0.00751706871996,0.0583230306905,0.19208712634,0.0297813457729,0.0397057082151,0.0668685543619,0.0138556999459,0.12639187696,0.147347052677,0.120015118156,0.118895421323,0.0792119968372,1,0.9,30,9,1,1,20,0.00810765493659,0.000810765493659,0.00810765493659,0.0268185154068,0.0144791849437,0.0113893408396,0.00810765493659,0.000810765493659,0.00810765493659,0.239187742029,0.434885849063,0.239187216984
762,0.00960225398059,0.105820693012,0.00176146656247,0.0433434931389,0.0975500709521,0.0498748262924,0.0442019282874,0.0984502453318,0.145553444345,0.144434632512,0.0221858049404,0.237221140644,1,0.9,30,9,1,1,20,0.00847810632271,0.000847810632271,0.00847810632271,0.0238787820611,0.0121353071539,0.013637694578,0.00847810632271,0.000847810632271,0.00847810632271,0.239575212879,0.435590294692,0.239574662081
763,0.0939371795413,0.161347728094,0.141538209161,0.0247908390536,0.0106299122891,0.0141264707269,0.0230867439266,0.0929400579893,0.00207828255401,0.0990774770677,0.17810096034,0.158346139257,1,0.9,30,9,1,1,20,0.00866482600675,0.000866482600675,0.00866482600675,0.0199834290765,0.018592329011,0.00708760825347,0.00866482600675,0.000866482600675,0.00866482600675,0.240414488745,0.437116048829,0.240413826856
764,0.061192518247,0.221992040169,0.149062120133,0.202584587357,0.0254252961595,0.12494523916,0.000987405062235,0.0432299899715,0.0474224063204,0.0212434818375,0.0563281821651,0.0455867334171,1,0.9,30,9,1,1,20,0.00868405963563,0.000868405963563,0.00868405963563,0.022752119581,0.0333464991036,0.00769685099386,0.00868405963563,0.000868405963563,0.00868405963563,0.235644437853,0.428443252903,0.235643789096
765,0.00621659646999,0.0509504964535,0.0952321312044,0.0924153410822,0.0662760561785,0.0185253534822,0.0547475929953,0.307789457282,0.0177568760206,0.012019970568,0.272609803744,0.00546032451939,1,0.9,30,9,1,1,20,0.00981272512638,0.000981272512638,0.00981272512638,0.0199698765816,0.0170220360595,0.0101993152541,0.00981272512638,0.000981272512638,0.00981272512638,0.238751642118,0.434092699649,0.238750984807
766,0.0347619568712,0.0610587947762,0.0124425916796,0.085920482546,0.0914321319694,0.0127365352256,0.13077364428,0.431030463361,0.00375485128443,0.0402159442198,0.0844454289561,0.0114271748305,1,0.9,30,9,1,1,20,0.0100493950823,0.00100493950823,0.0100493950823,0.0173970178179,0.0208282640556,0.00422575928066,0.0100493950823,0.00100493950823,0.0100493950823,0.23973278464,0.435876590232,0.239732124628
767,0.0546774303899,0.0523220424455,0.0115146876735,0.107365061994,0.0107534049151,0.123830346012,0.0742060768409,0.0110342055838,0.130324353214,0.105189531808,0.255640708984,0.063142150139,1,0.9,30,9,1,1,20,0.00880260212073,0.000880260212073,0.00880260212073,0.0192886635061,0.0139857533818,0.0106662327456,0.00880260212073,0.000880260212073,0.00880260212073,0.240714123338,0.437660837498,0.240713460624
768,0.00361123974996,0.0766594387246,0.00584218507565,0.27687987769,0.0399193806218,0.0498506923083,0.0690633484185,0.0754422145295,0.0106009211676,0.193175331026,0.020713714154,0.178241656533,1,0.9,30,9,1,1,20,0.0095528358843,0.00095528358843,0.0095528358843,0.0206023211416,0.0185122859802,0.00632972531955,0.0095528358843,0.00095528358843,0.0095528358843,0.239495042033,0.435444332137,0.239494382675
769,0.0888301773429,0.140236297808,0.0556169035134,0.00644923574019,0.0386472628246,0.251023542317,0.125367820588,0.0727673768643,0.0138488923189,0.0911363273189,0.0310797401052,0.084996423259,1,0.9,30,9,1,1,20,0.0101662800501,0.00101662800501,0.0101662800501,0.0178130728264,0.0158687990192,0.00814736383766,0.0101662800501,0.00101662800501,0.0101662800501,0.239767065059,0.435938918095,0.239766404952
770,0.0404843275248,0.160262099142,0.0129999917748,0.155687028613,0.163243287777,0.220604474473,0.0862091578925,0.1015586173,0.0161214611825,0.00806131639657,0.0156665261955,0.0191017117282,1,0.9,30,9,1,1,20,0.0499670421347,0.00499670421347,0.0499670421347,0.0370338846374,0.0450026334652,0.034001929337,0.0499670421347,0.00499670421347,0.0499670421347,0.176550352369,0.32099975692,0.176549866306
771,0.114120145613,0.0130430886196,0.0211545224743,0.183461983177,0.0277513693577,0.0149584511079,0.244189627393,0.0209435477473,0.212366262252,0.0553260037897,0.069287160889,0.0233978375794,1,0.9,30,9,1,1,20,0.00887338056688,0.000887338056688,0.00887338056688,0.0218167609793,0.0230486198536,0.00715854131569,0.00887338056688,0.000887338056688,0.00887338056688,0.238519215023,0.433670106095,0.238518558352
772,0.0636461341105,0.0816157665831,0.0729747406943,0.0399075005541,0.186823255295,0.0494139015385,0.0676233415819,0.0572001991639,0.0307400563944,0.0162736534024,0.156494585557,0.177286865124,1,0.9,30,9,1,1,20,0.00921763997977,0.000921763997977,0.00921763997977,0.0224906999033,0.0143430235563,0.00920736044489,0.00921763997977,0.000921763997977,0.00921763997977,0.239707441187,0.435830572254,0.239706814739
773,0.00649143437081,0.00832169638841,0.0308072996699,0.178405856782,0.0141360605429,0.0986920344447,0.0374382116734,0.0330395659187,0.172086175618,0.118588876797,0.135611557248,0.166381230547,1,0.9,30,9,1,1,20,0.00908853222859,0.000908853222859,0.00908853222859,0.0178687479324,0.0208446061619,0.00426199076487,0.00908853222859,0.000908853222859,0.00908853222859,0.240652418011,0.437548646303,0.240651755467
774,0.141084797425,0.035492258601,0.0511024509625,0.0388444292491,0.0907116609131,0.0305148439444,0.0414554148511,0.0135777678999,0.303500027802,0.113849914685,0.137231568717,0.00263486495062,1,0.9,30,9,1,1,20,0.00843256243651,0.000843256243651,0.00843256243651,0.0248955706784,0.0125671781202,0.0120879309484,0.00843256243651,0.000843256243651,0.00843256243651,0.239651835462,0.435729498424,0.239651224133
775,0.190398502687,0.0150637379107,0.281803091647,0.0282908509052,0.0196000049021,0.038995515915,0.061083388541,0.0471488752981,0.102172110534,0.0130931237475,0.127465630518,0.0748851673943,1,0.9,30,9,1,1,20,0.00915921784305,0.000915921784305,0.00915921784305,0.0200961181524,0.0207197230868,0.00811685505788,0.00915921784305,0.000915921784305,0.00915921784305,0.239014379065,0.434570457869,0.239013751828
776,0.28313790069,0.0288791431879,0.0416616395511,0.19750162514,0.0836247871114,0.0188857473736,0.0729604225807,0.0360908646101,0.0897754839846,0.0355096538607,0.0522773218983,0.0596954100112,1,0.9,30,9,1,1,20,0.00262067596283,0.000262067596283,0.00262067596283,0.0171723234295,0.00501361152779,0.00696667540463,0.00262067596283,0.000262067596283,0.00262067596283,0.251387305541,0.457066609712,0.251386635341
777,0.0101587934762,0.0188730321335,0.0801484233544,0.121582610909,0.282744249683,0.00824135273922,0.0904788563392,0.172381591508,0.0168872976248,0.0282247171386,0.0632259045312,0.107053170563,1,0.9,30,9,1,1,20,0.00886733764655,0.000886733764655,0.00886733764655,0.0216211756225,0.0161659446204,0.00929312137448,0.00886733764655,0.000886733764655,0.00886733764655,0.239820638353,0.436036323816,0.239819978099
778,0.0430673799116,0.120630789174,0.112472286961,0.0189835353146,0.152007186527,0.0396828408685,0.107069898839,0.0779384682093,0.0207269375677,0.109559789095,0.106646491142,0.0912143963901,1,0.9,30,9,1,1,20,0.00413263458171,0.000413263458171,0.00413263458171,0.0159772713302,0.0115454686332,0.00365847907288,0.00413263458171,0.000413263458171,0.00413263458171,0.249192860493,0.453076680792,0.249192174436
779,0.0288733204085,0.152900062885,0.100924033025,0.0515985766918,0.081368734349,0.0432153264882,0.19433800993,0.0610028056563,0.0219374373418,0.112886574439,0.00487960866515,0.146075510119,1,0.9,30,9,1,1,20,0.00895119520804,0.000895119520804,0.00895119520804,0.0186647994528,0.0148217836396,0.00694625061249,0.00895119520804,0.000895119520804,0.00895119520804,0.241469386172,0.439034038871,0.241468721379
780,0.0816160680911,0.0816182544242,0.0133780026733,0.0118164961185,0.198328635736,0.0812018725425,0.000998671216967,0.0907888997041,0.0571929737888,0.229833220627,0.12941692466,0.0238099804179,1,0.9,30,9,1,1,20,0.00754988195818,0.000754988195818,0.00754988195818,0.021593149653,0.0207196422172,0.00883653044908,0.00754988195818,0.000754988195818,0.00754988195818,0.240204128777,0.436733577213,0.240203467467
781,0.0190363496508,0.0315934113521,0.0555846036493,0.019288560956,0.158800151051,0.0768560073276,0.0038773024798,0.0966142549965,0.229916198277,0.0339591738683,0.143238427242,0.131235559149,1,0.9,30,9,1,1,20,0.00831391773876,0.000831391773876,0.00831391773876,0.0252543475864,0.0130638978978,0.00961187467058,0.00831391773876,0.000831391773876,0.00831391773876,0.240206720728,0.436738519106,0.240206185508
782,0.0320987314459,0.174252704117,0.198891441643,0.112688224258,0.0868660047473,0.045199934116,0.0301166143784,0.0790646803394,0.0379297477158,0.134026896096,0.0218798269704,0.0469851941717,1,0.9,30,9,1,1,20,0.00864466668252,0.000864466668252,0.00864466668252,0.0210003771921,0.0162543191578,0.00769676025939,0.00864466668252,0.000864466668252,0.00864466668252,0.240623116974,0.437495371839,0.240622454511
783,0.0827487566228,0.0191715768785,0.057271871322,0.146971644401,0.0611073535507,0.0902686608366,0.110170992655,0.148450577442,0.169237889006,0.00361865625506,0.0902155518672,0.0207664691633,1,0.9,30,9,1,1,20,0.0106922895763,0.00106922895763,0.0106922895763,0.0224031782786,0.0146729918062,0.0097348927462,0.0106922895763,0.00106922895763,0.0106922895763,0.237883661335,0.432514619106,0.237883040508
784,0.053629061863,0.0880533383579,0.112062358023,0.0174561979405,0.0097627523075,0.0334386813896,0.117572652921,0.0878882292074,0.193551780311,0.144239045858,0.0326788275976,0.109667074224,1,0.9,30,9,1,1,20,0.0084726820979,0.00084726820979,0.0084726820979,0.0189934022808,0.0146472497554,0.010420259056,0.0084726820979,0.00084726820979,0.0084726820979,0.241045538988,0.438263409748,0.241044875361
785,0.0709344864168,0.323490619822,0.0100599324804,1.68632481296e-05,0.0426172564867,0.276579795244,0.0585000639433,0.0364414438051,0.0380768112199,0.122998482923,0.0170839230985,0.00320032131256,1,0.9,30,9,1,1,20,0.0102937507445,0.00102937507445,0.0102937507445,0.0186767361588,0.0139525983166,0.00652063342132,0.0102937507445,0.00102937507445,0.0102937507445,0.240328561428,0.436959817773,0.240327899775
786,0.282994013328,0.0669389657108,0.100418338203,0.0203010179144,0.0672514371148,0.083976494127,0.015690175472,0.00773995336554,0.0581497975201,0.038951443509,0.018834595009,0.238753768726,1,0.9,30,9,1,1,20,0.0112759046098,0.00112759046098,0.0112759046098,0.0159193338704,0.0133961728522,0.00392157197645,0.0112759046098,0.00112759046098,0.0112759046098,0.240796806965,0.437811170952,0.240796144023
787,0.0140246563887,0.0712417478086,0.00153815321605,0.143723166783,0.0423863311292,0.0266269907272,0.254650675092,0.264432586875,0.00598878228287,0.0171465912523,0.0110392828474,0.147201035598,1,0.9,30,9,1,1,20,0.00900097285928,0.000900097285928,0.00900097285928,0.0221410701024,0.0156972129137,0.0099808024622,0.00900097285928,0.000900097285928,0.00900097285928,0.239480132201,0.435417223427,0.239479472885
788,0.0581040446007,0.0831401509457,0.0157267905823,0.0924447135626,0.279159763988,0.0406666137431,0.0655455445135,0.021563724535,0.134980675873,0.00114778523431,0.188017420526,0.0195027718957,1,0.9,30,9,1,1,20,0.00814701333511,0.000814701333511,0.00814701333511,0.0234974307561,0.0230130247567,0.00668547800473,0.00814701333511,0.000814701333511,0.00814701333511,0.239011251116,0.434564747974,0.239010611385
789,0.0291558420183,0.0179320637926,0.0971806289448,0.0517379844315,0.0544003219363,0.0255549966777,0.0359378052398,0.0895997371219,0.0316445776349,0.273558525865,0.165531211566,0.127766304771,1,0.9,30,9,1,1,20,0.0068316978666,0.00068316978666,0.0068316978666,0.0316594653351,0.0224393420181,0.00690397055518,0.0068316978666,0.00068316978666,0.0068316978666,0.238413296649,0.433477931873,0.23841286253
790,0.00206345586837,0.159281752282,0.120240896063,0.155776373092,0.0677567787989,0.000506566673398,0.0618702739061,0.144913208681,0.0176611514255,0.0858238808493,0.0839698900142,0.100135772345,1,0.9,30,9,1,1,20,0.00327192833969,0.000327192833969,0.00327192833969,0.0167535146678,0.0045907241265,0.00725010297334,0.00327192833969,0.000327192833969,0.00327192833969,0.25081714924,0.456029941913,0.250816468052
791,0.0281902196438,0.0209287567785,0.0623884405673,0.30031682036,0.0981614052595,0.283356567408,0.0507590206844,0.030449846289,0.0421330800483,0.01475606877,0.0453692681137,0.0231905060774,1,0.9,30,9,1,1,20,0.0138880660533,0.00138880660533,0.0138880660533,0.0188853767009,0.0125142807438,0.0110495215227,0.0138880660533,0.00138880660533,0.0138880660533,0.235510725708,0.428200140581,0.23551007732
792,0.0372537078566,0.0491929458335,0.228517680585,0.0923775949607,0.162434999144,0.0258017400172,0.0539353653179,0.0769651671558,0.012701148268,0.00712197732859,0.149373513151,0.104324160381,1,0.9,30,9,1,1,20,0.00858113154182,0.000858113154182,0.00858113154182,0.0235950550352,0.0169741264223,0.00623026593875,0.00858113154182,0.000858113154182,0.00858113154182,0.240208970254,0.436742470886,0.240208358987
793,0.0967150996706,0.0510183633164,0.0544535519806,0.0235232549744,0.0201439308736,0.0291212339513,0.156258374014,0.090195279879,0.100812512005,0.0951620447934,0.145337551043,0.1372588035,1,0.9,30,9,1,1,20,0.0077350658097,0.00077350658097,0.0077350658097,0.0278911055933,0.0189767852378,0.00796096986831,0.0077350658097,0.00077350658097,0.0077350658097,0.239036615811,0.434611127154,0.239036119935
794,0.0408578953644,0.00368161036646,0.0453284882122,0.0280043894635,0.0370864772846,0.178025658319,0.126495854399,0.1562509222,0.00579578906791,0.129227066956,0.05442599722,0.194819851147,1,0.9,30,9,1,1,20,0.00855948310922,0.000855948310922,0.00855948310922,0.0213579384535,0.0125606963558,0.00905852741286,0.00855948310922,0.000855948310922,0.00855948310922,0.241233897248,0.438605878369,0.241233233103
795,0.0912509740093,0.0422396556059,0.0675712188826,0.157218883776,0.00754449946256,0.0457029828624,0.0455578502718,0.0241371373763,0.0429403326329,0.219434510315,0.159489769798,0.0969121850071,1,0.9,30,9,1,1,20,0.00960751048756,0.000960751048756,0.00960751048756,0.0173542314473,0.00832098272314,0.00963337507227,0.00960751048756,0.000960751048756,0.00960751048756,0.24208950465,0.440161523909,0.24208883815
796,0.0247938627661,0.0191569002267,0.00015340089855,0.0169228895452,0.205772144254,0.083582736865,0.0775074746031,0.144257489074,0.0700562099015,0.173497619017,0.0346961709762,0.149603101873,1,0.9,30,9,1,1,20,0.00757872102184,0.000757872102184,0.00757872102184,0.0164455102955,0.0103973706378,0.00686917498364,0.00757872102184,0.000757872102184,0.00757872102184,0.244739318128,0.444979353331,0.244738644332
797,0.0376878618725,0.0845433083855,0.0931590333437,0.090051583296,0.100540190874,0.0469942380002,0.046259744008,0.0181415665225,0.135889346839,0.0448055258025,0.0566636775358,0.24526392352,1,0.9,30,9,1,1,20,0.0078199183057,0.00078199183057,0.0078199183057,0.0212748578637,0.0220281594264,0.00750864166608,0.0078199183057,0.00078199183057,0.0078199183057,0.239995524013,0.436354296869,0.239994863278
798,0.0240293497356,0.0502802320999,0.139240852954,0.0148477898042,0.168307528979,0.0524687772206,0.0478835826314,0.128846840566,0.0405432867847,0.120903785311,0.00524113750483,0.207406836409,1,0.9,30,9,1,1,20,0.0075510277241,0.00075510277241,0.0075510277241,0.0236685921237,0.0207756072685,0.00791952474292,0.0075510277241,0.00075510277241,0.0075510277241,0.239884810167,0.436152999521,0.239884149736
799,0.0375612625125,0.126688861271,0.0324760436284,0.00461017733603,0.00814554420477,0.121009345321,0.090991991216,0.131163875645,0.093136767127,0.061915861963,0.210084931459,0.0822153383164,1,0.9,30,9,1,1,20,0.00887424768194,0.000887424768194,0.00887424768194,0.0210238035473,0.0155263883209,0.00899526879166,0.00887424768194,0.000887424768194,0.00887424768194,0.24021497797,0.436753368455,0.24021435265
800,0.0876756055284,0.0577545431867,0.103563964933,0.268489173145,0.0935517540573,0.0299518440335,0.0436302448515,0.0292380785716,0.0274530482919,0.0711529675204,0.142318720816,0.0452200550648,1,0.9,30,9,1,1,20,0.00892443994128,0.000892443994128,0.00892443994128,0.0182429927257,0.0157564343518,0.00676389161787,0.00892443994128,0.000892443994128,0.00892443994128,0.241412261257,0.438930175674,0.241411596621
801,0.0264036237122,0.127480635565,0.000136047851019,0.0869636016276,0.0670595406176,0.229115522855,0.106746115649,0.0515814982013,0.12060857478,0.0268951930283,0.0147359700124,0.1422736761,1,0.9,30,9,1,1,20,0.00878267870103,0.000878267870103,0.00878267870103,0.0195987506317,0.0171818197299,0.00673491942206,0.00878267870103,0.000878267870103,0.00878267870103,0.240847390759,0.437903141234,0.240846727679
802,0.162674851316,0.0599091510877,0.04165541151,0.0715866468806,0.137539422077,0.0698166093638,0.0139563993936,0.0225987092985,0.0156636981089,0.0850262768985,0.214209466028,0.105363358037,1,0.9,30,9,1,1,20,0.00802210240719,0.000802210240719,0.00802210240719,0.0170208026356,0.0193721333792,0.00681502335141,0.00802210240719,0.000802210240719,0.00802210240719,0.241764570227,0.439570735675,0.241763904621
803,0.0066284011552,0.00508041321738,0.114884054863,0.109960561599,0.0544525082208,0.132778168676,0.182171687698,0.0411310613318,0.236305350721,0.0545375988655,0.0496735061743,0.0123966874787,1,0.9,30,9,1,1,20,0.00925104380776,0.000925104380776,0.00925104380776,0.0173212999903,0.0251817680534,0.00668571237523,0.00925104380776,0.000925104380776,0.00925104380776,0.238846323243,0.434264846675,0.238845665671
804,0.0299022504382,0.0613185004051,0.0501150993828,0.0270438442265,0.00405742485972,0.111405312852,0.0516592269094,0.159438076582,0.206652488819,0.0402861756233,0.218242269216,0.0398793306862,1,0.9,30,9,1,1,20,0.00761303124378,0.000761303124378,0.00761303124378,0.0285798251558,0.0159412753439,0.00917558566611,0.00761303124378,0.000761303124378,0.00761303124378,0.239467391367,0.435394316932,0.239466874312
805,0.0402785004518,0.131989007496,0.238737460997,0.0386465970445,0.041381746001,0.0417665850653,0.108085642758,0.0126079993688,0.112613916488,0.0602020717527,0.00887410503658,0.164816367541,1,0.9,30,9,1,1,20,0.00812023628311,0.000812023628311,0.00812023628311,0.0275034732508,0.0187562027279,0.00927319249708,0.00812023628311,0.000812023628311,0.00812023628311,0.238428570426,0.433505528199,0.23842804051
806,0.222531427633,0.157993263182,0.0513487998027,0.047100075991,0.0693414950338,0.0159718809157,0.0840924000448,0.158828247481,0.169593456168,0.0144083221105,0.00709826492591,0.00169236671117,1,0.9,30,9,1,1,20,0.161051592258,0.0161051592258,0.161051592258,0.0472236774925,0.0872094096209,0.0585782744412,0.161051592258,0.0161051592258,0.161051592258,0.034197485219,0.0621770746716,0.0341973910694
807,0.0892005926838,0.0451390413099,0.0182819645971,0.107980264795,0.0663467137431,0.143560055915,0.0397063691642,0.0321743468183,0.00576329640516,0.0611709954135,0.216869825058,0.173806534097,1,0.9,30,9,1,1,20,0.0095814817552,0.00095814817552,0.0095814817552,0.0199544899642,0.0157522225457,0.00979565287462,0.0095814817552,0.00095814817552,0.0095814817552,0.239448332376,0.435359405721,0.239447673147
808,0.0210974064364,0.0132545587832,0.139215477224,0.0380992602574,0.111380083558,0.019201504667,0.0711272843232,0.186255860967,0.0427764295158,0.0105834890141,0.0770456003042,0.269963044951,1,0.9,30,9,1,1,20,0.00854506281448,0.000854506281448,0.00854506281448,0.0215513667045,0.0093699797606,0.0123109151137,0.00854506281448,0.000854506281448,0.00854506281448,0.241182947732,0.438513243141,0.241182283727
809,0.0413454425692,0.00748644299037,0.0200958491359,0.111564241888,0.0333538634165,0.0083472813347,0.133961232549,0.0587352152147,0.111648275023,0.160328215635,0.039571172975,0.273562767269,1,0.9,30,9,1,1,20,0.00264075374577,0.000264075374577,0.00264075374577,0.0184970340453,0.00737604699625,0.00897995798193,0.00264075374577,0.000264075374577,0.00264075374577,0.249872239289,0.454311971584,0.249871584371
810,0.00429532002532,0.0932941810871,0.0462356388616,0.35237725886,0.0370123502603,0.114631515425,0.029696812289,0.0279671151405,0.0341788393586,0.0802522061916,0.154467324133,0.0255914383681,1,0.9,30,9,1,1,20,0.0088893334045,0.00088893334045,0.0088893334045,0.0214569330815,0.0134383200787,0.0101888063971,0.0088893334045,0.00088893334045,0.0088893334045,0.240319253619,0.436942894532,0.240318591993
811,0.0121224342461,0.126291411457,0.150828845147,0.0183955442684,0.0971523182731,2.31216507011e-05,0.0375332893353,0.211282659857,0.000906378666122,0.0248208870308,0.186848308228,0.13379480184,1,0.9,30,9,1,1,20,0.00813298779944,0.000813298779944,0.00813298779944,0.0249700819041,0.0131430519303,0.00881793653015,0.00813298779944,0.000813298779944,0.00813298779944,0.240667401519,0.437576115716,0.240666863644
812,0.391362238692,0.126055649364,0.0574353328753,0.081764673561,0.0415483439428,0.0315033378076,0.0576476948855,0.0192888540523,0.0117433281923,0.0695122037067,0.0417300931839,0.0704082497364,1,0.9,30,9,1,1,20,0.00331586959279,0.000331586959279,0.00331586959279,0.016946081752,0.0138033435176,0.00295051180325,0.00331586959279,0.000331586959279,0.00331586959279,0.24943163176,0.453510825082,0.249430953795
813,0.0051339719975,0.0146754321806,0.00923668316169,0.023072389503,0.0408272024309,0.340849286582,0.0872150098364,0.000407665064469,0.151082713183,0.168711167746,0.0758641565798,0.0829243217352,1,0.9,30,9,1,1,20,0.0079200441126,0.00079200441126,0.0079200441126,0.0173995503286,0.0207509003652,0.00687288246465,0.0079200441126,0.00079200441126,0.0079200441126,0.241401378572,0.43891038903,0.241400713966
814,0.176668175082,0.0307905413854,0.0587609672993,0.0114496046656,0.357242578477,0.10657577408,0.00244418627478,0.16016799896,0.0423494574803,0.00226693669363,0.0259560896081,0.0253276899942,1,0.9,30,9,1,1,20,0.022193837847,0.0022193837847,0.022193837847,0.0346191548186,0.0334591610862,0.0160638113398,0.022193837847,0.0022193837847,0.022193837847,0.215454754288,0.391734838393,0.215454161116
815,0.0131138236786,1.48227118222e-05,0.114351954144,0.085865676188,0.0170355431873,0.129765581473,0.160688376306,0.0520462143726,0.0509316564138,0.134450224023,0.202145689623,0.0395904378788,1,0.9,30,9,1,1,20,0.00759702705901,0.000759702705901,0.00759702705901,0.0282833268041,0.0244994548771,0.00823100956689,0.00759702705901,0.000759702705901,0.00759702705901,0.23756864404,0.431941968428,0.237568082636
816,0.104241972759,0.134589411578,0.131744857713,0.168531733981,0.0590930122958,0.00746027610077,0.020382112422,0.0107555696454,0.023298253238,0.157144048953,0.0464176115956,0.136341139719,1,0.9,30,9,1,1,20,0.0113739680515,0.00113739680515,0.0113739680515,0.0160452713956,0.0156282475762,0.00560725708263,0.0113739680515,0.00113739680515,0.0113739680515,0.239629871215,0.435689475429,0.239629211486
817,0.039956927801,0.306889825594,0.0224162577556,0.0167907003114,0.0206905953273,0.158899768992,0.0792519966421,0.0108682118483,0.0930625417495,0.0707366856137,0.117612766646,0.0628237217187,1,0.9,30,9,1,1,20,0.00930336906164,0.000930336906164,0.00930336906164,0.0187275927155,0.0104666871341,0.00787682293888,0.00930336906164,0.000930336906164,0.00930336906164,0.24196244927,0.439930514763,0.24196178312
818,0.0101451988965,0.12945337543,0.0384832625045,0.24335409069,0.135905445403,0.0367015521823,0.109121540187,0.033842706584,0.0466546432213,0.00289387275562,0.0339950116914,0.179449300455,1,0.9,30,9,1,1,20,0.00888001093328,0.000888001093328,0.00888001093328,0.0203228354628,0.0133061669118,0.0116180850991,0.00888001093328,0.000888001093328,0.00888001093328,0.240286778029,0.436883928115,0.240286160463
819,0.155715378745,0.0340351452075,0.0492666826412,0.0465870109515,0.0929434745892,0.0670356158606,0.0320065681622,0.0625213704894,0.0637221879837,0.10913702271,0.154712732934,0.132316809726,1,0.9,30,9,1,1,20,0.00900281781361,0.000900281781361,0.00900281781361,0.0183502942033,0.0124538023708,0.00705026080891,0.00900281781361,0.000900281781361,0.00900281781361,0.24208791779,0.440158638716,0.242087251294
820,0.00858422660544,0.0619599388086,0.213189872453,0.0464641132538,0.0960978836082,0.0230779754195,0.0320828528382,0.0135876763711,0.0781204020007,0.142996442338,0.0124091152908,0.271429501012,1,0.9,30,9,1,1,20,0.00801492322009,0.000801492322009,0.00801492322009,0.0218158329462,0.0160420415947,0.00780259103365,0.00801492322009,0.000801492322009,0.00801492322009,0.241130120516,0.438417249281,0.241129487104
821,0.0886554309336,0.238105989568,0.00225283694388,0.0471720108214,0.0239446579111,0.194095410372,0.0865352145523,0.0627801565512,0.0789492432584,0.0520297417825,0.0464719677849,0.07900733952,1,0.9,30,9,1,1,20,0.00828131583084,0.000828131583084,0.00828131583084,0.0268173524949,0.0146516021023,0.0158644573877,0.00828131583084,0.000828131583084,0.00828131583084,0.237779904059,0.432325908043,0.237779249424
822,0.111655970665,0.0964043203861,0.0605616818628,0.044205764495,0.0548397596164,0.0229599022167,0.0569049978793,0.171901132736,0.0725386045381,0.0899721497873,0.0822399749212,0.135815740896,1,0.9,30,9,1,1,20,0.00963054893541,0.000963054893541,0.00963054893541,0.0162795828828,0.0127975349657,0.00537105609531,0.00963054893541,0.000963054893541,0.00963054893541,0.242289509628,0.440525168322,0.242288842577
823,0.0943847930553,0.082472500987,0.259195744583,0.0415121201991,0.0548362523625,0.0101279803652,0.0183221831619,0.0590078944556,0.0187377929625,0.165400909492,0.136543877478,0.059457950899,1,0.9,30,9,1,1,20,0.00904646573973,0.000904646573973,0.00904646573973,0.0178142961189,0.0198182810954,0.00418150068474,0.00904646573973,0.000904646573973,0.00904646573973,0.241002833207,0.438185763088,0.241002169699
824,0.254656353724,0.280482666078,0.0411143876246,0.0186589521686,0.0512710653148,0.0494478410174,0.044738265743,0.0715974054657,0.0147227156079,0.00104094543657,0.0302614088884,0.142007992931,1,0.9,30,9,1,1,20,0.00848318827978,0.000848318827978,0.00848318827978,0.0254513380229,0.0121519106596,0.012794953749,0.00848318827978,0.000848318827978,0.00848318827978,0.23937411935,0.435224701576,0.239373585867
825,0.0299612550265,0.00866700133027,0.1341076787,0.0359947758683,0.211013075871,0.0410436025371,0.0113936382624,0.132186892571,0.0872754107173,0.0515083214233,0.202729357538,0.0541189901545,1,0.9,30,9,1,1,20,0.0104152753951,0.00104152753951,0.0104152753951,0.0209157281958,0.0183318039352,0.00669747020194,0.0104152753951,0.00104152753951,0.0104152753951,0.238415205604,0.4334810551,0.238414580305
826,0.0275084835305,0.0546729165466,0.0663331847433,0.0244545901428,0.0322556651828,0.089498021393,0.0610825862732,0.21786548911,0.146429948723,0.0526261329281,0.0355809520228,0.191692029404,1,0.9,30,9,1,1,20,0.00798184987204,0.000798184987204,0.00798184987204,0.0236440213694,0.0234227352385,0.00770917263516,0.00798184987204,0.000798184987204,0.00798184987204,0.23877908406,0.434142720796,0.238778496438
827,0.0179619225037,0.0252525766902,0.00368829701518,0.0733301247231,0.0517375116692,0.0541855577598,0.048841426579,0.193804401248,0.0141879583678,0.398457772971,0.0897260176742,0.0288264327997,1,0.9,30,9,1,1,20,0.00866021586513,0.000866021586513,0.00866021586513,0.0208305608895,0.0132912671415,0.00729958359994,0.00866021586513,0.000866021586513,0.00866021586513,0.241530550307,0.439145246083,0.241529885346
828,0.036666698928,0.0421312257125,0.123732312587,0.120762062556,0.122730745934,0.0935493762596,0.0750352587888,0.179701500087,0.0182289885327,0.0317168166686,0.116856695748,0.0388883181966,1,0.9,30,9,1,1,20,0.00912224700227,0.000912224700227,0.00912224700227,0.0192179986232,0.00965411536349,0.0114472542982,0.00912224700227,0.000912224700227,0.00912224700227,0.24131094601,0.438745966642,0.241310281653
829,0.0377055751125,0.150805748842,0.0334394673519,0.0861054496428,0.189855796225,0.103757446001,0.149458565338,0.00885862337616,0.0460215640936,0.0222537335525,0.0255217026149,0.14621632785,1,0.9,30,9,1,1,20,0.00846660140057,0.000846660140057,0.00846660140057,0.0212382530975,0.0132836502657,0.0116958420591,0.00846660140057,0.000846660140057,0.00846660140057,0.240487317201,0.437248523545,0.24048668795
830,0.0575054485395,0.0571558614343,0.050881772868,0.0895935236475,0.0152485497024,0.0284168319602,0.151452512895,0.00919940961751,0.210671903692,0.0829683218142,0.219691541746,0.0272143220834,1,0.9,30,9,1,1,20,0.00882081646728,0.000882081646728,0.00882081646728,0.0197652960022,0.00785586613202,0.0127794036405,0.00882081646728,0.000882081646728,0.00882081646728,0.24162125422,0.439310161834,0.241620589009
831,0.0327946537375,0.0740117610023,0.0201860178298,0.212457476689,0.0432954796243,0.0646627671383,0.0675003078491,0.027123626007,0.0860374139693,0.0576125412448,0.259383092881,0.0549348620278,1,0.9,30,9,1,1,20,0.0079189981769,0.00079189981769,0.0079189981769,0.0279894808101,0.014299839702,0.0103997043027,0.0079189981769,0.00079189981769,0.0079189981769,0.239394713913,0.435262238019,0.23939423091
832,0.00926830294995,0.0700383790371,0.222795998069,0.0817211868277,0.200651751181,0.0989491242229,0.040899187386,0.101326476148,0.0848116680303,0.00501340942057,0.00412771935711,0.08039679737,1,0.9,30,9,1,1,20,0.0127794885041,0.00127794885041,0.0127794885041,0.0186082107394,0.0235005365628,0.00588640437132,0.0127794885041,0.00127794885041,0.0127794885041,0.235277643877,0.427776356601,0.235276996131
833,0.0131059740687,0.0776597238933,0.17003153515,0.0619682462679,0.144502826558,0.0243978680395,0.0949005839592,0.0695240108682,0.148577261942,0.0413802215234,0.0842320432091,0.0697197045209,1,0.9,30,9,1,1,20,0.0103631431192,0.00103631431192,0.0103631431192,0.017650773305,0.0155995577414,0.0120375585985,0.0103631431192,0.00103631431192,0.0103631431192,0.23864467546,0.433898215352,0.238644018443
834,0.151623255222,0.133237701124,0.0400933387257,0.0498767504918,0.0409983970042,0.101277208732,0.0714515299298,0.00227886756117,0.154751681226,0.0727188270693,0.109976203238,0.0717162396761,1,0.9,30,9,1,1,20,0.00831579071801,0.000831579071801,0.00831579071801,0.0279191005674,0.0205000263547,0.0121478885724,0.00831579071801,0.000831579071801,0.00831579071801,0.236894980586,0.430717214777,0.236894468127
835,0.169773181074,0.135284360652,0.0246605360669,0.0263813218877,0.0224921351956,0.0512582106633,0.00554550956026,0.000803109434461,0.105290488511,0.0362837818375,0.0687862624167,0.3534411027,1,0.9,30,9,1,1,20,0.00774805576533,0.000774805576533,0.00774805576533,0.0247105816676,0.0211676342265,0.00575615949428,0.00774805576533,0.000774805576533,0.00774805576533,0.239859015739,0.436106306231,0.239858468427
836,0.0054348555358,0.0578823104584,0.241145997129,0.165850096758,0.0898183585286,0.0892768828767,0.196836937569,0.0972995033132,0.0154902149186,0.000196351030039,0.0253555427305,0.0154129491521,1,0.9,30,9,1,1,20,0.0824284076343,0.00824284076343,0.0824284076343,0.0366665138639,0.0565822462914,0.0411418097278,0.0824284076343,0.00824284076343,0.0824284076343,0.13603613031,0.247338056608,0.136035931135
837,0.0965131486214,0.0882212684665,0.00815709010569,0.0680812748305,0.109137519365,0.0405627003424,0.142382138953,0.0887528000003,0.13447996298,0.0349559271323,0.0419693556977,0.146786813505,1,0.9,30,9,1,1,20,0.00897935171284,0.000897935171284,0.00897935171284,0.022931609533,0.0172845829717,0.00654052403264,0.00897935171284,0.000897935171284,0.00897935171284,0.239782115915,0.435966380873,0.23978150948
838,0.0450133772862,0.0777055743413,0.131494412338,0.0867460080396,0.146928022046,0.060810129821,0.0758590328033,0.0393805335023,0.147486178336,0.0711822010424,0.0996888489734,0.017705681471,1,0.9,30,9,1,1,20,0.00231619137274,0.000231619137274,0.00231619137274,0.0177645615001,0.00536784259004,0.0073830945856,0.00231619137274,0.000231619137274,0.00231619137274,0.251365286556,0.457026587744,0.251364623259
839,0.0830532193319,0.00612148825356,0.263668608475,0.0227934275737,0.0434950230475,0.0678452098881,0.0357607029881,0.0892463623832,0.0686770061391,0.0320536151257,0.0851299893777,0.202155347416,1,0.9,30,9,1,1,20,0.00690922004522,0.000690922004522,0.00690922004522,0.0272630544711,0.0195819038846,0.0118130082047,0.00690922004522,0.000690922004522,0.00690922004522,0.238942203981,0.434439422754,0.238941682515
840,0.142734423562,0.045162611631,0.124340862258,0.0679983567052,0.0728053567996,0.0488684614108,0.122698105785,0.0624159237778,0.21736376888,0.043851967628,0.0261384522172,0.0256217093443,1,0.9,30,9,1,1,20,0.0101904310026,0.00101904310026,0.0101904310026,0.0290277007159,0.0242581903652,0.00904148366886,0.0101904310026,0.00101904310026,0.0101904310026,0.23437179183,0.426129692393,0.234371330816
841,0.0141351697652,0.0899194162486,0.0621773491372,0.015579478316,0.090499067744,0.0599798034347,0.0397623876787,0.157876588277,0.0653918649576,0.0131311956406,0.19243757893,0.199110099871,1,0.9,30,9,1,1,20,0.0087442427425,0.00087442427425,0.0087442427425,0.0232966854983,0.0235174473985,0.00782636803978,0.0087442427425,0.00087442427425,0.0087442427425,0.237975892126,0.432682443496,0.237975343923
842,0.0483033563781,0.191284955562,0.0658323554284,0.0166934324808,0.0518815549322,0.072163860083,0.0062323350612,0.20414943023,0.161800016378,0.0101140846579,0.0676055348006,0.103939084008,1,0.9,30,9,1,1,20,0.00917808544192,0.000917808544192,0.00917808544192,0.0192422855862,0.0122053371031,0.00856091249601,0.00917808544192,0.000917808544192,0.00917808544192,0.241330932436,0.438782305498,0.241330268024
843,0.0651280908972,0.164996935714,0.0390980569172,0.125317499691,0.116020723502,0.00903586265563,0.115903494288,0.0736236358004,0.0767539012637,0.00203604486246,0.0163101111508,0.195775643258,1,0.9,30,9,1,1,20,0.00951770279445,0.000951770279445,0.00951770279445,0.0184325505897,0.0233641616645,0.00712741778437,0.00951770279445,0.000951770279445,0.00951770279445,0.238622311097,0.433857552986,0.238621654142
844,0.350909119044,0.0371240856498,0.0022151837691,0.0649978137229,0.0101282385396,0.014605827175,0.290622582416,0.0294409602211,0.0583122232892,0.115781203146,0.0128258979368,0.0130368650912,1,0.9,30,9,1,1,20,0.00898219862058,0.000898219862058,0.00898219862058,0.0282980610862,0.0251581956933,0.00938575472409,0.00898219862058,0.000898219862058,0.00898219862058,0.235566092587,0.428301072067,0.235565589637
845,0.133730402717,0.282618779634,0.0717690726573,0.0662600545459,0.00696387809951,0.0488831431873,0.0304999127967,0.0225095362736,0.0293990029199,0.0806905122861,0.18033000604,0.0463456988424,1,0.9,30,9,1,1,20,0.00885065738653,0.000885065738653,0.00885065738653,0.0231244989861,0.0152846521977,0.00587721371428,0.00885065738653,0.000885065738653,0.00885065738653,0.240570637234,0.437400152803,0.240570084041
846,0.113721367715,0.00415254829249,0.0481543262886,0.1117610409,0.18089293841,0.0958945240224,0.0954252726234,0.00646115795961,0.0460580083163,0.110431124332,0.124017243661,0.0630304474791,1,0.9,30,9,1,1,20,0.00779501668349,0.000779501668349,0.00779501668349,0.0292684734815,0.0148678106811,0.0137518265026,0.00779501668349,0.000779501668349,0.00779501668349,0.238169451765,0.433034430645,0.238168936855
847,0.0569313847625,0.00974046715486,0.171896928943,0.0219692873421,0.162519592215,0.104130062087,0.11088366033,0.0245543670981,0.0212733103582,0.108050784075,0.048916347154,0.15913380848,1,0.9,30,9,1,1,20,0.0100649688282,0.00100649688282,0.0100649688282,0.0179627706097,0.0241182235542,0.00675623946694,0.0100649688282,0.00100649688282,0.0100649688282,0.238043075866,0.432804400919,0.238042420506
848,0.0451767697413,0.114254042814,0.106796614856,0.0941961899315,0.116576658405,0.0834889333609,0.0559271637995,0.0337543512131,0.088183350378,0.239592086186,0.0215372516102,0.000516587704679,1,0.9,30,9,1,1,20,0.00844981196254,0.000844981196254,0.00844981196254,0.0203953378,0.0154032113417,0.00766441179254,0.00844981196254,0.000844981196254,0.00844981196254,0.2412273025,0.438593887951,0.241226638373
849,0.110619899887,0.0863288304427,0.154957109128,0.116688440924,0.178553616927,0.0651137080519,0.041623740079,0.0725254426269,0.0494750296188,0.0657265139025,0.0437247658108,0.0146629026008,1,0.9,30,9,1,1,20,0.00996163271257,0.000996163271257,0.00996163271257,0.0197106509467,0.0123819388808,0.00957933529109,0.00996163271257,0.000996163271257,0.00996163271257,0.240033378057,0.436423122214,0.240032717218
850,0.0115550161518,0.00608938788323,0.14318336253,0.085645168511,0.236905702867,0.0642399514065,0.022872100999,0.0729764917671,0.0360135653625,0.150695981177,0.101173204796,0.0686500665483,1,0.9,30,9,1,1,20,0.00924762707481,0.000924762707481,0.00924762707481,0.0187136220306,0.0131898634169,0.00621513298124,0.00924762707481,0.000924762707481,0.00924762707481,0.241749415688,0.439543182044,0.241748750124
851,0.106880985095,0.188920462789,0.157697029961,0.0697187055424,0.143001205947,0.00578372802616,0.0271833417903,0.00369499784297,0.106100670659,0.14186887468,0.0172594008223,0.0318905968452,1,0.9,30,9,1,1,20,0.00972281030816,0.000972281030816,0.00972281030816,0.0174748328645,0.00916058457151,0.0096347532321,0.00972281030816,0.000972281030816,0.00972281030816,0.241710831324,0.439473028848,0.241710165866
852,0.0387182301066,0.012567453428,0.0491007008171,0.167560573549,0.0335593346545,0.0980210257796,0.0971931386688,0.168376866671,0.0743229828444,0.0549384083092,0.0514727153288,0.154168569843,1,0.9,30,9,1,1,20,0.00811497022827,0.000811497022827,0.00811497022827,0.0200160315848,0.0180383934129,0.00948754458621,0.00811497022827,0.000811497022827,0.00811497022827,0.240527292577,0.437321201859,0.240526661022
853,0.0358295010257,0.0433639375016,0.0989637505576,0.0143760372594,0.00581302093871,0.00774931523727,0.0442889942091,0.0138874772256,0.06899329942,0.311346750167,0.296118390315,0.0592695261424,1,0.9,30,9,1,1,20,0.00861143004669,0.000861143004669,0.00861143004669,0.0225845502868,0.0115476789529,0.011508073054,0.00861143004669,0.000861143004669,0.00861143004669,0.240479230994,0.437233845494,0.240478615022
854,0.0251923771559,0.0072265718917,0.144236133354,0.132985425491,0.00209481975788,0.0690953600373,0.0718945794266,0.0986958327204,0.0221225607367,0.0727180035077,0.0786959786774,0.275042357243,1,0.9,30,9,1,1,20,0.00827921882865,0.000827921882865,0.00827921882865,0.0205219173131,0.0198929131604,0.00794555006164,0.00827921882865,0.000827921882865,0.00827921882865,0.240132295207,0.436602971082,0.240131634095
855,0.0117068323987,0.106444821445,0.13985139515,0.0285796998789,0.201532151055,0.232067176151,0.142875851183,0.0142030600356,0.00709408124259,0.0554835204703,0.0240340110055,0.0361273999852,1,0.9,30,9,1,1,20,0.0111174792775,0.00111174792775,0.0111174792775,0.0169621399737,0.0131660357385,0.00766180798007,0.0111174792775,0.00111174792775,0.0111174792775,0.239778645263,0.435959972954,0.239777985125
856,0.113037054695,0.00191132911237,0.0710736471589,0.0549745266165,0.0477554300944,0.0236931194417,0.238098160102,0.0566058159286,0.216454657028,0.0575684358511,0.0482911912959,0.0705366326752,1,0.9,30,9,1,1,20,0.00685591772757,0.000685591772757,0.00685591772757,0.0179185039872,0.00719511438535,0.00863645978622,0.00685591772757,0.000685591772757,0.00685591772757,0.245524445141,0.446406853061,0.245523769184
857,0.029906727464,0.16676125846,0.141135956461,0.0682682276115,0.0163602657425,0.0200768280002,0.056644945898,0.0821404341583,0.0586620043293,0.0591429251277,0.268882388195,0.0320180385521,1,0.9,30,9,1,1,20,0.00848711032936,0.000848711032936,0.00848711032936,0.0211219350304,0.0144814883366,0.00789952753594,0.00848711032936,0.000848711032936,0.00848711032936,0.241175800628,0.438500248442,0.241175136643
858,0.0831910966853,0.0163689339384,0.131216408253,0.0122005870804,0.0847691016615,0.0296454452193,0.0974378768741,0.041785345848,0.137328743043,0.15616104128,0.115876469864,0.0940189502524,1,0.9,30,9,1,1,20,0.00820856815613,0.000820856815613,0.00820856815613,0.0223145542776,0.0141308604919,0.0101460591372,0.00820856815613,0.000820856815613,0.00820856815613,0.240673297116,0.437586608208,0.240672634514
859,0.00309972725616,0.0231139100914,0.0393778103265,0.0289962004474,0.193613261398,0.051759357678,0.0208845713648,0.132910080275,0.30137182059,0.00309345890937,0.0159701221478,0.185809679517,1,0.9,30,9,1,1,20,0.0091350379873,0.00091350379873,0.0091350379873,0.0185774662202,0.012130327151,0.00794196461752,0.0091350379873,0.00091350379873,0.0091350379873,0.241734155674,0.439515436639,0.241733490152
860,0.0137641928763,0.0336438450205,0.0137996758599,0.0204371522274,0.000531964483767,0.137536476696,0.040485305344,0.0596448416161,0.203403004679,0.235183011657,0.092912399893,0.148658129647,1,0.9,30,9,1,1,20,0.00692984312475,0.000692984312475,0.00692984312475,0.0220534018669,0.0230685665189,0.00580918983284,0.00692984312475,0.000692984312475,0.00692984312475,0.240943309735,0.43807754253,0.240942648392
861,0.105300227375,0.0622301359007,0.075300294202,0.0232513263462,0.151060041323,0.0447312214177,0.306722478674,0.0987367130531,0.0384155600484,0.0621724886438,0.00822829326186,0.0238512197538,1,0.9,30,9,1,1,20,0.0115520981084,0.00115520981084,0.0115520981084,0.0214409494528,0.019612027336,0.00851820478776,0.0115520981084,0.00115520981084,0.0115520981084,0.236215005481,0.429480645734,0.236214355154
862,0.181385157877,0.0558011150498,0.0422341766914,0.0281665113009,0.0684132179171,0.217442182694,0.214178292524,0.0311419805674,0.0614852348953,0.0206967065424,0.0402333665818,0.0388220573592,1,0.9,30,9,1,1,20,0.0116880469734,0.00116880469734,0.0116880469734,0.0235153370911,0.0198131023428,0.00764151391746,0.0116880469734,0.00116880469734,0.0116880469734,0.235699031547,0.42854272117,0.235698496643
863,0.22208485405,0.0241909897041,0.0210625619537,0.0741186484839,0.00271093480441,0.0971431588589,0.180755960071,0.0685271775166,0.0716469553257,0.0559154558459,0.0681973181102,0.113645985276,1,0.9,30,9,1,1,20,0.00945809738747,0.000945809738747,0.00945809738747,0.0249538647984,0.020105377873,0.00632914246464,0.00945809738747,0.000945809738747,0.00945809738747,0.238042383701,0.43280336912,0.238041853016
864,0.0503897698676,0.0501064765677,0.0556986531642,0.0613340984563,0.0334889670371,0.00313276876768,0.0407544736481,0.005836661867,0.050481070257,0.0333150723147,0.35806856017,0.257393427883,1,0.9,30,9,1,1,20,0.00743929310546,0.000743929310546,0.00743929310546,0.0252589945661,0.0204175845848,0.0107194038957,0.00743929310546,0.000743929310546,0.00743929310546,0.238951611709,0.434456370453,0.238951003749
865,0.0908862681329,0.3132747781,0.0128202637181,0.00604780980172,0.0678093512078,0.0317831989605,0.2579544296,0.0128861712537,0.186345234784,0.00573167467076,0.000824678350382,0.0136361414198,1,0.9,30,9,1,1,20,0.135822327482,0.0135822327482,0.135822327482,0.0593972458746,0.0967598531852,0.0935965815338,0.135822327482,0.0135822327482,0.135822327482,0.047088619111,0.0856154354015,0.0470884894708
866,0.0042993141804,0.0484918075947,0.122018992957,0.0776066259212,0.201675242288,0.174897021108,0.0742253723844,0.00314699661455,0.0104280561066,0.0573277149121,0.209740500517,0.0161423554164,1,0.9,30,9,1,1,20,0.00532015690377,0.000532015690377,0.00532015690377,0.0192533644062,0.0136192467159,0.00455730440962,0.00532015690377,0.000532015690377,0.00532015690377,0.24625001659,0.447726070246,0.246249338636
867,0.0228193251102,0.00877027666211,0.133459741676,0.0285498501332,0.151370627661,0.0144858961066,0.0263635504948,0.0804239419451,0.109673878696,0.239674303035,0.148918319802,0.0354902886781,1,0.9,30,9,1,1,20,0.0083432908163,0.00083432908163,0.0083432908163,0.0200990979941,0.016414352436,0.00665970539794,0.0083432908163,0.00083432908163,0.0083432908163,0.24142037749,0.438944932422,0.241419712832
868,0.168124646983,0.0960189808498,0.0572596014322,0.262295830872,0.0630588926385,0.0457935772067,0.0268549707263,0.107154131145,0.00521440633541,0.0195687334918,0.085647530069,0.063008698251,1,0.9,30,9,1,1,20,0.00398725939727,0.000398725939727,0.00398725939727,0.0164211846027,0.0116180661566,0.00347718101934,0.00398725939727,0.000398725939727,0.00398725939727,0.249264979528,0.453207805951,0.249264293273
869,0.0795857123299,0.0927009271662,0.0228082250107,0.0326360634718,0.0318506686972,0.101516988957,0.200360673814,0.224368663585,0.0113657994545,0.188946743002,0.0135383477175,0.000321186794073,1,0.9,30,9,1,1,20,0.00745118704587,0.000745118704587,0.00745118704587,0.0312519131515,0.0183541086964,0.0104099100741,0.00745118704587,0.000745118704587,0.00745118704587,0.23799034352,0.432708863848,0.237989875117
870,0.0063094647527,0.0835244323647,0.143256266082,0.118575266469,0.00216281076518,0.0467422949829,0.0284313482731,0.0395978388198,0.0648986293991,0.241259185397,0.120737598046,0.104504864647,1,0.9,30,9,1,1,20,0.00889457957548,0.000889457957548,0.00889457957548,0.0205375518916,0.0147935707468,0.00939884620184,0.00889457957548,0.000889457957548,0.00889457957548,0.240406221053,0.437101016703,0.240405559187
871,0.148359253074,0.222643377865,0.0441128402977,0.208633519856,0.0164642997581,0.212592837464,0.0461940384837,0.0234935337689,0.0310783266843,0.0292601015249,0.000678221166907,0.0164896500561,1,0.9,30,9,1,1,20,0.00776216819163,0.000776216819163,0.00776216819163,0.0165215815789,0.010578667654,0.00578923868581,0.00776216819163,0.000776216819163,0.00776216819163,0.244752960745,0.445004158021,0.244752286911
872,0.246390084765,0.00492339521247,0.00824865163377,0.0871003406862,0.223099198967,0.0246240445504,0.029737290175,0.0861602496173,0.101289855293,0.049143511842,0.0302663844493,0.109016992808,1,0.9,30,9,1,1,20,0.00872701398766,0.000872701398766,0.00872701398766,0.0226177735774,0.0177182481982,0.00793553111738,0.00872701398766,0.000872701398766,0.00872701398766,0.239662940647,0.435749708201,0.23966233951
873,0.0231526691519,0.0851281886859,0.0101461736336,0.0295407476784,0.0596490475386,0.0453393660998,0.175899323349,0.0052181832922,0.279591918514,0.082701832134,0.0255587784363,0.178073771487,1,0.9,30,9,1,1,20,0.0087944470866,0.00087944470866,0.0087944470866,0.0232811714471,0.0132915035356,0.0106020951466,0.0087944470866,0.00087944470866,0.0087944470866,0.239876005629,0.43613712676,0.239875419718
874,0.218855822523,0.0687450266247,0.0830031307669,0.0891551966016,0.136159733256,0.0933051492546,0.0688343391826,0.0181632828538,0.0347283222647,0.0778292677715,0.107501265424,0.00371946347606,1,0.9,30,9,1,1,20,0.010138520169,0.0010138520169,0.010138520169,0.0161408433551,0.0114191222872,0.00701734040186,0.010138520169,0.0010138520169,0.010138520169,0.241696919755,0.439447735155,0.241696254336
875,0.0365496703143,0.0167869669697,0.0390197905749,0.0688999838726,0.0383084874325,0.403361528327,0.0491123640036,0.0157825855023,0.0533649259568,0.00631567737773,0.00957456766768,0.262923452001,1,0.9,30,9,1,1,20,0.00844603755189,0.000844603755189,0.00844603755189,0.0218292296755,0.0165254214018,0.0069382103347,0.00844603755189,0.000844603755189,0.00844603755189,0.240752124832,0.43773010067,0.240751555369
876,0.142490412649,0.0337433555716,0.0599490956192,0.232621272583,0.0641650845945,0.00108577474585,0.136148652799,0.0776771004864,0.0403274353634,0.0446831452714,0.121287525391,0.0458211449257,1,0.9,30,9,1,1,20,0.00771193005309,0.000771193005309,0.00771193005309,0.0242615197917,0.0170017466699,0.0105482007237,0.00771193005309,0.000771193005309,0.00771193005309,0.239852367128,0.436094231912,0.239851827552
877,0.0849687348042,0.0360377405307,0.00709233690616,0.0118770271341,0.100050453093,0.00233349215992,0.0300330730973,0.0892983633202,0.172543319549,0.103435602462,0.262412974134,0.0999168828079,1,0.9,30,9,1,1,20,0.00763228358701,0.000763228358701,0.00763228358701,0.0277731750453,0.0183699561599,0.0118974517349,0.00763228358701,0.000763228358701,0.00763228358701,0.238308526312,0.433287290118,0.238308009565
878,0.120760642285,0.0170577413517,0.10578106065,0.150645755326,0.133222026079,0.0520278357775,0.128885780246,0.0210827371698,0.0540659706532,0.0447622037053,0.0288034817974,0.142904764958,1,0.9,30,9,1,1,20,0.00977255878282,0.000977255878282,0.00977255878282,0.0175340322359,0.0159684334319,0.00573479667447,0.00977255878282,0.000977255878282,0.00977255878282,0.240879010873,0.437960632191,0.240878347705
879,0.0624503996455,0.182810045971,0.0364440406328,0.267049835651,0.0696031993505,0.050896771415,0.0413816864714,0.00881761392806,0.0190547422709,0.0427049600834,0.0451649760062,0.173621728574,1,0.9,30,9,1,1,20,0.00714234742981,0.000714234742981,0.00714234742981,0.0266574313629,0.0226935266603,0.00801390203975,0.00714234742981,0.000714234742981,0.00714234742981,0.239024520439,0.434588877608,0.239023882685
880,0.0100868065123,0.101469506747,0.117915338092,0.049037989666,0.0536426002036,0.00916928001331,0.0165862820389,0.0776546179508,0.240148354653,0.263480497287,0.0379755631885,0.0228331636472,1,0.9,30,9,1,1,20,0.00804873936605,0.000804873936605,0.00804873936605,0.0236444833669,0.0172396053292,0.00812425434009,0.00804873936605,0.000804873936605,0.00804873936605,0.240216118322,0.436755376326,0.240215456979
881,0.0669266977398,0.173049940959,0.129017029217,0.0652527358629,0.209454790761,0.123580737505,0.00964760800869,0.0964221520765,0.0152881065706,0.0809823657583,0.00308102076299,0.0272968147781,1,0.9,30,9,1,1,20,0.010583802161,0.0010583802161,0.010583802161,0.0198682783673,0.0146898039559,0.00669473446536,0.010583802161,0.0010583802161,0.010583802161,0.239458733692,0.435378374479,0.239458105964
882,0.262862515847,0.038982776861,0.036510050779,0.00234289200111,0.00600186179342,0.0637715033196,0.028162004651,0.103234675553,0.144435799198,0.170354532317,0.0716524363106,0.0716889513705,1,0.9,30,9,1,1,20,0.00884834546888,0.000884834546888,0.00884834546888,0.0196905594636,0.010066465096,0.0119773199444,0.00884834546888,0.000884834546888,0.00884834546888,0.241241648546,0.4386199716,0.24124098438
883,0.271502491141,0.034479620277,0.0117527801434,0.0435051100564,0.214301759775,0.0718730715678,0.0305695394123,0.123667786756,0.152911629121,0.00926344362245,0.0116181543162,0.024554613811,1,0.9,30,9,1,1,20,0.0429221786206,0.00429221786206,0.0429221786206,0.034372262115,0.0386232101026,0.0456290570014,0.0429221786206,0.00429221786206,0.0429221786206,0.183622409473,0.333858007162,0.183621903939
884,0.0159287421388,0.00320792350498,0.0850556510483,0.0103862655236,0.0449423320134,0.00635773752934,0.0336423637074,0.317675154417,0.0553354789053,0.103884583173,0.142018522347,0.181565245692,1,0.9,30,9,1,1,20,0.0106859789364,0.00106859789364,0.0106859789364,0.0169745642314,0.0175662186896,0.00455411565926,0.0106859789364,0.00106859789364,0.0106859789364,0.239911532485,0.43620158542,0.239910871981
885,0.154987077508,0.0149250161137,0.133390230421,0.0343347066986,0.0516706179301,0.153147966753,0.115499541525,0.133865003611,0.0154596555954,0.045625255413,0.0394644323513,0.107630496079,1,0.9,30,9,1,1,20,0.00982676641718,0.000982676641718,0.00982676641718,0.0216968303123,0.0172199958775,0.00727248077068,0.00982676641718,0.000982676641718,0.00982676641718,0.238998554008,0.43454175489,0.23899796519
886,0.00204443081511,0.0143615938619,0.141917886539,0.0170533158774,0.0548814371838,0.145349096224,0.22273468516,0.0404958678543,0.00375349207293,0.0633313496246,0.226580615512,0.0674962292739,1,0.9,30,9,1,1,20,0.00816286025756,0.000816286025756,0.00816286025756,0.0270419419048,0.0184000649582,0.00836363082968,0.00816286025756,0.000816286025756,0.00816286025756,0.238834053805,0.434242771239,0.238833524181
887,0.205186086787,0.0753436986037,0.0447798652291,0.00792013858816,0.0500961060485,0.0412588646502,0.0525650531581,0.0175223701307,0.17490095059,0.172190481792,0.0801665391445,0.0780698452778,1,0.9,30,9,1,1,20,0.00768096228474,0.000768096228474,0.00768096228474,0.0205838492468,0.0228354448426,0.00718892181264,0.00768096228474,0.000768096228474,0.00768096228474,0.24020165876,0.436729086285,0.240200997457
888,0.000148517021551,0.152730210117,0.0801923076616,0.0942278139155,0.0068184230677,0.0716029030351,0.030433117821,0.0823037350734,0.0313588391578,0.295271267867,0.00281255675031,0.152100308512,1,0.9,30,9,1,1,20,0.00931300738255,0.000931300738255,0.00931300738255,0.0184125458993,0.0108624240572,0.0104962771167,0.00931300738255,0.000931300738255,0.00931300738255,0.241244665013,0.438625456069,0.241244000838
889,0.00326471352678,0.0273440779307,0.039903652001,0.0763811052119,0.105370007133,0.371245004875,0.123773836032,0.0279247518152,0.113766242063,0.00619220745349,0.00248705355711,0.102347348401,1,0.9,30,9,1,1,20,0.00901651077316,0.000901651077316,0.00901651077316,0.0223826796253,0.0262106150276,0.00622248675964,0.00901651077316,0.000901651077316,0.00901651077316,0.237630568755,0.432054390055,0.23762991453
890,0.00653170104078,0.0680059568414,0.0951267383154,0.0469571426948,0.00810704102026,0.195205234028,0.104479779982,0.164945399456,0.124578471124,0.106554688585,0.0370164607908,0.0424913861229,1,0.9,30,9,1,1,20,0.0100872720569,0.00100872720569,0.0100872720569,0.0231532192056,0.0189325684545,0.013749191996,0.0100872720569,0.00100872720569,0.0100872720569,0.236185795533,0.429427536885,0.236185145287
891,0.135880763577,0.140016863864,0.103896005888,0.157878292782,0.0344182639513,0.0401860876181,0.0336869007404,0.0973800912336,0.0407841480882,0.152869937819,0.0627464426643,0.000256201773128,1,0.9,30,9,1,1,20,0.0080972159801,0.00080972159801,0.0080972159801,0.0281390719907,0.0149790723076,0.00961091611843,0.0080972159801,0.00080972159801,0.0080972159801,0.23918821463,0.434886721185,0.239187696652
892,0.0158238096445,0.05014917413,0.127295616647,0.00754606710241,0.0797032764015,0.198158801214,0.0844193356201,0.0807407422356,0.0647178518168,0.0709063066752,0.206590274545,0.0139487439684,1,0.9,30,9,1,1,20,0.00959588046546,0.000959588046546,0.00959588046546,0.0212088363369,0.0168112006485,0.0075118901695,0.00959588046546,0.000959588046546,0.00959588046546,0.239424704427,0.435316561589,0.239424108874
893,0.114733901825,0.0823859243129,0.147061765623,0.0878496399359,0.0800516655674,0.0242861091894,0.113837972532,0.00709639921341,0.0735932088313,0.220173084556,0.0389854192418,0.00994490917176,1,0.9,30,9,1,1,20,0.00771326443278,0.000771326443278,0.00771326443278,0.0263952843194,0.0137410347593,0.0116353444693,0.00771326443278,0.000771326443278,0.00771326443278,0.239861315505,0.436110522793,0.239860787536
894,0.0961153116777,0.0459682661515,0.0449037169777,0.0492002824315,0.243122252489,0.119710274403,0.107598751218,0.0451571495004,0.0765989549648,0.0918749231112,0.0569540663675,0.0227960507076,1,0.9,30,9,1,1,20,0.00917255207183,0.000917255207183,0.00917255207183,0.019395149209,0.0149441639761,0.00816412742184,0.00917255207183,0.000917255207183,0.00917255207183,0.240683590217,0.437605322886,0.240682927588
895,0.191879300929,0.0134126189163,0.25009712461,0.0182256874217,0.0174396075111,0.0957873597996,0.111385375592,0.0785351267864,0.00527605166574,0.0962936377038,0.0875347984053,0.0341333106597,1,0.9,30,9,1,1,20,0.00889609427562,0.000889609427562,0.00889609427562,0.0188862300292,0.0145626913564,0.00920899052977,0.00889609427562,0.000889609427562,0.00889609427562,0.240947237558,0.438084680367,0.240946574202
896,0.261279168737,0.103553836701,0.033128879842,0.0116006942948,0.242526609547,0.0169070748507,0.0410026454074,0.0198906896403,0.0968418051184,0.0252544015573,0.119408198477,0.0286059958274,1,0.9,30,9,1,1,20,0.00851098534214,0.000851098534214,0.00851098534214,0.0227060484447,0.0152470844932,0.00924480131142,0.00851098534214,0.000851098534214,0.00851098534214,0.240181802361,0.436692983841,0.240181141112
897,0.00664758189968,0.0326195535043,0.0178738571694,0.0988541698336,0.0446113993664,0.0565140775532,0.178068731008,0.185624037697,0.177308475668,0.0597596701693,0.119291872762,0.0228265733694,1,0.9,30,9,1,1,20,0.00932258878335,0.000932258878335,0.00932258878335,0.0190883070503,0.0110656029962,0.00992627541795,0.00932258878335,0.000932258878335,0.00932258878335,0.241153183254,0.438459198962,0.241152559429
898,0.111026838482,0.00154559872142,0.0274999674466,0.093407340707,0.0446536200976,0.256757405006,0.179090482893,0.00555035554367,0.0387745234175,0.0594022282572,0.161069792789,0.0212218466382,1,0.9,30,9,1,1,20,0.00851148632646,0.000851148632646,0.00851148632646,0.0248761402612,0.0122385536575,0.0117981743543,0.00851148632646,0.000851148632646,0.00851148632646,0.239731998648,0.435875413231,0.239731477277
899,0.090071558397,0.043471087293,0.0499394241745,0.0587293219641,0.26863849586,0.0723752558684,0.0146960491246,0.0473523671851,0.00327469201311,0.196090028667,0.121855207627,0.0335065118259,1,0.9,30,9,1,1,20,0.00939251529099,0.000939251529099,0.00939251529099,0.0168652397335,0.0120530390465,0.00609086166421,0.00939251529099,0.000939251529099,0.00939251529099,0.242404427073,0.440734108555,0.242403759705
900,0.0660255975107,0.103715032069,0.11306241321,0.0340217905559,0.215025051311,0.0335890135342,0.123211292316,0.0621501215023,0.0648132191885,0.0822804064337,0.00241136310865,0.0996946992597,1,0.9,30,9,1,1,20,0.00831769982927,0.000831769982927,0.00831769982927,0.0271314986313,0.0177045048288,0.0100794995254,0.00831769982927,0.000831769982927,0.00831769982927,0.238373091666,0.433404558752,0.238372507314
901,0.0458996269826,0.0235643035145,0.288168263033,0.00906386393821,0.0474666314428,0.0667724485909,0.141336012438,0.0683154986814,0.0113373069205,0.0473796302387,0.146563900527,0.104132513692,1,0.9,30,9,1,1,20,0.00884449946878,0.000884449946878,0.00884449946878,0.0187644049938,0.017376171135,0.006307753765,0.00884449946878,0.000884449946878,0.00884449946878,0.241058882602,0.438287670797,0.241058218938
902,0.249572233212,0.0484950147058,0.00050982607468,0.0207595697878,0.0337385853684,0.00117713385368,0.128773258379,0.055700886818,0.0190863658883,0.382739411914,0.010877573275,0.0485701407227,1,0.9,30,9,1,1,20,0.0110971758347,0.00110971758347,0.0110971758347,0.0177571135564,0.0252687677288,0.00724503355306,0.0110971758347,0.00110971758347,0.0110971758347,0.236532157153,0.43005728355,0.236531505953
903,0.198860612346,0.018469172691,0.0778560709431,0.090509877774,0.093545752557,0.0688942382561,0.0408566162636,0.1853021471,0.0153417358864,0.0158072285823,0.07087622228,0.12368032532,1,0.9,30,9,1,1,20,0.00856376313784,0.000856376313784,0.00856376313784,0.0240694794951,0.0147271856006,0.00911744063219,0.00856376313784,0.000856376313784,0.00856376313784,0.239936096083,0.436246447103,0.239935545907
904,0.0144015682918,0.115394024507,0.0491079947998,0.140361080859,0.0693739997175,0.015318955696,0.0215942009773,0.0455971932683,0.107158019027,0.242233856248,0.0568229372148,0.122636169393,1,0.9,30,9,1,1,20,0.00332588461363,0.000332588461363,0.00332588461363,0.0162506550727,0.00604912219873,0.00459859913564,0.00332588461363,0.000332588461363,0.00332588461363,0.251201986419,0.456729626965,0.251201294831
905,0.0276034321174,0.129217398839,0.0122553182881,0.0591694625664,0.069284824792,0.00600474637972,0.0614516138137,0.0134510116925,0.0707811328833,0.0671352002623,0.185469415384,0.298176442981,1,0.9,30,9,1,1,20,0.00760687418894,0.000760687418894,0.00760687418894,0.0250310182216,0.0115115328011,0.0146916115979,0.00760687418894,0.000760687418894,0.00760687418894,0.240119217071,0.436579192719,0.240118555995
906,0.000805456838335,0.0144537837597,0.184251751211,0.01621452868,0.00113367604463,0.0526037702985,0.455041569828,0.0317025951729,0.119865972662,0.00356706126939,0.0954244301587,0.0249354040773,1,0.9,30,9,1,1,20,0.00407457685826,0.000407457685826,0.00407457685826,0.0166187498822,0.00988520424647,0.00530375331305,0.00407457685826,0.000407457685826,0.00407457685826,0.249092634776,0.452894474179,0.249091960798
907,0.00798076537193,0.0373137108045,0.0183060285754,0.00575579366372,0.0436148393674,0.00872877836888,0.11859555456,0.256627913943,0.0273104404591,0.355157672697,0.0680936919763,0.0525148102136,1,0.9,30,9,1,1,20,0.00871305093832,0.000871305093832,0.00871305093832,0.0209974752349,0.00888898017804,0.011924327209,0.00871305093832,0.000871305093832,0.00871305093832,0.241370453285,0.438854161389,0.241369788764
908,0.0200373906206,0.19048629743,0.141628389549,0.00881364821133,0.144006694015,0.0592800747999,0.127465282787,0.148434008856,0.00715197790078,0.0875273766432,0.0169069296409,0.0482619295466,1,0.9,30,9,1,1,20,0.00911691177515,0.000911691177515,0.00911691177515,0.0205096430058,0.0134954611374,0.0120348767841,0.00911691177515,0.000911691177515,0.00911691177515,0.239818556035,0.436032537795,0.239817895787
909,0.0343737376341,0.0237647139115,0.144394201237,0.073782869967,0.0660399603468,0.0236356542456,0.173086472171,0.0529551524129,0.0893599506815,0.0566914337928,0.0270731597945,0.234842693805,1,0.9,30,9,1,1,20,0.0073679729006,0.00073679729006,0.0073679729006,0.0267971481151,0.0199754167061,0.00937534679121,0.0073679729006,0.00073679729006,0.0073679729006,0.239095045559,0.43471713332,0.239094423326
910,0.0191308503292,0.375810475096,0.0242033326036,0.11298323115,0.0546551625082,0.0605248722901,0.0286478759532,0.0208120914208,0.168266225829,0.0308009846926,0.0419439519566,0.062220946171,1,0.9,30,9,1,1,20,0.00992976156973,0.000992976156973,0.00992976156973,0.0189566900941,0.0123927030164,0.0102676117343,0.00992976156973,0.000992976156973,0.00992976156973,0.240082820296,0.436513016946,0.24008215932
911,0.0262538610205,0.110198116725,0.00286509133333,0.110453285341,0.0737196515215,0.0235876942881,0.0629481146495,0.050423811515,0.239153793039,0.0149966873085,0.205615615223,0.0797842780354,1,0.9,30,9,1,1,20,0.00939305072523,0.000939305072523,0.00939305072523,0.0185757643565,0.0104141013077,0.00863021699561,0.00939305072523,0.000939305072523,0.00939305072523,0.241720018505,0.439489732767,0.241719353022
912,0.108501947537,0.00543471617428,0.0152410562508,0.000445132344228,0.11068497031,0.0212795081282,0.0258354349665,0.421310347232,0.0648702003281,0.106787371435,0.085843419493,0.0337658958011,1,0.9,30,9,1,1,20,0.00894416180463,0.000894416180463,0.00894416180463,0.0212400684294,0.0187160007,0.00695050452628,0.00894416180463,0.000894416180463,0.00894416180463,0.239781557983,0.435965412117,0.239780976664
913,0.0917569417914,0.0945561406787,0.0570585498605,0.103481944216,0.00905277004051,0.0566386026899,0.0152337393121,0.0281117001282,0.149999990051,0.168554116212,0.217789534728,0.00776597029297,1,0.9,30,9,1,1,20,0.00891112767128,0.000891112767128,0.00891112767128,0.0209677346088,0.018651464196,0.00638796926307,0.00891112767128,0.000891112767128,0.00891112767128,0.240053512871,0.436459730866,0.240052851976
914,0.0193151954499,0.12457496465,0.0214430565963,0.307106948788,0.075250597794,0.134983304501,0.0144083186412,0.0639261105482,0.0148021152153,0.0846589021072,0.107415748044,0.0321147376651,1,0.9,30,9,1,1,20,0.00907934735135,0.000907934735135,0.00907934735135,0.0246751737198,0.020421216935,0.00883832626185,0.00907934735135,0.000907934735135,0.00907934735135,0.237792183885,0.432348284079,0.237791556243
915,0.0121836485762,0.0619095185803,0.17344030149,0.132480698257,0.0819241912738,0.067739006164,0.00179797051548,0.00161034178228,0.00945047110774,0.125380060562,0.20498007895,0.127103712741,1,0.9,30,9,1,1,20,0.00877394724236,0.000877394724236,0.00877394724236,0.0252328772886,0.0201560031178,0.00844309808515,0.00877394724236,0.000877394724236,0.00877394724236,0.238154964231,0.433008050877,0.238154427983
916,0.141123890981,0.00689387729673,0.0549659951113,0.058107555941,0.130818363413,0.0352264611035,0.00350298717154,0.0856527475143,0.148411663606,0.176595109837,0.0775602933449,0.0811410546793,1,0.9,30,9,1,1,20,0.0106507614065,0.00106507614065,0.0106507614065,0.0217547786804,0.0182008588956,0.0109950602978,0.0106507614065,0.00106507614065,0.0106507614065,0.236845175246,0.430626405789,0.236844523184
917,0.0338317372274,0.0859020541871,0.126169535758,0.106405489116,0.102771805172,0.0935676304662,0.00720947300005,0.115987092277,0.004585317128,0.139910731392,0.106248614066,0.0774105202105,1,0.9,30,9,1,1,20,0.00884934226745,0.000884934226745,0.00884934226745,0.0210491283978,0.0162951124829,0.0107557556005,0.00884934226745,0.000884934226745,0.00884934226745,0.239573330601,0.435586732513,0.239572702882
918,0.146857768797,0.0348552373108,0.000591574948643,0.138788544528,0.0278476505104,0.266801472977,0.0122805328926,0.00661801779911,0.0683616565214,0.0210912315036,0.204071309653,0.0718350025596,1,0.9,30,9,1,1,20,0.00878933096292,0.000878933096292,0.00878933096292,0.0162942086689,0.0185629384392,0.00481494634725,0.00878933096292,0.000878933096292,0.00878933096292,0.241846679102,0.439720024128,0.24184601327
919,0.0152343839456,0.150702260857,0.115638156508,0.216632638978,0.0368839802244,0.0697774046158,0.0943476698627,0.159514128681,0.0542051846255,0.0232432782397,0.0286206458377,0.0352002676244,1,0.9,30,9,1,1,20,0.0138839979829,0.00138839979829,0.0138839979829,0.0168627367288,0.0215980481738,0.00752786483192,0.0138839979829,0.00138839979829,0.0138839979829,0.234588194462,0.426522815661,0.234587548614
920,0.103427414987,0.0713641585877,0.0172992888653,0.263343008488,0.0460800083524,0.0714582441978,0.0307273678414,0.00760475177129,0.218808734311,0.0302550934329,0.118268426121,0.0213635030437,1,0.9,30,9,1,1,20,0.00409542866013,0.000409542866013,0.00409542866013,0.0159322436427,0.00845394979207,0.00404028597591,0.00409542866013,0.000409542866013,0.00409542866013,0.249955267981,0.45446287241,0.249954579825
921,0.139413413837,0.084079589768,0.111893455152,0.00590969532281,0.0124338877737,0.0134244240861,0.0871990676388,0.0488227712679,0.147427975272,0.086675660147,0.121010344028,0.141709715706,1,0.9,30,9,1,1,20,0.00871936167466,0.000871936167466,0.00871936167466,0.0216521586016,0.0238225048028,0.00699338485076,0.00871936167466,0.000871936167466,0.00871936167466,0.23857231717,0.433766655188,0.238571660353
922,0.259299390963,0.0899587633513,0.023524235644,0.0400675070818,0.0149610168513,0.0319481343981,0.130467281674,0.0921448906048,0.0945103608236,0.0418611584019,0.0420319875185,0.139225272688,1,0.9,30,9,1,1,20,0.0083766824788,0.00083766824788,0.0083766824788,0.0204462508901,0.0161701161354,0.00855862192955,0.0083766824788,0.00083766824788,0.0083766824788,0.240859355893,0.437924895962,0.240858692779
923,0.139669903086,0.0294986178626,0.263795058574,0.0153830804901,0.0476512397333,0.0854354253251,0.0772481922154,0.011831411781,0.0446374782704,0.165422824353,0.07680161305,0.0426251552594,1,0.9,30,9,1,1,20,0.00819222777766,0.000819222777766,0.00819222777766,0.0253490178859,0.0125507450713,0.0112221570877,0.00819222777766,0.000819222777766,0.00819222777766,0.240028445994,0.436414372448,0.240027904847
924,0.0805839029185,0.132366737151,0.0847145986905,0.0789324309442,0.0359852395466,0.0322483926495,0.0753977606192,0.191102739732,0.149743213432,0.0106202936804,0.0395543598653,0.0887503307713,1,0.9,30,9,1,1,20,0.00809058356118,0.000809058356118,0.00809058356118,0.0317230928922,0.0238345020117,0.0103806293019,0.00809058356118,0.000809058356118,0.00809058356118,0.235735914487,0.428609942161,0.235735468189
925,0.154290144124,0.00835857663755,0.20896027496,0.0459570029768,0.0702679629529,0.0603980251999,0.144441290539,0.196652802301,0.0320756953646,0.00875941246101,0.0544255860349,0.0154132264478,1,0.9,30,9,1,1,20,0.0168032643701,0.00168032643701,0.0168032643701,0.0250336908913,0.0286824805339,0.0104333023444,0.0168032643701,0.00168032643701,0.0168032643701,0.226620578951,0.412036281887,0.226619955038
926,0.0574852120287,0.0875260046394,0.20374142453,0.0311299555342,0.13687873616,0.0681006359829,0.126044353258,0.0242408606438,0.097694598306,0.00641222489894,0.100562762912,0.0601832311065,1,0.9,30,9,1,1,20,0.00839067710714,0.000839067710714,0.00839067710714,0.0290141210738,0.0127955028442,0.0145004134921,0.00839067710714,0.000839067710714,0.00839067710714,0.237927527354,0.432594575087,0.237927016298
927,0.0412470344854,0.00339496295737,0.334207268463,0.156137214965,0.0494821562032,0.0928821126712,0.0241099860386,0.127164299268,0.0268852923726,0.0834609108322,0.0127679436163,0.0482608181277,1,0.9,30,9,1,1,20,0.00820567976687,0.000820567976687,0.00820567976687,0.0332556691958,0.0158320846893,0.0141072362966,0.00820567976687,0.000820567976687,0.00820567976687,0.23632777918,0.429686048786,0.236327326832
928,0.193984166487,0.047781996746,0.0452807881634,0.022153112184,0.00747818419883,0.197965682577,0.0488544067612,0.0609607973103,0.131041912227,0.00875258848487,0.217736060887,0.0180103039734,1,0.9,30,9,1,1,20,0.0076494781947,0.00076494781947,0.0076494781947,0.029349352338,0.0171997910625,0.0111836042638,0.0076494781947,0.00076494781947,0.0076494781947,0.238370230415,0.433399492583,0.23836972092
929,0.00696931747598,0.119036850077,0.00547830780987,0.0925248369481,0.0283714001744,0.0971382385217,0.217716368899,0.00217413259273,0.00603197541817,0.0523289877876,0.00336859425485,0.36886099004,1,0.9,30,9,1,1,20,0.00886884520324,0.000886884520324,0.00886884520324,0.0174018110513,0.0200556037274,0.00590579768271,0.00886884520324,0.000886884520324,0.00886884520324,0.240792489651,0.437803321312,0.240791826722
930,0.0878030856232,0.0847191869671,0.0696405858931,0.383868254925,0.0286134817304,0.00188274132851,0.0519023235985,0.0290410777788,0.0460575503696,0.153816404703,0.049101376948,0.0135539301345,1,0.9,30,9,1,1,20,0.00949105497269,0.000949105497269,0.00949105497269,0.0206814528327,0.0140652676332,0.00962692062481,0.00949105497269,0.000949105497269,0.00949105497269,0.239843420907,0.436077746527,0.23984276059
931,0.0102640479248,0.018223551795,0.104352403583,0.121337838598,0.0592321162977,0.0752016683765,0.165852036517,0.0596539992992,0.112281621619,0.0201416598461,0.19345000674,0.0600090494033,1,0.9,30,9,1,1,20,0.00784191934316,0.000784191934316,0.00784191934316,0.025616481712,0.0149268208484,0.0104073600242,0.00784191934316,0.000784191934316,0.00784191934316,0.239934886501,0.43624412237,0.239934267303
932,0.17303895254,0.0148416026948,0.0294661553981,0.0049289239079,0.237751956951,0.0082783685992,0.262548714605,0.0159968197379,0.0104845452655,0.222871291648,0.00999552742568,0.00979714122621,1,0.9,30,9,1,1,20,0.009162124998,0.0009162124998,0.009162124998,0.0184154440933,0.018353102291,0.0115677471795,0.009162124998,0.0009162124998,0.009162124998,0.239167404953,0.434848629995,0.239166746497
933,0.156312290403,0.0162452243985,0.0319632196068,0.00684369635664,0.0839406398965,0.000668436909717,0.00550201949135,0.0465177525677,0.136663730997,0.0347538794031,0.266607622513,0.213981487457,1,0.9,30,9,1,1,20,0.00334598620542,0.000334598620542,0.00334598620542,0.0161158286264,0.0073837796764,0.00460201787102,0.00334598620542,0.000334598620542,0.00334598620542,0.250864737139,0.456116448145,0.25086404648
934,0.0849790696487,0.200324296208,0.0391066606508,0.00666884035268,0.146756061925,0.079031588224,0.10942045974,0.0458546426682,0.000379746452557,0.0190224083585,0.161798034361,0.106658191411,1,0.9,30,9,1,1,20,0.00352315180456,0.000352315180456,0.00352315180456,0.0168107263306,0.0117875571764,0.00441443781819,0.00352315180456,0.000352315180456,0.00352315180456,0.249383612764,0.453423502149,0.249382926182
935,0.242849066392,0.0820347907575,0.0528914643623,0.00389623521646,0.0234010776594,0.141681702296,0.00777080864512,0.0334661333111,0.0213836247758,0.198413906181,0.182525300657,0.00968588974535,1,0.9,30,9,1,1,20,0.00920588263429,0.000920588263429,0.00920588263429,0.0202290487998,0.011785415087,0.00864407638922,0.00920588263429,0.000920588263429,0.00920588263429,0.241130115688,0.438417185143,0.241129451829
936,0.141903358857,0.0937093874282,0.1129596584,0.0613674389221,0.00467537535031,0.135007450675,0.204412887918,0.0402184354258,0.0484635511489,0.00822456764278,0.0250576859779,0.124000202254,1,0.9,30,9,1,1,20,0.0101322197963,0.00101322197963,0.0101322197963,0.01683011009,0.00939427955957,0.00697947591455,0.0101322197963,0.00101322197963,0.0101322197963,0.242063561512,0.440114354696,0.242062895083
937,0.397918835713,0.0188802395007,0.0891889584477,0.0306423738902,0.121576361318,0.0748446900998,0.0670885584824,0.0354728518363,0.0848747455368,0.00531491936031,0.0604162787932,0.0137811870217,1,0.9,30,9,1,1,20,0.0132854944147,0.00132854944147,0.0132854944147,0.027646628715,0.026455476284,0.0122760153507,0.0132854944147,0.00132854944147,0.0132854944147,0.229906329013,0.418010628449,0.229905845647
938,0.114303929775,0.0117157780764,0.24302373823,0.0544984823147,0.0946987302826,0.112121620715,0.00492265912952,0.0239068620611,0.0631673566591,0.0720085817095,0.0913312084014,0.114301052646,1,0.9,30,9,1,1,20,0.0091478148166,0.00091478148166,0.0091478148166,0.0237843336721,0.0129643259772,0.00877631833758,0.0091478148166,0.00091478148166,0.0091478148166,0.239919356864,0.43621602769,0.239918815229
939,0.0391832180112,0.074477336314,0.134315538144,0.117204640914,0.0306136513421,0.140768261644,0.00649851166627,0.0197434205482,0.085539117516,0.127971104156,0.00955488826589,0.214130311479,1,0.9,30,9,1,1,20,0.00213446888377,0.000213446888377,0.00213446888377,0.015438971918,0.00705145766199,0.00337330893309,0.00213446888377,0.000213446888377,0.00213446888377,0.252783523527,0.459605141063,0.252782827585
940,0.0362595777669,0.0435737142721,0.0416078017759,0.0496911630503,0.112613708759,0.0993973044318,0.480074108249,0.0402741155135,0.0364017154103,0.0417232882076,0.0155962130243,0.00278728953897,1,0.9,30,9,1,1,20,0.0280225950865,0.00280225950865,0.0280225950865,0.0268174737324,0.0326923548385,0.0158730436473,0.0280225950865,0.00280225950865,0.0280225950865,0.21133720356,0.384248403135,0.211336621724
941,0.129150467025,0.0957687487647,0.00647751786256,0.0533176553384,0.101004428176,0.0217053501975,0.0775042031055,0.0988538254845,0.147200067831,0.10430028844,0.132405318072,0.0323121297013,1,0.9,30,9,1,1,20,0.00855770939203,0.000855770939203,0.00855770939203,0.0237210643001,0.0245601466921,0.00762064239714,0.00855770939203,0.000855770939203,0.00855770939203,0.237850803299,0.432454815397,0.237850148468
942,0.0509640166108,0.0131818786113,0.304593935869,0.0198567484369,0.122080306598,0.10055607913,0.0384191482515,0.00149288853834,0.0773081577323,0.0780324197086,0.0269128029623,0.166601617551,1,0.9,30,9,1,1,20,0.00333788431211,0.000333788431211,0.00333788431211,0.0173348259572,0.0137232407711,0.00281846999165,0.00333788431211,0.000333788431211,0.00333788431211,0.249361169595,0.4533826965,0.249360483075
943,0.028073490442,0.039738758869,0.0181372019244,0.196042848002,0.0596475202391,0.0291817075784,0.0380524551281,0.0269949538226,0.171070218787,0.337947839499,0.0296039824791,0.025509023229,1,0.9,30,9,1,1,20,0.00844487627965,0.000844487627965,0.00844487627965,0.0184830284818,0.0164580265548,0.00682255327375,0.00844487627965,0.000844487627965,0.00844487627965,0.241677801211,0.439412974261,0.241677135844
944,0.0421639237318,0.100663244983,0.00573105146068,0.0373510647318,0.0240276362035,0.103511223517,0.0872520995644,0.262161236756,0.262275028819,0.0231226971052,0.00883447803954,0.0429063150881,1,0.9,30,9,1,1,20,0.017053562415,0.0017053562415,0.017053562415,0.0256780319859,0.0141258457586,0.0195113619867,0.017053562415,0.0017053562415,0.017053562415,0.227611295844,0.413837743408,0.227610758874
945,0.122823620109,0.0830952484661,0.0157366354508,0.0732669488219,0.212219580422,0.244485051303,0.00469798083698,0.0121045558269,0.160070395676,0.0464085919691,0.00107838463618,0.0240130064824,1,0.9,30,9,1,1,20,0.0189584731541,0.00189584731541,0.0189584731541,0.0202173316613,0.0150489841541,0.0124241300656,0.0189584731541,0.00189584731541,0.0189584731541,0.228560551011,0.415563494104,0.228559921757
946,0.0532512984722,0.00642746974027,0.131163612031,0.0710195413572,0.0535031438982,0.0412014786129,0.108125787562,0.0105252615975,0.000963792279669,0.0467785615868,0.0397535238203,0.437286529042,1,0.9,30,9,1,1,20,0.00738488134986,0.000738488134986,0.00738488134986,0.024484642504,0.0223306851824,0.00703134508742,0.00738488134986,0.000738488134986,0.00738488134986,0.239679179451,0.43577912652,0.239678519586
947,0.0149879573742,0.0194939459144,0.0641513685596,0.137277578028,0.0377523723121,0.146577456529,0.195009518051,0.130400724946,0.0516676098083,0.0280203537325,0.112041049818,0.0626200649277,1,0.9,30,9,1,1,20,0.0091501104514,0.00091501104514,0.0091501104514,0.0254472661602,0.0223407526438,0.00803680284473,0.0091501104514,0.00091501104514,0.0091501104514,0.237219249073,0.43130675186,0.237218713523
948,0.222808795171,0.172863995865,0.0685180826686,0.0176302422672,0.214237301847,0.0173327974915,0.00263830204186,0.117460070734,0.0171907658085,0.00254052794331,0.069561653048,0.0772174651137,1,0.9,30,9,1,1,20,0.0101250326995,0.00101250326995,0.0101250326995,0.0175634275561,0.0145458309954,0.00572035359382,0.0101250326995,0.00101250326995,0.0101250326995,0.240859959816,0.437925994001,0.2408592967
949,0.063605833804,0.00396972678422,0.00532985986167,0.0941687644532,0.103783088912,0.00757547260458,0.0322549006963,0.0153727609282,0.0223039328299,0.0855763368642,0.529174034908,0.036885287354,1,0.9,30,9,1,1,20,0.00882561090694,0.000882561090694,0.00882561090694,0.021988873055,0.0171356136776,0.00796894473881,0.00882561090694,0.000882561090694,0.00882561090694,0.239863083367,0.436113496357,0.239862422996
950,0.210398983049,0.104618881387,0.0012921014038,0.158271359173,0.183987380759,0.0708573650464,0.0163897662114,0.0130523136615,0.0573416873822,0.0753818887326,0.0461683990687,0.0622398741253,1,0.9,30,9,1,1,20,0.00828407401812,0.000828407401812,0.00828407401812,0.0221335192405,0.0135098462047,0.0124464433501,0.00828407401812,0.000828407401812,0.00828407401812,0.240197799991,0.436722116347,0.240197163991
951,0.0374048748978,0.0166563506837,0.0378096922098,0.153934511344,0.0415903684425,0.129290456914,0.10492600549,0.0179752853391,0.150439801237,0.144814500706,0.150759382329,0.0143987704069,1,0.9,30,9,1,1,20,0.00892970423046,0.000892970423046,0.00892970423046,0.0211000040874,0.0132317605233,0.00847441018039,0.00892970423046,0.000892970423046,0.00892970423046,0.2408714357,0.437946859188,0.240870772553
952,0.0106967683598,0.0267264334813,0.218302469376,0.00763417342509,0.0152699859968,0.0830627824487,0.0832686178987,0.113157978672,0.044089744186,0.219543877254,0.0785286971356,0.0997184717658,1,0.9,30,9,1,1,20,0.00906699944622,0.000906699944622,0.00906699944622,0.0260237032097,0.0189358725789,0.00881503867413,0.00906699944622,0.000906699944622,0.00906699944622,0.237847635991,0.432449259273,0.2378470926
953,0.156324437479,0.117654101973,0.0955561714272,0.087250391973,0.0122576633054,0.0225154633858,0.137311952457,0.0748430973693,0.216204385774,0.040052471689,0.0258561952649,0.0141736679025,1,0.9,30,9,1,1,20,0.0158308838268,0.00158308838268,0.0158308838268,0.0214915101446,0.0322848169633,0.00798980663747,0.0158308838268,0.00158308838268,0.0158308838268,0.228314409092,0.415115964574,0.228313780516
954,0.144925844848,0.149380412186,0.0167303299988,0.0555804295017,0.0396697804079,0.0175548493023,0.191688027515,0.141249895623,0.152884361639,0.00215836656453,0.0821209790957,0.00605672331851,1,0.9,30,9,1,1,20,0.0118139277209,0.00118139277209,0.0118139277209,0.026809624896,0.0187725855565,0.00978477336273,0.0118139277209,0.00118139277209,0.0118139277209,0.234408950262,0.42619714161,0.234408427885
955,0.0112401287513,0.27918269441,0.0202571667643,0.0488111822145,0.170221169583,0.00269290997421,0.225157497691,0.0239994192386,0.014402141027,0.00908679966621,0.0188396658997,0.176109224781,1,0.9,30,9,1,1,20,0.00829948405394,0.000829948405394,0.00829948405394,0.024807904103,0.0187055246401,0.00849303979537,0.00829948405394,0.000829948405394,0.00829948405394,0.239155004897,0.434826253896,0.239154439643
956,0.155232787913,0.111849415476,0.113054158768,0.0137647537858,0.0859870033744,0.0819436079933,0.0848063880316,0.0534053581256,0.12593127557,0.0309734136838,0.106838718053,0.0362131192248,1,0.9,30,9,1,1,20,0.0126413067161,0.00126413067161,0.0126413067161,0.0185601037174,0.0261897051299,0.00842973900064,0.0126413067161,0.00126413067161,0.0126413067161,0.234071823348,0.425583961675,0.234071178921
957,0.140894751301,0.123997117076,0.0468125349641,0.132128290107,0.128872644448,0.269335682452,0.0705611501463,0.00114128540709,0.00798428906079,0.0252583127301,0.0468495306976,0.00616441161029,1,0.9,30,9,1,1,20,0.0141853815941,0.00141853815941,0.0141853815941,0.0198098487008,0.0237876344356,0.00997771106965,0.0141853815941,0.00141853815941,0.0141853815941,0.232269715655,0.422307411254,0.23226907619
958,0.0369568694451,0.300300106889,0.0183477404718,0.0120252714365,0.108870809593,0.0202858157735,0.0411922038205,0.130848188155,0.20436210833,0.0878002427732,0.00312701794299,0.0358836253698,1,0.9,30,9,1,1,20,0.0060808423012,0.00060808423012,0.0060808423012,0.0202565775519,0.0126569613977,0.00730808891921,0.0060808423012,0.00060808423012,0.0060808423012,0.244682060548,0.444875338012,0.244681435906
959,0.273236582334,0.0567667828427,0.00639860971077,0.0592922311034,0.00850994940526,0.0709725544121,0.0377135121042,0.182722685433,0.145175935723,0.084000849928,0.00800659369011,0.0672037133126,1,0.9,30,9,1,1,20,0.00919307472654,0.000919307472654,0.00919307472654,0.0187705445329,0.00805502136279,0.0121269993041,0.00919307472654,0.000919307472654,0.00919307472654,0.241591008319,0.439255169438,0.241590343191
960,0.0866675270507,0.0176961747022,0.0167104259419,0.016214990717,0.125360382435,0.167261022757,0.169948812037,0.13281826077,0.0491054360841,0.00229898330264,0.0312351463008,0.184682837902,1,0.9,30,9,1,1,20,0.00899585464611,0.000899585464611,0.00899585464611,0.0184092085967,0.0157464314753,0.00550596657077,0.00899585464611,0.000899585464611,0.00899585464611,0.241622233222,0.439311981046,0.241621589575
961,0.0981468052454,0.0309159907226,0.0797506928156,0.0091919386164,0.187621605349,0.160914731952,0.0676031356422,0.0272762606396,0.116157552688,0.045744768712,0.021803592568,0.154872925049,1,0.9,30,9,1,1,20,0.00985145838383,0.000985145838383,0.00985145838383,0.0172993872739,0.0101626917153,0.00785119616784,0.00985145838383,0.000985145838383,0.00985145838383,0.241819934153,0.439671397082,0.241819268395
962,0.0324348526246,0.00976263771944,0.0277520777356,0.147796811329,0.134884018678,0.0354143932779,0.269413136459,0.147896657374,0.0224081838439,0.00341721307148,0.026378624039,0.142441393848,1,0.9,30,9,1,1,20,0.00891694184333,0.000891694184333,0.00891694184333,0.020427120501,0.00873060054054,0.0126301675595,0.00891694184333,0.000891694184333,0.00891694184333,0.241152168899,0.43845728178,0.241151504979
963,0.134948767874,0.0404532394789,0.144116613115,0.0770173396914,0.0782103127037,0.0832799166511,0.102002242262,0.000595832472734,0.252436289347,0.0666495896648,0.00123818927324,0.0190516674666,1,0.9,30,9,1,1,20,0.0118677776012,0.00118677776012,0.0118677776012,0.024670580012,0.0332852176321,0.00846985874128,0.0118677776012,0.00118677776012,0.0118677776012,0.23145345491,0.420823369535,0.231452853244
964,0.0034450211861,0.00111297305956,0.183180250266,0.0848379342526,0.251382951981,0.0291413844614,0.0170928397737,0.0873697772038,0.140631886475,0.104866064276,0.0445009551208,0.0524379619437,1,0.9,30,9,1,1,20,0.00857813441378,0.000857813441378,0.00857813441378,0.0223238682653,0.0133092157411,0.00879080024142,0.00857813441378,0.000857813441378,0.00857813441378,0.240834476613,0.437879661033,0.240833813568
965,0.142714118588,0.0219669281603,0.0239149923046,0.190098769613,0.00504807468134,0.279969130361,0.110976236268,0.0115798384119,0.0989041380378,0.090001346177,0.00257596880347,0.0222504585939,1,0.9,30,9,1,1,20,0.0105991997356,0.00105991997356,0.0105991997356,0.0162813134466,0.0120689467501,0.00886526162574,0.0105991997356,0.00105991997356,0.0105991997356,0.240499208523,0.437270084365,0.240498546401
966,0.0296362371214,0.00564576000959,0.141349278164,0.000639762336879,0.00381361664219,0.0804757763917,0.023611389424,0.289360255612,0.108532808396,0.0538096943034,0.170647428178,0.0924779934214,1,0.9,30,9,1,1,20,0.00915430884508,0.000915430884508,0.00915430884508,0.0189346500451,0.0130744596866,0.00868632319422,0.00915430884508,0.000915430884508,0.00915430884508,0.241177184591,0.438502764731,0.241176520602
967,0.0957071249095,0.0444621980355,0.0480498577443,0.166323020284,0.0535931465175,0.0291554429882,0.0316921711796,0.0316864802813,0.283925530557,0.187786636056,0.024236288266,0.00338210318076,1,0.9,30,9,1,1,20,0.00872156787139,0.000872156787139,0.00872156787139,0.0230073028409,0.0137055709488,0.00690347960266,0.00872156787139,0.000872156787139,0.00872156787139,0.240888115952,0.437977384255,0.24088756134
968,0.0814605952291,0.10198519774,0.0586885184892,0.0306642783282,0.0085250474218,0.201259775293,0.0875471610358,0.0694448863582,0.14828930933,0.160261647415,0.0298644146403,0.0220091687201,1,0.9,30,9,1,1,20,0.00908830534788,0.000908830534788,0.00908830534788,0.020948302242,0.0192929871651,0.00651604966925,0.00908830534788,0.000908830534788,0.00908830534788,0.239662143272,0.435748151736,0.239661483455
969,0.0467993284416,0.0396927007781,0.0768178633209,0.0615286583107,0.221052227237,0.0534180171779,0.0598678356298,0.0357972878273,0.0454945869243,0.325795575243,0.0326200793819,0.00111583972774,1,0.9,30,9,1,1,20,0.00516877867395,0.000516877867395,0.00516877867395,0.0247444541476,0.0134586345846,0.0087417289472,0.00516877867395,0.000516877867395,0.00516877867395,0.243924441184,0.4434979811,0.243923889605
970,0.105681327058,0.0313962330287,0.285479444858,0.0600233668271,0.046449178273,0.00550514295445,0.00809823319283,0.104793964431,0.0366936651823,0.00477754829767,0.212082898784,0.0990189971136,1,0.9,30,9,1,1,20,0.00889788432631,0.000889788432631,0.00889788432631,0.0210600827446,0.0132444896221,0.00712290358205,0.00889788432631,0.000889788432631,0.00889788432631,0.241267487994,0.438667046378,0.241266875508
971,0.0661590594091,0.0484692513324,0.0180751428886,0.216746040559,0.144518774998,0.0219644690776,0.307031553301,0.0633936998876,0.0383976367252,0.021532928131,0.00242280899136,0.051288634699,1,0.9,30,9,1,1,20,0.0180566493552,0.00180566493552,0.0180566493552,0.0187891714869,0.0127256167981,0.0159897979323,0.0180566493552,0.00180566493552,0.0180566493552,0.229601236835,0.417455644939,0.229600604717
972,0.030478643686,0.129979184956,0.0857413117265,0.00728659802638,0.194177072524,0.19985552131,0.0307926456238,0.0682547167566,0.0236822496153,0.191164643165,0.0053093032922,0.0332781093196,1,0.9,30,9,1,1,20,0.00198897354458,0.000198897354458,0.00198897354458,0.0155620608649,0.00561811425368,0.00361536222637,0.00198897354458,0.000198897354458,0.00198897354458,0.253223336267,0.460404798388,0.253222639113
973,0.0395502008055,0.0378499909336,0.0332818983147,0.207871693095,0.0072145379833,0.182534213044,0.00180802527284,0.102073027945,0.108167307701,0.0507040414477,0.0786383252942,0.150306738163,1,0.9,30,9,1,1,20,0.00334344845817,0.000334344845817,0.00334344845817,0.0159885644064,0.0081408751966,0.00517988139334,0.00334344845817,0.000334344845817,0.00334344845817,0.250551226999,0.455546431278,0.250550537203
974,0.0497246306742,0.021548248795,0.000530920526017,0.0838985701156,0.0657908482036,0.0426060264094,0.0638618848323,0.0652811501774,0.179302584945,0.133780810744,0.195865947993,0.0978083765841,1,0.9,30,9,1,1,20,0.00889090543094,0.000889090543094,0.00889090543094,0.0201075460492,0.0157737438114,0.00734959171192,0.00889090543094,0.000889090543094,0.00889090543094,0.240802881512,0.437822215552,0.240802218554
975,0.06260004492,0.0935839347942,0.211598716726,0.0802569601821,0.190345465773,0.0265969008061,0.0535514400403,0.000975468192735,0.0669880188704,0.0194118538169,0.16726802782,0.0268231680588,1,0.9,30,9,1,1,20,0.00371694519818,0.000371694519818,0.00371694519818,0.0158583577709,0.00565740071096,0.00557647055236,0.00371694519818,0.000371694519818,0.00371694519818,0.250721047873,0.455855195652,0.250720357609
976,0.257318205563,0.0830125992836,0.0599094589957,0.110384354069,0.0386070271835,0.00167742694876,0.144935764441,0.00344604126517,0.0535905715145,0.146675542293,0.00116527456875,0.0992777338742,1,0.9,30,9,1,1,20,0.00913742680048,0.000913742680048,0.00913742680048,0.0168773660934,0.0106220882068,0.00820187413968,0.00913742680048,0.000913742680048,0.00913742680048,0.242503737282,0.440914672075,0.242503069641
977,0.0707190096966,0.00551756398705,0.127002814832,0.0819827353468,0.0273350786015,0.113921371529,0.0938867884601,0.0853992194213,0.00167322592471,0.061768367201,0.1884186239,0.142375201101,1,0.9,30,9,1,1,20,0.0104165575473,0.00104165575473,0.0104165575473,0.01684713514,0.0186898740524,0.00685399206128,0.0104165575473,0.00104165575473,0.0104165575473,0.239344629876,0.43517085624,0.239343970932
978,0.0319507603,0.0136017185522,0.127443482473,0.0449518340808,0.003357488752,0.0514465210195,0.0522497161651,0.366747844319,0.0698452865924,0.0486540841775,0.140470566236,0.0492806973331,1,0.9,30,9,1,1,20,0.00949893635762,0.000949893635762,0.00949893635762,0.0269757310178,0.0315830502861,0.00689773040672,0.00949893635762,0.000949893635762,0.00949893635762,0.23431294071,0.426022590243,0.234312424634
979,0.0567576280017,0.0204426520472,0.13011486075,0.162765441793,0.0225892903251,0.155452545516,0.0356562968127,0.0208537739152,0.0734547027213,0.0790197022614,0.213645634074,0.0292474717826,1,0.9,30,9,1,1,20,0.00777178200518,0.000777178200518,0.00777178200518,0.0266236458392,0.012115502495,0.0138436959497,0.00777178200518,0.000777178200518,0.00777178200518,0.239584495079,0.435607210461,0.239583965754
980,0.00614339905792,0.0708935788374,0.140779288683,0.0195214715513,0.0749510179571,0.117200815415,0.0963596406186,0.0208385576269,0.0594993352685,0.0952039171863,0.0911426826208,0.207466295178,1,0.9,30,9,1,1,20,0.00814268378674,0.000814268378674,0.00814268378674,0.02538480085,0.012825069385,0.0123167898255,0.00814268378674,0.000814268378674,0.00814268378674,0.239715032105,0.43584453931,0.239714496621
981,0.089090915701,0.0332377149392,0.0065223796398,0.0220837323382,0.168700146363,0.00925883042913,0.0708791231822,0.157192536704,0.147278550883,0.112176713295,0.177085589926,0.00649376659984,1,0.9,30,9,1,1,20,0.00811018468438,0.000811018468438,0.00811018468438,0.0207098406747,0.0236792584309,0.0050688373094,0.00811018468438,0.000811018468438,0.00811018468438,0.240030777448,0.436418393847,0.240030116616
982,0.0460296256604,0.0772550439009,0.0240678236601,0.11104196249,0.0163182086145,0.0454730167414,0.0338404907103,0.131949708353,0.0920235111267,0.222598763842,0.170266982295,0.0291348626062,1,0.9,30,9,1,1,20,0.00731931333079,0.000731931333079,0.00731931333079,0.0287937297928,0.0233319017617,0.00907170185763,0.00731931333079,0.000731931333079,0.00731931333079,0.237826058673,0.43240999479,0.237825497135
983,0.0639989426709,0.0839088933456,0.017475936118,0.00352042763655,0.00188575079603,0.130809833365,0.133437203003,0.11281002454,0.0441770480317,0.205673764826,0.117520019048,0.0847821566198,1,0.9,30,9,1,1,20,0.00803128581899,0.000803128581899,0.00803128581899,0.0196356757473,0.0203993223593,0.0055319467515,0.00803128581899,0.000803128581899,0.00803128581899,0.241136637665,0.43842904325,0.241135973788
984,0.315667574369,0.175866613581,0.0171430073269,0.01232901952,0.0140924766274,0.0133868045065,0.0355983024091,0.00767561910549,0.123056673709,0.0570959668119,0.190363878678,0.0377240633556,1,0.9,30,9,1,1,20,0.00958021753669,0.000958021753669,0.00958021753669,0.0181673986291,0.0113133379542,0.00954930509813,0.00958021753669,0.000958021753669,0.00958021753669,0.241144858862,0.43844399084,0.241144194962
985,0.0478051637738,0.106444265158,0.149387977361,0.120685260192,0.0196095651309,0.160350846829,0.260730540053,0.0336710879206,0.0224910460421,0.00748428413408,0.027231027264,0.0441089361426,1,0.9,30,9,1,1,20,0.0129589987866,0.00129589987866,0.0129589987866,0.0245389434074,0.0262673923558,0.0106696908852,0.0129589987866,0.00129589987866,0.0129589987866,0.23154946964,0.42099787665,0.231548832158
986,0.0499779606899,0.0409803316063,0.0918695384554,0.075949893475,0.188131310688,0.136002174676,0.0358994183124,0.0747969964641,0.0154433895118,0.0814404699003,0.0786709669704,0.13083754925,1,0.9,30,9,1,1,20,0.00907578584094,0.000907578584094,0.00907578584094,0.0170974670436,0.0151404885457,0.00562198335509,0.00907578584094,0.000907578584094,0.00907578584094,0.242006190956,0.440010044882,0.242005524685
987,0.0407736193729,0.214519427819,0.00226402794956,0.135968308215,0.0901209080977,0.0665320423763,0.144168864342,0.00137405617444,0.063502700401,0.00266550063414,0.119650824652,0.118459719966,1,0.9,30,9,1,1,20,0.00758471326548,0.000758471326548,0.00758471326548,0.0275731338924,0.0174053912817,0.00860548463692,0.00758471326548,0.000758471326548,0.00758471326548,0.239528060275,0.435504602709,0.23952753149
988,0.0755614455735,0.0890689413945,0.0616457750287,0.161289703095,0.07089898216,0.241790224335,0.0339777568603,0.122335130801,0.0688071086375,0.00942096779513,0.0099599401555,0.0552440241639,1,0.9,30,9,1,1,20,0.014159152567,0.0014159152567,0.014159152567,0.0284521999916,0.0231528118848,0.010667289325,0.014159152567,0.0014159152567,0.014159152567,0.2300206345,0.418218466786,0.230020156732
989,0.130397421866,0.161827692121,0.00616686997623,0.0692515983731,0.0309892677242,0.158673322976,0.148973848761,0.0166078551565,0.226680792679,0.0186956271242,0.00810189509825,0.0236338081453,1,0.9,30,9,1,1,20,0.0256114619538,0.00256114619538,0.0256114619538,0.0385827470603,0.0595077894416,0.0157900453433,0.0256114619538,0.00256114619538,0.0256114619538,0.20390649822,0.370738567567,0.203906212162
990,0.0916103471106,0.0715603961992,0.0408518474776,0.178192539935,0.170684674749,0.0147317740499,0.0272598170214,0.154396401662,0.145313120658,0.0361831960949,0.0270448916258,0.0421709934177,1,0.9,30,9,1,1,20,0.0103357907242,0.00103357907242,0.0103357907242,0.0285955198734,0.0278002164295,0.00707227746098,0.0103357907242,0.00103357907242,0.0103357907242,0.233913197663,0.425295785504,0.233912682027
991,0.0832460751628,0.109247198752,0.23228770695,0.0333463789277,0.00129389304347,0.033123701756,0.184819139402,0.0106090841051,0.0739970076771,0.0308306233427,0.00522921868004,0.201969972201,1,0.9,30,9,1,1,20,0.00989908009112,0.000989908009112,0.00989908009112,0.0171098712153,0.0121270694377,0.0095596843396,0.00989908009112,0.000989908009112,0.00989908009112,0.240855242406,0.437917416915,0.240854579303
992,0.00651911626417,0.0387771574152,0.0998596979248,0.0237935834382,0.0682966008992,0.019279228194,0.232188340986,0.0993781521047,0.00440638562936,0.0718796414321,0.298758778695,0.0368633170173,1,0.9,30,9,1,1,20,0.0104313622103,0.00104313622103,0.0104313622103,0.016410236758,0.0159010106978,0.00678029004848,0.0104313622103,0.00104313622103,0.0104313622103,0.240192491737,0.436712419017,0.240191830459
993,0.0810732810553,0.0328680742041,0.133642855874,0.0668859887728,0.131625889513,0.0680567719108,0.0749517325783,0.1316959471,0.0425062183563,0.0751749499434,0.0580423988097,0.103475891883,1,0.9,30,9,1,1,20,0.0097704082432,0.00097704082432,0.0097704082432,0.0188067315979,0.0180368686488,0.00823802605695,0.0097704082432,0.00097704082432,0.0097704082432,0.239350706609,0.435181904817,0.239350047649
994,0.137136628587,0.0267104632895,0.11042115282,0.0642253930227,0.148336504828,0.00373379886566,0.00944962615554,0.222629820885,0.188916106636,0.000936868594157,0.0785965472279,0.00890708908886,1,0.9,30,9,1,1,20,0.0145968196189,0.00145968196189,0.0145968196189,0.0234601548603,0.0182329773867,0.00791930657926,0.0145968196189,0.00145968196189,0.0145968196189,0.232854921211,0.423371611331,0.232854386232
995,0.270638167116,0.0235203325283,0.0280458484097,0.0123989824008,0.177502295031,0.107405899587,0.0332272579209,0.210404002578,0.0176778607335,0.0277334334332,0.00963397285625,0.0818119474052,1,0.9,30,9,1,1,20,0.0103223795677,0.00103223795677,0.0103223795677,0.0212780046593,0.0199256906309,0.00850311281242,0.0103223795677,0.00103223795677,0.0103223795677,0.237532177319,0.431875497028,0.237531523366
996,0.0897661211282,0.132983658981,0.109566289807,0.136000484123,0.143173792089,0.0123650818233,0.126516782507,0.0103965024428,0.160662874406,0.00153172080538,0.0232131734413,0.0538235184463,1,0.9,30,9,1,1,20,0.0160241592969,0.00160241592969,0.0160241592969,0.0180558872123,0.0220684248748,0.00696094254035,0.0160241592969,0.00160241592969,0.0160241592969,0.231946805606,0.42172030369,0.231946167029
997,0.143548791141,0.0945941102193,0.0899174479359,0.0546132982512,0.218620984448,0.0619366516172,0.0642644930508,0.151598641877,0.0492517846446,0.00840247456531,0.00291175137493,0.0603395708752,1,0.9,30,9,1,1,20,0.00359009900735,0.000359009900735,0.00359009900735,0.0157951583182,0.00765554982238,0.00416861084402,0.00359009900735,0.000359009900735,0.00359009900735,0.250722531318,0.455857892817,0.25072184105
998,0.0993681449559,0.00906433082069,0.0164102135226,0.208952080908,0.0800843375072,0.139137202253,0.0364911977924,0.0545218602874,0.0340402158502,0.0753692809839,0.127539832845,0.119021302274,1,0.9,30,9,1,1,20,0.00844553268947,0.000844553268947,0.00844553268947,0.0208395360674,0.0169551405625,0.0076462995411,0.00844553268947,0.000844553268947,0.00844553268947,0.240713957047,0.437660535152,0.240713294334
999,0.0274017681167,0.0621499585812,0.0299034226792,0.00492062593829,0.116493490372,0.366751872619,0.00429306258234,0.0264459442268,0.152606215816,0.0504982444056,0.0217943553639,0.136741039299,1,0.9,30,9,1,1,20,0.00862766292951,0.000862766292951,0.00862766292951,0.0194164946937,0.0251184836163,0.00671130203079,0.00862766292951,0.000862766292951,0.00862766292951,0.23899317348,0.434531846371,0.238992515504
