run_ID,t1_initial,t2_initial,t3_initial,t4_initial,t5_initial,t6_initial,t7_initial,t8_initial,t9_initial,t10_initial,t11_initial,t12_initial,alpha,prior_cost_c,lambda,k,sample_amount,learning_parameter,generations,t1_final,t2_final,t3_final,t4_final,t5_final,t6_final,t7_final,t8_final,t9_final,t10_final,t11_final,t12_final
0,0.0172799226758,0.0222752918814,0.00198594933292,0.181475550831,0.0590908547912,0.0224653180682,0.108945340448,0.0682347230599,0.00782227694204,0.0219941420516,0.390530765114,0.0978998648034,1,0.01,10,15,1,10,20,5.39530564796e-09,4.87941771721e-09,5.39530564796e-09,0.000380626935533,0.00165092162124,9.68947653818e-13,5.39530564796e-09,4.87941771721e-09,5.39530564796e-09,0.392628807233,0.310253943853,0.295085669016
1,0.0723660577548,0.000113291374225,0.0871439560795,0.0477986980822,0.0185094705688,0.136864429689,0.156148642139,0.0604986751479,0.0428964443197,0.22081949205,0.0220246442642,0.134816198531,1,0.01,10,15,1,10,20,3.06695392694e-06,2.77369815641e-06,3.06695392694e-06,1.95976763656e-06,3.99347295551e-08,0.0010344829106,3.06695392694e-06,2.77369815641e-06,3.06695392694e-06,0.569427784575,0.220140273423,0.209377644176
2,0.159251778064,0.170631487509,0.102744440669,0.0033227841164,0.0354308046746,0.121141679833,0.014011460279,0.0528456710219,0.103419749947,0.200763410785,0.0298638473703,0.00657288573221,1,0.01,10,15,1,10,20,5.17641149792e-08,4.68145377159e-08,5.17641149792e-08,0.0811279383888,3.07034575099e-08,1.48342687669e-08,5.17641149792e-08,4.68145377159e-08,5.17641149792e-08,0.523783308806,0.202494159819,0.192594246764
3,0.108674433636,0.0484564127562,0.131921201777,0.0146981779229,0.0166139725509,0.162029247124,0.123188894208,0.0935908605604,0.136068978809,0.0529900126977,0.107382520655,0.00438528730144,1,0.01,10,15,1,10,20,5.5809891134e-05,5.04734651498e-05,5.5809891134e-05,3.32354198806e-07,0.000154633463635,0.00223715848043,5.5809891134e-05,5.04734651498e-05,5.5809891134e-05,0.568480389376,0.219774011285,0.209029288546
4,0.0647594530132,0.0878997306019,0.0189944557736,0.0464672872381,0.0278389970716,0.0054051335962,0.241435441468,0.0688035779416,0.015624591826,0.0754571134249,0.229079107444,0.118235110601,1,0.01,10,15,1,10,20,4.01318192412e-05,3.62944979592e-05,4.01318192412e-05,0.0119693572291,0.0044727028054,0.000223000731565,4.01318192412e-05,3.62944979592e-05,4.01318192412e-05,0.56039631768,0.21664871638,0.206056788901
5,0.20058004294,0.0984415065834,0.183186524012,0.071816319515,0.0112128559216,0.109408083821,0.033758795819,0.121436628235,0.0747498627004,0.0235381498185,0.0587083536719,0.0131628769618,1,0.01,10,15,1,10,20,2.3855003032e-12,2.15740371414e-12,2.3855003032e-12,4.55129153578e-07,1.84928071297e-05,3.074908394e-07,2.3855003032e-12,2.15740371414e-12,2.3855003032e-12,0.570017557068,0.220368487036,0.209594700455
6,0.0991248821097,0.030535957517,0.0277714574511,0.0273992308993,0.224801432938,0.0303621655191,0.0882248712243,0.0618300831158,0.1141067605,0.0678094198273,0.137646192859,0.0903875460387,1,0.01,10,15,1,10,20,1.65132219544e-08,1.49342619362e-08,1.65132219544e-08,0.00674721629725,0.00187257433534,1.32905181767e-08,1.65132219544e-08,1.49342619362e-08,1.65132219544e-08,0.565115173802,0.218473021946,0.207791904407
7,0.0234366252049,0.0971220309727,0.227255832088,0.0180294598884,0.112492864086,0.00722109590182,0.00349575829521,0.0888572882406,0.0693808837706,0.174827635298,0.145072016471,0.0328085097835,1,0.01,10,15,1,10,20,1.15905647889e-09,1.04822990343e-09,1.15905647889e-09,0.0194016319772,0.00233428275171,8.11616581534e-08,1.15905647889e-09,1.04822990343e-09,1.15905647889e-09,0.557638617938,0.215582592121,0.205042787318
8,0.0644564923168,0.087776040294,0.19041252979,0.0908869672617,0.0206199763456,0.0970512510973,0.00723100432298,0.00726370450524,0.0269798875358,0.0357999013599,0.342515826559,0.0290064186118,1,0.01,10,15,1,10,20,2.30947189296e-05,2.08864498273e-05,2.30947189296e-05,0.000792824471798,0.00126693171579,0.00030187341539,2.30947189296e-05,2.08864498273e-05,2.30947189296e-05,0.404380636287,0.303992877221,0.289130705114
9,0.0600156819571,0.0809894027468,0.00361765410558,0.120102831135,0.0214490212403,0.0597539580215,0.216116284561,0.0861772488963,0.00165512044028,0.163763247623,0.152449064783,0.0339104844905,1,0.01,10,15,1,10,20,5.86790849431e-09,5.30683126005e-09,5.86790849431e-09,0.000196064655766,0.00177646180269,3.01743940703e-12,5.86790849431e-09,5.30683126005e-09,5.86790849431e-09,0.56890434841,0.219937913469,0.209185177574
10,0.136354580473,0.227607258987,0.0603926122262,0.0210120040465,0.0155304955697,0.0646622025179,0.10832166483,0.0370845453511,0.134721096192,0.0245006018431,0.0249383159974,0.144874621966,1,0.01,10,15,1,10,20,2.60925864369e-08,2.35976674642e-08,2.60925864369e-08,1.03999601942e-05,0.00364910567363,0.00052569716054,2.60925864369e-08,2.35976674642e-08,2.60925864369e-08,0.567642992287,0.219450274317,0.208721379036
11,0.0908483449933,0.236480857991,0.130576462306,0.08849053951,0.0158955141166,0.0193530358724,0.0860250908249,0.188889546943,0.0248038668399,0.0893048328121,0.0208216841975,0.00851022359316,1,0.01,10,15,1,10,20,2.88481458484e-10,2.60897460025e-10,2.88481458484e-10,0.162787852809,0.00345186247509,4.61121766786e-09,2.88481458484e-10,2.60897460025e-10,2.88481458484e-10,0.475267341537,0.183737930163,0.174755006729
12,0.137849483471,0.0987431990115,0.25118480583,0.00190192153728,0.0408901281844,0.0348794685525,0.0471827968283,0.0335162972375,0.0109468552305,0.00604878780381,0.0402322667459,0.296623989568,1,0.01,10,15,1,10,20,3.82027751919e-07,3.45499050991e-07,3.82027751919e-07,3.64004207874e-07,0.000853897101487,0.000766281476355,3.82027751919e-07,3.45499050991e-07,3.82027751919e-07,0.56910374382,0.220014999556,0.209258494933
13,0.0183461620515,0.127390871883,0.0388828010524,0.00975976557413,0.00660164777353,0.0600617539108,0.235139232857,0.180706970322,0.00633008920777,0.0413380817163,0.268981877816,0.0064607458362,1,0.01,10,15,1,10,20,1.90016506366e-05,1.71847522313e-05,1.90016506366e-05,2.7668599461e-05,0.000208309563873,0.000849522668134,1.90016506366e-05,1.71847522313e-05,1.90016506366e-05,0.569347080408,0.220109073264,0.209347969389
14,0.0576947515497,0.0132383655938,0.203192536552,0.0377042634321,0.0184682554104,0.0805416503962,0.0979652321969,0.264342076903,0.0661998211741,0.0364763695343,0.0649577483916,0.0592189288659,1,0.01,10,15,1,10,20,4.72658841959e-05,4.27464184262e-05,4.72658841959e-05,0.0322331144045,0.00284725844513,0.00468740644958,4.72658841959e-05,4.27464184262e-05,4.72658841959e-05,0.547203481524,0.211548377694,0.201205805109
15,0.0352207562302,0.288501299868,0.00488086217266,0.0316863232991,0.0894563382522,0.0876916869954,0.0946678227427,0.0682670608137,0.0683825197493,0.000991433483189,0.0476574296487,0.182596466745,1,0.01,10,15,1,10,20,4.74478818825e-05,4.29110138717e-05,4.74478818825e-05,0.000404141465242,0.000562555596648,0.00353084319867,4.74478818825e-05,4.29110138717e-05,4.74478818825e-05,0.567307929689,0.219320739416,0.20859817708
16,0.031559165903,0.274739532708,0.0960135474244,0.213556666463,0.00156331909744,0.0668129689573,0.0456823587482,0.119662459019,0.00446231411234,0.0152793399225,0.0828928335589,0.0477754940872,1,0.01,10,15,1,10,20,7.66733134241e-11,6.93419702923e-11,7.66733134241e-11,7.35776809507e-11,1.10891218554e-10,0.000730703942487,7.66733134241e-11,6.93419702923e-11,7.66733134241e-11,0.569612241974,0.220211584546,0.209445468907
17,0.0675723160093,0.043575192936,0.282138917306,0.0196698954475,0.022801261704,0.0290660097189,0.0237025701224,0.113697934949,0.122903058321,0.204249923216,0.0250059552211,0.0456169650485,1,0.01,10,15,1,10,20,9.42379832971e-08,8.52271428789e-08,9.42379832971e-08,0.0558150086914,2.20204364635e-08,5.40909003601e-09,9.42379832971e-08,8.52271428789e-08,9.42379832971e-08,0.538212276535,0.208072385868,0.197899754069
18,0.130100164031,0.041329632242,0.116393920115,0.0803649318179,0.0429192118218,0.0911755459012,0.0515421528592,0.0765080051228,0.0460451784593,0.0523562254437,0.154897312379,0.116367719807,1,0.01,10,15,1,10,20,1.24791809817e-05,1.12859475906e-05,1.24791809817e-05,9.99564998162e-06,2.21589405138e-06,1.56058511304e-05,1.24791809817e-05,1.12859475906e-05,1.24791809817e-05,0.569971587349,0.22035050709,0.209577599547
19,0.106210583442,0.0221260121644,0.00563049051352,0.0238098163561,0.0835843948561,0.0293237838553,0.334391478354,0.0300483455694,0.256443113092,0.0178080805505,0.0249581025083,0.0656657987389,1,0.01,10,15,1,10,20,5.29231774109e-11,4.78627730029e-11,5.29231774109e-11,0.102140361655,0.000642250302796,0.00745830984741,5.29231774109e-11,4.78627730029e-11,5.29231774109e-11,0.507188268015,0.196078531857,0.186492278016
20,0.17110375267,0.0235185394549,0.0610829764146,0.105381222106,0.337832005219,0.0991011965169,0.077984409468,0.0562559864921,0.0335538212422,0.00320641052859,0.0164156412508,0.0145640386365,1,0.01,10,15,1,10,20,0.00327940866825,0.0029658384162,0.00327940866825,0.0123911521597,0.0763311918319,0.0155628050519,0.00327940866825,0.0029658384162,0.00327940866825,0.499724574475,0.193193074594,0.183747890382
21,0.0420141544219,0.0150401694991,0.168913973382,0.0657665269179,0.068407175823,0.0186323384339,0.0142842965523,0.108996361846,0.135355000436,0.10233694358,0.18306336392,0.0771896951879,1,0.01,10,15,1,10,20,1.92869620549e-05,1.74427827638e-05,1.92869620549e-05,2.42816651015e-05,0.000280265500766,1.29655020421e-05,1.92869620549e-05,1.74427827638e-05,1.92869620549e-05,0.56978391104,0.220277951597,0.209508591282
22,0.142325799864,0.028978105641,0.0319203160989,0.0966701205279,0.00344636736894,0.150586129991,0.119415755888,0.0197480447763,0.318602880705,0.0401775865356,0.0172209346432,0.0309079579608,1,0.01,10,15,1,10,20,4.22713538611e-10,3.82294547184e-10,4.22713538611e-10,0.000380841708431,8.3790186997e-06,1.35637900932e-09,4.22713538611e-10,3.82294547184e-10,4.22713538611e-10,0.393358050759,0.310721939903,0.2955307848
23,0.00944507433864,0.00698334161211,0.0480703724715,0.0182706956671,0.127044371572,0.0596385475307,0.274881713853,0.180988533561,0.0814075789908,0.0571149438352,0.0578974008588,0.0782574257083,1,0.01,10,15,1,10,20,1.24267744387e-06,1.12385520525e-06,1.24267744387e-06,0.0673654794775,0.00112555363445,2.13754020158e-06,1.24267744387e-06,1.12385520525e-06,1.24267744387e-06,0.5309815725,0.20527700214,0.195241036287
24,0.0406873645038,0.0489735325556,0.0214195015962,0.100026298265,0.0725008335414,0.0229894054807,0.033029265173,0.0161201383778,0.141707239458,0.024487594864,0.363328229282,0.114730596903,1,0.01,10,15,1,10,20,2.25827795279e-07,2.04234610089e-07,2.25827795279e-07,1.44964322936e-09,0.000370956434019,2.48729222412e-11,2.25827795279e-07,2.04234610089e-07,2.25827795279e-07,0.569816560231,0.220290573745,0.209520596335
25,0.0162353554909,0.073854346819,0.157476529436,0.102264122273,0.0860290967518,0.0198903692825,0.110875156163,0.0349513649561,0.00678019750778,0.036022143126,0.32745455776,0.0281667604339,1,0.01,10,15,1,10,20,5.24774882317e-05,4.74596996982e-05,5.24774882317e-05,0.000694521176751,0.0008352741337,0.000906190977879,5.24774882317e-05,4.74596996982e-05,5.24774882317e-05,0.568466420908,0.219768611087,0.209024152364
26,0.0813794742731,0.150386609155,0.195279836213,0.0650327556867,0.0167239632403,0.0124406122222,0.0516203171587,0.0475159177936,0.057138767231,0.109947049304,0.0125889373685,0.199945760355,1,0.01,10,15,1,10,20,1.70261391685e-06,1.53981350706e-06,1.70261391685e-06,0.00126242119567,0.00396202592618,3.14613325698e-07,1.70261391685e-06,1.53981350706e-06,1.70261391685e-06,0.403269602438,0.303158564198,0.288337181546
27,0.0230274145498,0.0592641849499,0.100260602713,0.0554994701726,0.0250801937125,0.134760867528,0.171730539674,0.0238768729904,0.0500773411235,0.258867251565,0.0460613010554,0.0514939599659,1,0.01,10,15,1,10,20,6.20264141487e-07,5.60955771331e-07,6.20264141487e-07,5.34188240971e-07,0.000372861182897,5.93015914613e-06,6.20264141487e-07,5.60955771331e-07,6.20264141487e-07,0.569810484403,0.220288224835,0.209518362263
28,0.0302554125584,0.0537467983446,0.0294844909846,0.268469605676,0.118505054844,0.0366279438451,0.124702644605,0.0348535908127,0.0734567735633,0.0767830678511,0.0957774970369,0.0573371198782,1,0.01,10,15,1,10,20,3.63309272147e-08,3.28570393414e-08,3.63309272147e-08,0.00759260974382,0.00679106637566,0.00114659852079,3.63309272147e-08,3.28570393414e-08,3.63309272147e-08,0.561175941096,0.216950118097,0.206343455128
29,0.041548330725,0.233358427879,0.0532301765828,0.0575665724912,0.21460351563,0.0241383706177,0.0846936918274,0.0238004029688,0.106302356646,0.0170934284814,0.142985857265,0.000678868887294,1,0.01,10,15,1,10,20,2.79934330896e-05,2.53167591042e-05,2.79934330896e-05,0.0165771249141,0.00641179677447,0.00712081195364,2.79934330896e-05,2.53167591042e-05,2.79934330896e-05,0.55277265958,0.213701416961,0.203253582567
30,0.00848472745472,0.0537760814732,0.134514677516,0.00424239289056,0.130398967467,0.105339789758,0.00104271032203,0.185004105923,0.130659281949,0.120667610445,0.0666336228394,0.0592360319615,1,0.01,10,15,1,10,20,1.97154502193e-06,1.7830299779e-06,1.97154502193e-06,1.45932476705e-06,0.00245518712041,0.000765015679388,1.97154502193e-06,1.7830299779e-06,1.97154502193e-06,0.568185796475,0.219660121932,0.208920967229
31,0.051383199262,0.00237641920347,0.150246994999,0.0559696966606,0.0458166045591,0.0137271827511,0.0426016038589,0.0339386003215,0.33542500644,0.0280101893891,0.0669719782249,0.173532524331,1,0.01,10,15,1,10,20,1.26966513619e-05,1.14826239043e-05,1.26966513619e-05,0.0117776187956,0.00604061768545,3.97225882381e-06,1.26966513619e-05,1.14826239043e-05,1.26966513619e-05,0.559827552353,0.216428832212,0.205847654842
32,0.0115585968623,0.277166552353,0.0131518885678,0.0240737794523,0.16624895155,0.195276270445,0.00162192588436,0.174477127639,0.0205669462715,0.0473652132759,0.000691721529562,0.0678010261697,1,0.01,10,15,1,10,20,4.65603097094e-05,4.2108309508e-05,4.65603097094e-05,0.000375879840755,0.0115573793725,0.00424926715317,4.65603097094e-05,4.2108309508e-05,4.65603097094e-05,0.386949713256,0.30577325862,0.290824043899
33,0.0406492957726,0.0148034980699,0.0573070885257,0.0370866889485,0.241978156059,0.000604126419097,0.076852296556,0.0625343569869,0.102313155087,0.159738046209,0.15188033283,0.0542529585373,1,0.01,10,15,1,10,20,2.22078896849e-09,2.00844173548e-09,2.22078896849e-09,6.38432750717e-11,0.0012756883306,2.92431541986e-09,2.22078896849e-09,2.00844173548e-09,2.22078896849e-09,0.569301576562,0.220091481518,0.209331237701
34,0.1969084997,0.154607502114,0.00102218983322,0.0485079516628,0.00104602764403,0.0667794452239,0.00706557379855,0.0518578826725,0.156365308289,0.280058698682,0.00231717900873,0.0334637413714,1,0.01,10,15,1,10,20,2.53271638844e-08,2.29054330278e-08,2.53271638844e-08,0.0564836121934,4.66454498104e-08,3.88770280477e-08,2.53271638844e-08,2.29054330278e-08,2.53271638844e-08,0.537831348367,0.207925119378,0.197759687419
35,0.036218081684,0.0142233122081,0.266987860926,0.139798443686,0.00911693044617,0.120807014804,0.0256753672246,0.0699245481505,0.0115079967592,0.179839812825,0.00745553704585,0.118445094241,1,0.01,10,15,1,10,20,1.61482905779e-10,1.46042245407e-10,1.61482905779e-10,3.19772461544e-10,2.64628445144e-10,0.000393497074292,1.61482905779e-10,1.46042245407e-10,1.61482905779e-10,0.569804458821,0.22028589564,0.209516146942
36,0.0333958941395,0.0403267000117,0.0455937729067,0.193918685326,0.0797322475091,0.144257171709,0.101030037052,0.132327833098,0.0773729430891,0.0506622331158,0.075447974321,0.0259345077213,1,0.01,10,15,1,10,20,8.54222640405e-06,7.72543644049e-06,8.54222640405e-06,0.132765841475,7.13483821028e-06,0.000522733610491,8.54222640405e-06,7.72543644049e-06,8.54222640405e-06,0.494018091098,0.190986953212,0.181649625987
37,0.00954396803718,0.358788231446,0.036712218411,0.0103183265838,0.0735665464707,0.00751977380573,0.183677584594,0.0238574410045,0.243642309356,0.0291332318242,0.0166467206612,0.00659364780607,1,0.01,10,15,1,10,20,1.22219377128e-08,1.10533013893e-08,1.22219377128e-08,0.339733165041,2.58309432612e-07,0.00847909722206,1.22219377128e-08,1.10533013893e-08,1.22219377128e-08,0.371537571251,0.143636093527,0.136613743654
38,0.0864326765748,0.0961493967666,0.110364793607,0.0238827167896,0.128224418172,0.119899259041,0.124584539832,0.0247824485081,0.0942603311519,0.0318438071793,0.00907089470356,0.150504717675,1,0.01,10,15,1,10,20,1.64589835917e-08,1.48852097332e-08,1.64589835917e-08,0.0221761735191,0.0117236549895,2.34486735824e-08,1.64589835917e-08,1.48852097332e-08,1.64589835917e-08,0.55070481943,0.212901991804,0.202493241202
39,0.0339198943356,0.240941045769,0.0332259886547,0.0392046878535,0.189785843383,0.0276700336893,0.0663323427677,0.0316061925762,0.0981272674009,0.0148186443647,0.181915799348,0.0424522598568,1,0.01,10,15,1,10,20,9.56603411372e-06,8.65134978137e-06,9.56603411372e-06,6.37313529199e-08,6.21795770676e-06,0.000509531138548,9.56603411372e-06,8.65134978137e-06,9.56603411372e-06,0.569703061818,0.22024669536,0.209478863158
40,0.0295115224858,0.100114273115,0.0545671826267,0.101320077197,0.0148945582786,0.061801583433,0.00322450772921,0.248740835214,0.100716989374,0.0166676215846,0.255021641817,0.0134192071443,1,0.01,10,15,1,10,20,7.32467632788e-08,6.62430597617e-08,7.32467632788e-08,8.06378963281e-08,3.91396076865e-10,9.26303732996e-08,7.32467632788e-08,6.62430597617e-08,7.32467632788e-08,0.570028337166,0.22037252382,0.209598539881
41,0.00238805286018,0.155691071671,0.124500556347,0.0830253602902,0.235548918086,0.0408779957377,0.0157445749683,0.100355008319,0.0152401269578,0.0432014833199,0.128347197479,0.0550796539642,1,0.01,10,15,1,10,20,1.11806725791e-10,1.01115998671e-10,1.11806725791e-10,6.3617989193e-08,0.00402657011683,1.48955947467e-10,1.11806725791e-10,1.01115998671e-10,1.11806725791e-10,0.567733467153,0.21948525182,0.208754646494
42,0.0465532879068,0.00909923365044,0.0717775728614,0.0560765506386,0.00522550191649,0.0497279882769,0.0602001146477,0.232263725728,0.0793165474436,0.0405732549491,0.275061858262,0.0741243637185,1,0.01,10,15,1,10,20,0.00020795121042,0.00018806734718,0.00020795121042,0.012228068584,0.000128962818786,0.000869705707804,0.00020795121042,0.00018806734718,0.00020795121042,0.561800583765,0.217191604396,0.206573135193
43,0.0964098818776,0.0891675249262,0.00334775583795,0.00977214787835,0.283498018141,0.0793183498643,0.0884834586731,0.0770655393364,0.0394278869102,0.0678331682936,0.0405792737749,0.125096994486,1,0.01,10,15,1,10,20,1.62331922272e-07,1.46810080704e-07,1.62331922272e-07,0.104767567899,0.000225044093523,3.49508855852e-07,1.62331922272e-07,1.46810080704e-07,1.62331922272e-07,0.510179219012,0.197234830843,0.187592045696
44,0.106606268698,0.00490998497677,0.0325563781028,0.466733582491,0.109158866002,0.0321036454191,0.0581851302873,0.00309561396297,8.94701756514e-05,0.00550063354844,0.0832298113114,0.0978306150241,1,0.01,10,15,1,10,20,1.25601794822e-06,1.13592011826e-06,1.25601794822e-06,3.77197543354e-08,0.00549556341854,0.000526444236426,1.25601794822e-06,1.13592011826e-06,1.25601794822e-06,0.566591866697,0.219043910102,0.208334881915
45,0.0163367273624,0.0433802406324,0.0339963316547,0.0380770823274,0.0375100683837,0.10613480151,0.0327066745361,0.0955604785392,0.037024708039,0.119548970707,0.240756546473,0.198967369835,1,0.01,10,15,1,10,20,3.27105209646e-07,2.95828088245e-07,3.27105209646e-07,0.0176472530997,2.56923260581e-05,3.46634190308e-06,3.27105209646e-07,2.95828088245e-07,3.27105209646e-07,0.5599516184,0.216476796035,0.20589327372
46,0.101140083005,0.12720507265,0.129627817489,0.134352347095,0.129545466968,0.0490863024764,0.00349106536736,0.0230812684164,0.055087824092,0.126103801344,0.0774984089413,0.043780542155,1,0.01,10,15,1,10,20,1.28570419672e-05,1.16276782928e-05,1.28570419672e-05,6.05118525202e-07,3.53674728355e-05,0.00119271247393,1.28570419672e-05,1.16276782928e-05,1.28570419672e-05,0.569285807075,0.220085385048,0.209325439287
47,0.0847482915007,0.0232473721931,0.00118703042243,0.242460569302,0.235060112897,0.0591699164961,0.0764916896244,0.0774860610018,0.0858422401514,0.0165203345227,0.0108434878427,0.0869428940462,1,0.01,10,15,1,10,20,5.99267240733e-06,5.41966550659e-06,5.99267240733e-06,0.16590833205,2.06627895742e-05,0.0005980567455,5.99267240733e-06,5.41966550659e-06,5.99267240733e-06,0.475083712451,0.183666939322,0.174687486621
48,0.034708335971,0.164337432572,0.00710669599456,0.0666822291053,0.106645423889,0.216858190574,0.100950967279,0.0214814061471,0.0611137636533,0.0716449956198,0.128687571517,0.0197829876781,1,0.01,10,15,1,10,20,1.28391180295e-05,1.16114682048e-05,1.28391180295e-05,0.00380376494377,3.35012776115e-05,0.0112123341057,1.28391180295e-05,1.16114682048e-05,1.28391180295e-05,0.399259109366,0.300145389927,0.285471320972
49,0.00542065226516,0.03818405458,0.0938229619541,0.0649816643434,0.113281168999,0.157654978433,0.00991463031779,0.0702457449095,0.0583709499005,0.119198281032,0.0368127732177,0.232112140048,1,0.01,10,15,1,10,20,4.70161821891e-10,4.25205924072e-10,4.70161821891e-10,0.0537122992995,9.69991902543e-07,1.65002157166e-06,4.70161821891e-10,4.25205924072e-10,4.70161821891e-10,0.539409714005,0.208535314126,0.198340049825
50,0.073507409579,0.025245732792,0.180110662953,0.00333533318965,0.0947888724388,0.183073269108,0.177138831845,0.0431871013376,0.0158581493854,0.00949508327337,0.123604774725,0.0706547793728,1,0.01,10,15,1,10,20,2.41369129801e-06,2.18289914452e-06,2.41369129801e-06,1.42402611623e-09,0.00342399242445,3.47586128014e-06,2.41369129801e-06,2.18289914452e-06,2.41369129801e-06,0.568067016213,0.219614201589,0.208877291925
51,0.0339986664043,0.0223315604702,0.00105796687481,0.395598352401,0.00115587342466,0.00210709454484,0.0519350219089,0.0141571863094,0.22828592636,0.177724579211,0.0568224040984,0.014825367992,1,0.01,10,15,1,10,20,0.000108849257743,9.84413175809e-05,0.000108849257743,0.00784706645279,0.0010085666571,0.00152615831674,0.000108849257743,9.84413175809e-05,0.000108849257743,0.563750427323,0.217945412175,0.207290089409
52,0.018448535621,0.136529207736,0.0364143048476,0.0646427742479,0.0407670641063,0.213110434406,0.0346323205584,0.25700963459,0.0147304296875,0.0324573575362,0.0413198504549,0.109938086208,1,0.01,10,15,1,10,20,4.7661202375e-06,4.31039371014e-06,4.7661202375e-06,0.0217285715623,0.00370703478943,1.6103606675e-11,4.7661202375e-06,4.31039371014e-06,4.7661202375e-06,0.555513955986,0.214761199706,0.204261552671
53,0.200119156964,0.0547003588,0.0404236060582,0.174898954799,0.00701038204276,0.0633830489768,0.0350486430904,0.106736546449,0.0557691462761,0.222145569799,0.0289469597944,0.0108176269502,1,0.01,10,15,1,10,20,1.20638023241e-05,1.09102865784e-05,1.20638023241e-05,6.08265870281e-08,7.57127284748e-06,1.30364665078e-05,1.20638023241e-05,1.09102865784e-05,1.20638023241e-05,0.569977037773,0.22035261422,0.209579603659
54,0.00489500280229,0.00581375428811,0.0291944399362,0.116929585178,0.106307034144,0.0835310362251,0.00944757915071,0.191716837222,0.0278704561953,0.0570953716915,0.310761118966,0.0564377842015,1,0.01,10,15,1,10,20,1.53328524132e-05,1.38667568812e-05,1.53328524132e-05,2.54698175415e-05,3.96640653625e-05,1.32658260469e-05,1.53328524132e-05,1.38667568812e-05,1.53328524132e-05,0.569933305005,0.22033570717,0.209563523193
55,0.0200953092907,0.0129639311273,0.0798104298882,0.20844559315,0.069117208691,0.127510527709,0.0454497664519,0.157563967719,0.0685643460878,0.113435891478,0.0774982078252,0.0195448205825,1,0.01,10,15,1,10,20,5.07073462467e-10,4.58588150168e-10,5.07073462467e-10,0.0169288589524,0.0047049530548,0.000692000550332,5.07073462467e-10,4.58588150168e-10,5.07073462467e-10,0.557302407631,0.215452613516,0.20491916335
56,0.0527087257236,0.0274530420335,0.309554105559,0.277618420547,0.00115369801393,0.0698711376102,0.0165848284394,0.0285586623119,0.0301508906133,0.109183434302,0.0612379867118,0.0159250681342,1,0.01,10,15,1,10,20,3.75896006715e-10,3.3995361054e-10,3.75896006715e-10,0.106003170874,0.00649546747842,7.03806876676e-10,3.75896006715e-10,3.3995361054e-10,3.75896006715e-10,0.50590130317,0.195580992396,0.186019063194
57,0.0703597131877,0.053117599371,0.0803211512022,0.144687844661,0.162704472065,0.0785510587356,0.00696233935057,0.0476770479996,0.0326294434159,0.225636797564,0.0123330245697,0.0850195078781,1,0.01,10,15,1,10,20,4.97256459148e-06,4.49709828336e-06,4.97256459148e-06,7.73121953567e-06,1.67102962678e-05,0.00111209952032,4.97256459148e-06,4.49709828336e-06,4.97256459148e-06,0.569364438609,0.220115783929,0.209354351971
58,0.0514379650038,0.0694316283808,0.0556468753377,0.271290431793,0.0520547612347,0.0978003851161,0.0644303907906,0.0228446551,0.248657502863,0.0292430511082,0.0122678086431,0.0248945446284,1,0.01,10,15,1,10,20,5.33583340967e-06,4.82563209094e-06,5.33583340967e-06,0.000339005087219,0.0267267441788,0.0193008560357,5.33583340967e-06,4.82563209094e-06,5.33583340967e-06,0.386569116144,0.290620849691,0.276412434265
59,0.0293354425192,0.00943073119102,0.418864073152,0.106219986354,0.0457660299803,0.0434865239645,0.0176181873689,0.0098889182101,0.0965458007986,0.124969970725,0.00017376033529,0.0977005754011,1,0.01,10,15,1,10,20,3.70867951844e-07,3.35406327842e-07,3.70867951844e-07,0.117954222507,3.41127416341e-06,0.000161782437819,3.70867951844e-07,3.35406327842e-07,3.70867951844e-07,0.502696071748,0.194341852788,0.18484050496
60,0.0280969287817,0.133022333231,0.0793862642205,0.0429103804457,0.0619419002526,0.0614152227252,0.0384422345704,0.207930403342,0.0787183438013,0.238975541248,0.0249072178667,0.00425322951428,1,0.01,10,15,1,10,20,2.90851287972e-09,2.63040691335e-09,2.90851287972e-09,0.00880724177309,5.73173182175e-06,0.00744835589463,2.90851287972e-09,2.63040691335e-09,2.90851287972e-09,0.560759329522,0.216789056434,0.206190267749
61,0.0229664595894,0.0644573340181,0.109734382374,0.152073084341,0.00454812876669,0.193110346617,0.0135157571607,0.0504269506153,0.254289791743,0.0731483292937,0.00101705882294,0.060712376658,1,0.01,10,15,1,10,20,1.14359052051e-05,1.0342427679e-05,1.14359052051e-05,1.0684592908e-05,0.00940235060005,4.24065424717e-07,1.14359052051e-05,1.0342427679e-05,1.14359052051e-05,0.564624955968,0.218283504169,0.207611652129
62,0.00339454791848,0.184427758183,0.263267045964,0.0357497837116,0.13076911549,0.0206347642414,0.0810770053779,0.0693057554699,0.0326800112266,0.0146141681209,0.0294435227415,0.134636521554,1,0.01,10,15,1,10,20,3.93677661982e-07,3.56035020828e-07,3.93677661982e-07,0.0115428213943,0.00448444014527,0.00223475032149,3.93677661982e-07,3.56035020828e-07,3.93677661982e-07,0.55961758907,0.216347660594,0.205770451694
63,0.00171675766496,0.00833044887515,0.0081522978563,0.133265449217,0.0499277558526,0.0494001067056,0.00412202783137,0.213227105299,0.0419582860727,0.0225033013352,0.0654988058152,0.401897657475,1,0.01,10,15,1,10,20,1.78461648334e-08,1.6139751583e-08,1.78461648334e-08,0.000355507223768,0.000238327571836,1.52654460269e-08,1.78461648334e-08,1.6139751583e-08,1.78461648334e-08,0.404978721618,0.304661082619,0.289766242038
64,0.0864818151089,0.127464517928,0.0262389861449,0.0364159728509,0.08159021224,0.0478799651455,0.286140643376,0.113133004095,0.123360305337,0.0064747426484,0.0324921344155,0.0323277007093,1,0.01,10,15,1,10,20,3.81826703159e-07,3.45317226097e-07,3.81826703159e-07,1.09191646268e-07,2.86596984816e-07,0.00745479531853,3.81826703159e-07,3.45317226097e-07,3.81826703159e-07,0.56577774812,0.218729243505,0.208035599326
65,0.0573280141906,0.0695571649958,0.0393776021339,0.000336064646099,0.0170600348198,0.0649157349688,0.197808180934,0.00392620358781,0.150626580623,0.115824613329,0.137054396722,0.146185409049,1,0.01,10,15,1,10,20,3.12231669615e-06,2.8237672525e-06,3.12231669615e-06,3.88727962083e-09,2.92539951361e-06,2.5841773294e-06,3.12231669615e-06,2.8237672525e-06,3.12231669615e-06,0.570015283331,0.220367399918,0.209593666486
66,0.0644511896092,0.00792153661133,0.0250139004062,0.0944074054244,0.0381244078984,0.245883607832,0.0835596859403,0.0424697044175,0.172265051047,0.0183944285168,0.120447945026,0.0870611372713,1,0.01,10,15,1,10,20,1.81134816301e-05,1.63815081023e-05,1.81134816301e-05,3.84847306713e-05,0.00271154182753,0.000782371510158,1.81134816301e-05,1.63815081023e-05,1.81134816301e-05,0.567955219471,0.219570981068,0.20883618445
67,0.0193121417774,0.128876278629,0.11355760202,0.0133652869711,0.0206776479478,0.0729885318894,0.0907025548393,0.14718516635,0.204267764739,0.00688577419433,0.0490569408508,0.133124309791,1,0.01,10,15,1,10,20,4.91465974635e-07,4.44473017936e-07,4.91465974635e-07,0.011258723804,0.0119965417136,4.35021193956e-07,4.91465974635e-07,4.44473017936e-07,4.91465974635e-07,0.556770719089,0.2152470632,0.204723662362
68,0.100231459913,0.0625975063074,0.157625418704,0.0822287672332,0.0365324790108,0.000495767994749,0.308721242219,0.0594351210893,0.0494060849096,0.0439963425164,0.0267075428609,0.0720222672421,1,0.01,10,15,1,10,20,4.48245363075e-06,4.05385071571e-06,4.48245363075e-06,4.88625198267e-06,0.000432769925414,4.90770991722e-06,4.48245363075e-06,4.05385071571e-06,4.48245363075e-06,0.569761648383,0.220269344873,0.20950040534
69,0.0210266732082,0.174283489421,0.0905934712968,0.070142872044,0.0299959096475,0.0197267563916,0.0225828250804,0.00624268172223,0.426647068347,0.0363505085655,0.0505863716293,0.0518213726469,1,0.01,10,15,1,10,20,1.23707591609e-08,1.11878928393e-08,1.23707591609e-08,0.119894431334,3.72532381575e-07,0.0111322868834,1.23707591609e-08,1.11878928393e-08,1.23707591609e-08,0.495339513023,0.191497813749,0.182135510619
70,0.245913412326,0.0276370818255,0.118460023191,0.00926685653937,0.00665952372516,0.162897930657,0.0589222805506,0.141507521653,0.0903739700404,0.0239037422431,0.0354247665279,0.0790328907218,1,0.01,10,15,1,10,20,1.79954758652e-09,1.62747858038e-09,1.79954758652e-09,0.172409779196,0.00155795049464,1.19528115154e-07,1.79954758652e-09,1.62747858038e-09,1.79954758652e-09,0.324969187792,0.256809159418,0.244253793118
71,0.223277208977,0.020288344122,0.036104810611,0.0623066672861,0.0796498793511,0.130080722224,0.024024329166,0.0365541128183,0.218509243036,0.0280954408125,0.0891249522918,0.0519842893038,1,0.01,10,15,1,10,20,4.09891671561e-05,3.70698680455e-05,4.09891671561e-05,0.0040717370573,0.00026210748292,6.76899431253e-05,4.09891671561e-05,3.70698680455e-05,4.09891671561e-05,0.567256143312,0.219415715758,0.208688510041
72,0.0126785575453,0.0774350976811,0.149918409964,0.119269977544,0.00148154297786,0.046239791178,0.0227356067714,0.210493943019,0.127485170633,0.0362504306511,0.0193312175226,0.176680254512,1,0.01,10,15,1,10,20,0.00015140141262,0.000136924723705,0.00015140141262,0.00202923691698,0.000211199512032,0.00146857180359,0.00015140141262,0.000136924723705,0.00015140141262,0.391622094531,0.309459436815,0.294330005323
73,0.0187567717208,0.0319476164328,0.119196070108,0.231364602022,0.14122059499,0.000362915753186,0.0344857305143,0.00655852928923,0.307794529005,0.0357353751063,0.0277222612109,0.044855003847,1,0.01,10,15,1,10,20,0.000327214357467,0.000295926799579,0.000327214357467,0.000224689643382,0.000402473599402,0.00047363937357,0.000327214357467,0.000295926799579,0.000327214357467,0.568317815547,0.219711160387,0.208969510421
74,0.176292138638,0.026230601385,0.12015117301,0.172269385887,0.0283513864272,0.0317515988951,0.0282985928453,0.0980990419774,0.270450600671,0.0445669485933,0.00170633019581,0.00183220147476,1,0.01,10,15,1,10,20,1.93081459628e-05,1.74619411104e-05,1.93081459628e-05,0.057371624079,0.0176055777792,0.074387527534,1.93081459628e-05,1.74619411104e-05,1.93081459628e-05,0.484822640071,0.18743200005,0.178268474021
75,0.11693056984,0.235833665654,0.00232430414875,0.136550682225,0.064852009353,0.0287856096374,0.216954199237,0.0441896526647,0.0914258357808,0.0537807984032,0.00481396432955,0.0035587087271,1,0.01,10,15,1,10,20,5.13563688824e-07,4.64457794547e-07,5.13563688824e-07,0.18214254627,0.00848098600715,0.000400516687732,5.13563688824e-07,4.64457794547e-07,5.13563688824e-07,0.461137861517,0.178275485795,0.169559620553
76,0.161500699823,0.0509891974538,0.0980677471881,0.191733720889,0.00958405924026,0.0209126378624,0.0594672253279,0.119359187328,0.0831380937493,0.00856042694931,0.0849131724655,0.111773831724,1,0.01,10,15,1,10,20,0.000182755647627,0.000165280931821,0.000182755647627,0.0105884941539,0.00582578765094,0.000213535921019,0.000182755647627,0.000165280931821,0.000182755647627,0.55994529659,0.216474352029,0.205890949201
77,0.00187538427252,0.0129782746417,0.0278422531822,0.0572878025662,0.0381823931048,0.0476553490956,0.0968211953748,0.154129705182,0.462316603672,0.0524803935791,0.0214860141399,0.0269446311892,1,0.01,10,15,1,10,20,0.000143691616174,0.000129952121997,0.000143691616174,0.000600365251495,0.000107308389594,0.0221079836134,0.000143691616174,0.000129952121997,0.000143691616174,0.384116621113,0.303536454286,0.288696596637
78,0.0465605356751,0.0609541134768,0.19835878452,0.074001029924,0.0142377080509,0.0524864207691,0.00457356535956,0.269399430726,0.017957068753,0.14702688424,0.094194144311,0.0202503141945,1,0.01,10,15,1,10,20,1.11588427509e-06,1.00918573618e-06,1.11588427509e-06,0.0483025151891,1.15138231583e-06,8.50780656342e-07,1.11588427509e-06,1.00918573618e-06,1.11588427509e-06,0.542490105434,0.209726190703,0.199472704602
79,0.163517891421,0.0291924827223,0.0157114049018,0.108707959131,0.0853278501207,0.00140400132958,0.180084335791,0.0928396826956,8.56020159579e-05,0.232518410401,0.0701577042952,0.0204526751754,1,0.01,10,15,1,10,20,1.38125680011e-05,1.249183891e-05,1.38125680011e-05,0.0627858362049,0.000240948019167,0.000241830248657,1.38125680011e-05,1.249183891e-05,1.38125680011e-05,0.379705816711,0.285450485941,0.271494848925
80,0.0751791303869,0.0551118733011,0.231763894099,0.215422422151,0.122746495108,0.032687772079,0.00754981657454,0.00232487565152,0.0469851087577,0.106968114802,0.070392371033,0.0328681260553,1,0.01,10,15,1,10,20,2.90025601014e-10,2.62293954851e-10,2.90025601014e-10,0.0182288879075,0.0149161225758,0.000181679592885,2.90025601014e-10,2.62293954851e-10,2.90025601014e-10,0.551031591727,0.213028321683,0.202613394829
81,0.073409220079,0.0490089075373,0.188142748916,0.158853648149,0.00227418818667,0.0913118007948,0.0403046357116,0.112547992447,0.179689156175,0.0508548518332,0.0281912902158,0.0254115599544,1,0.01,10,15,1,10,20,4.67233187835e-06,4.22557319927e-06,4.67233187835e-06,0.201586357532,0.00220775161616,7.4886194067e-05,4.67233187835e-06,4.22557319927e-06,4.67233187835e-06,0.453802102244,0.175439487805,0.166862274135
82,0.0986594422826,0.183228994528,0.00423167143913,0.100464187129,0.0475735866759,0.0983052038945,0.0290455910538,0.00647712154049,0.144252009801,0.102427016872,0.1709649028,0.0143702719834,1,0.01,10,15,1,10,20,1.03411794184e-07,9.35237730046e-08,1.03411794184e-07,1.63366853306e-07,0.00220205340079,2.074663995e-07,1.03411794184e-07,9.35237730046e-08,1.03411794184e-07,0.568772977083,0.219887125431,0.209136872557
83,0.0891433439193,0.0733219263298,0.0651927762503,0.288227703237,0.0470332241254,0.0721585328663,0.0592581757479,0.125698639256,0.0367826183086,0.00501895488681,0.0380625699384,0.100101535134,1,0.01,10,15,1,10,20,2.5253926512e-07,2.28391984611e-07,2.5253926512e-07,0.127693130427,0.00186373941177,0.000962620964074,2.5253926512e-07,2.28391984611e-07,2.5253926512e-07,0.495628064357,0.191609367437,0.182241610462
84,0.0633390963075,0.0403182847065,0.0304730581878,0.164118716305,0.15300248209,0.153313153945,0.0264684961626,0.0533735091138,0.0785651430318,0.106698949878,0.116744141693,0.0135849685792,1,0.01,10,15,1,10,20,5.27672720707e-09,4.77217750079e-09,5.27672720707e-09,0.0944192498865,0.00577913557295,6.29921030001e-08,5.27672720707e-09,4.77217750079e-09,5.27672720707e-09,0.512912749398,0.198291611251,0.188597160248
85,0.0783953716836,0.103284598941,0.0343978287178,0.289387312263,0.00803090241292,0.0168360473684,0.0264715624637,0.0639377742212,0.177658156705,0.100843490723,0.0208639604112,0.0798929940885,1,0.01,10,15,1,10,20,2.24834403e-05,2.03336203918e-05,2.24834403e-05,0.0884845093542,0.000134464590881,0.000721185444392,2.24834403e-05,2.03336203918e-05,2.24834403e-05,0.358219380487,0.283074671438,0.269235187683
86,0.0892212966537,0.00249069623804,0.0862881313342,0.0238414136425,0.0521186641426,0.131346801676,0.0239868897889,0.0322176211302,0.256468462705,0.0382078680411,0.0365351343714,0.227277020276,1,0.01,10,15,1,10,20,2.2028687276e-07,1.99223499084e-07,2.2028687276e-07,0.000354488046483,0.00215098088689,0.000525813292513,2.2028687276e-07,1.99223499084e-07,2.2028687276e-07,0.404162796163,0.303829411144,0.288975230872
87,0.154798940879,0.0381824650908,0.244190168038,0.0259427583014,0.118761077355,0.0532965676131,0.00197419496713,0.0135877841796,0.0382633831966,0.00642854041256,0.0584163121772,0.246157807789,1,0.01,10,15,1,10,20,1.77981861811e-06,1.60963605499e-06,1.77981861811e-06,6.20806912171e-17,0.000857040274652,1.78021850235e-06,1.77981861811e-06,1.60963605499e-06,1.77981861811e-06,0.569533319008,0.220181072941,0.209416449011
88,0.0519581658379,0.0236983428441,0.0386623091338,0.123348697443,0.231607490339,0.0117522768589,0.135875544506,0.136077181056,0.0589620425034,0.160682812304,0.0222105633455,0.00516457382796,1,0.01,10,15,1,10,20,1.29485577074e-08,1.17104434878e-08,1.29485577074e-08,0.23554953671,0.00287538753191,0.00313013030993,1.29485577074e-08,1.17104434878e-08,1.29485577074e-08,0.312488328191,0.228565540754,0.217391001287
89,0.0347813815961,0.206883544679,0.0332252786672,0.247889412896,0.0674492672259,0.215795770425,0.0244164449049,0.027446887219,0.0355543922435,0.00944756698095,0.0519762100563,0.045133843106,1,0.01,10,15,1,10,20,4.48157482627e-08,4.05305594069e-08,4.48157482627e-08,0.228172178629,6.86014221556e-08,6.71980056365e-08,4.48157482627e-08,4.05305594069e-08,4.48157482627e-08,0.439963833746,0.170089625552,0.161773965949
90,0.0929103125436,0.00585538813869,0.103846845664,0.107313358956,0.0505524821951,0.0039112823053,0.000242258357468,0.0429024616775,0.0115056296123,0.180315631633,0.119983339212,0.280661009706,1,0.01,10,15,1,10,20,4.86211546474e-12,4.39721007293e-12,4.86211546474e-12,0.0117459740874,0.000212083767669,1.45774944461e-06,4.86211546474e-12,4.39721007293e-12,4.86211546474e-12,0.56321149674,0.217737062093,0.207091925534
91,0.165556847068,0.00812065864049,0.0231518476019,0.0270369167261,0.0235200353966,0.00409328312152,0.149406924302,0.0565497148315,0.235402282856,0.167261574097,0.0957103910784,0.0441895242799,1,0.01,10,15,1,10,20,3.4074396318e-09,3.08162732468e-09,3.4074396318e-09,0.0171842141565,5.05375738642e-09,0.00749834957061,3.4074396318e-09,3.08162732468e-09,3.4074396318e-09,0.555958979189,0.214933245279,0.204425186959
92,0.00544458918638,0.495001626146,0.107821029469,0.0139199839301,0.0225179299525,0.0686639894997,0.0011942343932,0.0191744754923,0.013865896455,0.0777986243847,0.144120900527,0.0304767205638,1,0.01,10,15,1,10,20,1.81992536455e-08,1.64590787755e-08,1.81992536455e-08,1.2900269892e-07,0.000127091455068,0.00281582138947,1.81992536455e-08,1.64590787755e-08,1.81992536455e-08,0.568351085893,0.219724022673,0.208981743871
93,0.0309359897384,0.00505672809126,0.0494960004615,0.000171068572579,0.0609433142419,0.0436464171519,0.266128800874,0.244586431192,0.062032324931,0.00551519555091,0.179993305175,0.0514944240197,1,0.01,10,15,1,10,20,7.99468439831e-08,7.23024926518e-08,7.99468439831e-08,2.17771449983e-06,8.25403276107e-08,0.00293250636172,7.99468439831e-08,7.23024926518e-08,7.99468439831e-08,0.568354027908,0.219726572267,0.208984168816
94,0.075862879656,0.107596555902,0.158834614105,0.0416169663927,0.124514429408,0.0194816528356,0.16638651979,0.0672712770509,0.0415761500459,0.167434371802,0.0066051983132,0.0228193846982,1,0.01,10,15,1,10,20,1.94589561829e-05,1.75983311702e-05,1.94589561829e-05,0.000865595827908,0.00129355367306,0.00417923034179,1.94589561829e-05,1.75983311702e-05,1.94589561829e-05,0.566351274061,0.218950897204,0.208246416405
95,0.083583636547,0.020772368035,0.159700664169,0.0994335709743,0.0125989176278,0.21860978546,0.0280383902003,0.0976246034353,0.000749807319277,0.00742691716591,0.25026354707,0.0211977919948,1,0.01,10,15,1,10,20,6.49679947213e-05,5.87558898752e-05,6.49679947213e-05,0.000159095704352,9.83737724336e-05,7.56419935488e-05,6.49679947213e-05,5.87558898752e-05,6.49679947213e-05,0.569623761944,0.220216038099,0.209449704727
96,0.160170192573,0.0540483563667,0.191498098897,0.0116611614661,0.171075528902,0.0437059110661,0.0310948502296,0.0328052325146,0.0500121054771,0.0597453394902,0.179548915167,0.0146343078501,1,0.01,10,15,1,10,20,1.97144636593e-06,1.78294075519e-06,1.97144636593e-06,0.0422842597579,0.00164372542514,2.40283999715e-07,1.97144636593e-06,1.78294075519e-06,1.97144636593e-06,0.544981884786,0.210689510377,0.200388927703
97,0.0959161684295,0.0293183090495,0.101740899936,0.0503934679263,0.0723013959756,0.0748382250145,0.129765854639,0.00138174067194,0.161986913193,0.0284582635958,0.0257096324697,0.228189129099,1,0.01,10,15,1,10,20,1.9973423743e-08,1.80636064097e-08,1.9973423743e-08,5.49143482321e-05,0.00174287135011,0.000521419195465,1.9973423743e-08,1.80636064097e-08,1.9973423743e-08,0.568706685026,0.219861496981,0.209112497078
98,0.117830432045,0.00813965106094,0.0614245410825,0.049552924747,0.0534974050886,0.170614238227,0.24962975438,0.112496333656,0.048590031119,0.0392337377193,0.0560646586329,0.0329262922408,1,0.01,10,15,1,10,20,2.86870388746e-07,2.59440437432e-07,2.86870388746e-07,0.13257135391,2.67520779672e-05,0.00246397424717,2.86870388746e-07,2.59440437432e-07,2.86870388746e-07,0.493038544038,0.190608261193,0.181289448171
99,0.146062611063,0.0557291019188,0.0723316263501,0.0567410901499,0.064810788837,0.0815840759462,0.0351901525268,0.18553217116,0.0811033820748,0.0573829406728,0.0242276514188,0.139304407882,1,0.01,10,15,1,10,20,2.52633705968e-08,2.28477395221e-08,2.52633705968e-08,0.12414359267,1.62198570216e-05,5.49416403634e-05,2.52633705968e-08,2.28477395221e-08,2.52633705968e-08,0.49922269814,0.19299904965,0.183563351293
100,0.253084696534,0.000851874294706,0.123854206271,0.121997823358,0.0820900851961,0.0615769618497,0.0443523299024,0.0050031039493,0.00319426291207,0.0931357181936,0.0213179434727,0.189540994067,1,0.01,10,15,1,10,20,4.09239882542e-10,3.7010921415e-10,4.09239882542e-10,0.00251121651533,0.00556721814877,7.26023272996e-10,4.09239882542e-10,3.7010921415e-10,4.09239882542e-10,0.565423822761,0.218592345359,0.207905394113
101,0.0418271359484,0.195080036118,0.445197373444,0.0114213769315,0.154512658413,0.00033786150359,0.0248747396231,0.0117836754846,0.00964111656708,0.0101897352901,0.0712746635037,0.0238596271738,1,0.01,10,15,1,10,20,3.60366386439e-07,3.25908900331e-07,3.60366386439e-07,7.03169233009e-05,6.38916314198e-07,0.0225331401569,3.60366386439e-07,3.25908900331e-07,3.60366386439e-07,0.557142586513,0.215390826814,0.204860397393
102,0.0710597657753,0.0043099984153,0.00295144617684,0.0504054400283,0.0437822301467,0.0316720429058,0.0159648062307,0.0107448817316,0.375106707034,0.0248557147596,0.314152398094,0.0549945687017,1,0.01,10,15,1,10,20,1.28067843003e-07,1.15822261597e-07,1.28067843003e-07,0.000380409760312,2.30839422944e-07,0.00188745546296,1.28067843003e-07,1.15822261597e-07,1.28067843003e-07,0.392535373483,0.310180228727,0.295015557812
103,0.0682391269866,0.0643403386387,0.179700837636,0.125590685311,0.0426759048384,0.177401485903,0.0189102199426,0.0202270957986,0.0269805806421,0.0683539184499,0.187470706286,0.0201090995667,1,0.01,10,15,1,10,20,2.21358475407e-08,2.00192637309e-08,2.21358475407e-08,2.72640078384e-06,0.0031538270764,1.68470752484e-08,2.21358475407e-08,2.00192637309e-08,2.21358475407e-08,0.568229355484,0.219676961806,0.208936983804
104,0.100005869876,0.275371144724,0.00637462145837,0.149967974683,0.0142960301976,0.0936399436851,0.0783040234749,0.0576085459062,0.0278500580963,0.00258332288365,0.172936214736,0.0210622502782,1,0.01,10,15,1,10,20,1.48810400492e-08,1.3458145878e-08,1.48810400492e-08,0.0489716055451,0.0026829888275,0.000660770879025,1.48810400492e-08,1.3458145878e-08,1.48810400492e-08,0.540207452361,0.208843719062,0.198633376884
105,0.0940210018625,0.182497329934,0.0435764113091,0.0155540456753,0.0328367828264,0.121177385486,0.0739676214571,0.098547619478,0.144964989969,0.0337438785858,0.144656503464,0.014456429953,1,0.01,10,15,1,10,20,1.942189629e-06,1.75648148674e-06,1.942189629e-06,9.13169905379e-07,2.68384391962e-06,1.09613317583e-08,1.942189629e-06,1.75648148674e-06,1.942189629e-06,0.57001942518,0.220369767144,0.209595917979
106,0.136382259524,0.112723490655,0.111086676153,0.177720392251,0.0555650866524,0.157238479055,0.172337212483,0.0120057149647,0.00995944290274,0.020787573022,0.0336573997018,0.00053627263707,1,0.01,10,15,1,10,20,1.58689467715e-08,1.43515910094e-08,1.58689467715e-08,0.296318533858,0.0181235929328,0.00441513518813,1.58689467715e-08,1.43515910094e-08,1.58689467715e-08,0.388270900968,0.150105183865,0.142766561009
107,0.0954151473154,0.0496069815736,0.0386496295901,0.254980787491,0.0463273319669,0.0677245463241,0.0514904464305,0.0750705427034,0.228334865248,0.0544636996704,0.0259550413347,0.0119809803521,1,0.01,10,15,1,10,20,8.88787595463e-06,8.03803569827e-06,8.88787595463e-06,0.156981014577,0.00467268691533,1.80978542413e-05,8.88787595463e-06,8.03803569827e-06,8.88787595463e-06,0.477841759397,0.18473319781,0.175701615871
108,0.0241507873782,0.028845326817,0.0291515427745,0.0189471518581,0.0719793064388,0.185468966247,0.0792901978732,0.111988473213,0.0182935548771,0.0362389606627,0.103036798363,0.292608933498,1,0.01,10,15,1,10,20,1.31217149953e-07,1.18670438351e-07,1.31217149953e-07,1.21862452676e-07,0.000434815305726,0.000476682972487,1.31217149953e-07,1.18670438351e-07,1.31217149953e-07,0.569508680478,0.220171547707,0.209407389465
109,0.101447908572,0.101841925621,0.20097700301,0.018238346939,0.210295335017,0.000522502783066,0.0398467875997,0.0511145871865,0.0924727556541,0.0821983419015,0.0412477489398,0.0597967567763,1,0.01,10,15,1,10,20,2.47656169152e-08,2.23975800146e-08,2.47656169152e-08,0.094815103428,0.00207395015635,6.80234604906e-08,2.47656169152e-08,2.23975800146e-08,2.47656169152e-08,0.51479909636,0.199020871304,0.189290766871
110,0.106942009192,0.0897877843027,0.124970176557,0.398843138044,0.0294340447215,0.059461053477,0.0256325734976,0.0175835451795,0.0148855382674,0.00161697609101,0.107969781484,0.0228733791863,1,0.01,10,15,1,10,20,0.000213752858245,0.000193314253479,0.000213752858245,0.000185810416289,0.000312809111439,0.000208257713029,0.000213752858245,0.000193314253479,0.000213752858245,0.568918053821,0.219943211968,0.20919021703
111,0.0805129292924,0.0297813894874,0.234042925845,0.289899670772,0.00500929272078,0.0550493752163,0.085807614417,0.125792599344,0.0281054222916,0.0516300020941,0.00441178308532,0.00995699543339,1,0.01,10,15,1,10,20,7.18719373122e-07,6.49996918013e-07,7.18719373122e-07,0.290586003609,0.00166135365233,8.27681665203e-07,7.18719373122e-07,6.49996918013e-07,7.18719373122e-07,0.403436513028,0.155968195955,0.148342931203
112,0.250964083077,0.0332087420807,0.0959168061713,0.192760070198,0.00274044790729,0.00462541810812,0.0659650606216,0.0527126303897,0.0849673139428,0.162113589762,0.0457679223194,0.00825791542232,1,0.01,10,15,1,10,20,1.57501894389e-07,1.42441890065e-07,1.57501894389e-07,0.0853748813239,5.11101802125e-05,1.05940106021e-05,1.57501894389e-07,1.42441890065e-07,1.57501894389e-07,0.52132693185,0.201544526679,0.191691041065
113,0.104994272003,0.00565326519469,0.182641158147,0.141083217,0.0863167485573,0.0325880332563,0.0127774014604,0.00998137242225,0.00155692595809,0.12947564571,0.0684929601706,0.22443900012,1,0.01,10,15,1,10,20,4.20710084746e-08,3.8048265942e-08,4.20710084746e-08,0.0393795012721,1.33230469469e-06,9.75812390588e-08,4.20710084746e-08,3.8048265942e-08,4.20710084746e-08,0.547580361819,0.21169407928,0.201344383363
114,0.146374651984,0.0880475763216,0.0115565611086,0.0424419348535,0.265291111863,0.0515797270466,0.0809474951455,0.00369582950822,0.213076541297,0.0699213457472,0.0175734505799,0.00949377454554,1,0.01,10,15,1,10,20,0.000116723678498,0.000105562802563,0.000116723678498,0.000373247893748,0.0192326131303,0.000536414715809,0.000116723678498,0.000105562802563,0.000116723678498,0.385229759387,0.304416411601,0.289533532953
115,0.0598814982102,0.0173386956439,0.00324160553603,0.0522837512719,0.0103912467266,0.00584879252299,0.0268133847754,0.0141914960684,0.338302119508,0.1409902646,0.131493199685,0.199223945452,1,0.01,10,15,1,10,20,1.65362061821e-08,1.49550484597e-08,1.65362061821e-08,8.15149839603e-06,0.000710495111888,5.54990520749e-05,1.65362061821e-08,1.49550484597e-08,1.65362061821e-08,0.569587424612,0.220201990119,0.209436343551
116,0.0705692288834,0.0507842753605,0.00442007376331,0.0155428094882,0.100016565753,0.0959515842039,0.0154045644332,0.152121626337,0.109829521156,0.0203934554145,0.296418262336,0.0685480328709,1,0.01,10,15,1,10,20,6.9334622691e-06,6.27049899393e-06,6.9334622691e-06,2.46568610309e-07,0.00066834523449,0.000259601521863,6.9334622691e-06,6.27049899393e-06,6.9334622691e-06,0.569476709946,0.220159187928,0.209395633954
117,0.042538562803,0.024035382946,0.162788879262,0.0377936349241,0.0105168878245,0.0473396781368,0.154883348494,0.117795403018,0.0854252738661,0.0399312488728,0.131412970845,0.145538729009,1,0.01,10,15,1,10,20,4.75095066637e-06,4.29667462191e-06,4.75095066637e-06,0.00911958949735,2.06273820637e-06,4.11523113664e-06,4.75095066637e-06,4.29667462191e-06,4.75095066637e-06,0.564811083536,0.218355460921,0.207680090924
118,0.0927854563017,0.0256532895495,0.0734570198822,0.107082063948,0.326302019176,0.0402817848209,0.0462731952645,0.0194751131736,0.0059197076692,0.128572369204,0.10397026184,0.030227719171,1,0.01,10,15,1,10,20,5.78596771384e-07,5.23272548698e-07,5.78596771384e-07,0.0218613754545,0.00984569723693,1.19517223227e-07,5.78596771384e-07,5.23272548698e-07,5.78596771384e-07,0.551952837228,0.213384474372,0.202952135259
119,0.0527186203983,0.0138274526199,0.099441865427,0.0494118220053,0.12185501693,0.145965073185,0.158082106756,0.0519285563518,0.0385148966487,0.156469531136,0.0176267899697,0.0941582685722,1,0.01,10,15,1,10,20,1.11592938802e-06,1.0092265355e-06,1.11592938802e-06,1.05228595376e-06,0.00191323234043,7.67039031107e-07,1.11592938802e-06,1.0092265355e-06,1.11592938802e-06,0.568933435103,0.219949158358,0.209195872702
120,0.292537982669,0.0730760253938,0.13232560864,0.0338645438608,0.0470597187562,0.0676492122452,0.0208851123461,0.00440070460039,0.0331593211694,0.20364946632,0.078795875438,0.0125964285615,1,0.01,10,15,1,10,20,4.26564020188e-09,3.85776853702e-09,4.26564020188e-09,0.000740736263719,4.95348157277e-09,0.00333282822487,4.26564020188e-09,3.85776853702e-09,4.26564020188e-09,0.403740491742,0.303512295278,0.28867361876
121,0.0959375385381,0.089998450706,0.00151226751818,0.138348101095,0.0111960199861,0.128101821432,0.0327352263398,0.0903406941181,0.0375604227957,0.289278320555,0.0190972709752,0.0658938659404,1,0.01,10,15,1,10,20,2.06381534337e-08,1.86647760267e-08,2.06381534337e-08,0.000381444266793,2.07447312333e-08,2.38881797675e-09,2.06381534337e-08,1.86647760267e-08,2.06381534337e-08,0.393094167111,0.310861102168,0.295663143439
122,0.0414590125672,0.101131945772,0.0660167767247,0.342841123601,0.084801540394,0.106695879558,0.000704228471116,0.0863342139725,0.0512534140259,0.090893150933,0.00251127248093,0.0253574415001,1,0.01,10,15,1,10,20,9.41524669052e-08,8.51498033869e-08,9.41524669052e-08,0.209964052721,9.9710024704e-07,3.29490548788e-07,9.41524669052e-08,8.51498033869e-08,9.41524669052e-08,0.450342147117,0.174101872241,0.165590054421
123,0.0198440652043,0.0620018550625,0.0302298654539,0.156831012012,0.0454016984341,0.175606168414,0.0386910076144,0.00776456354233,0.434128782609,0.00933801656023,0.0101314265843,0.0100315385094,1,0.01,10,15,1,10,20,5.71521221429e-05,5.16873548148e-05,5.71521221429e-05,0.476921363136,0.000621127435888,9.06175238112e-05,5.71521221429e-05,5.16873548148e-05,5.71521221429e-05,0.29757491412,0.115042196276,0.10941779831
124,0.160817538155,0.0585273959351,0.00261702131442,0.0388352095495,0.0469882435157,0.0694576610751,0.0481108258803,0.0363472310775,0.120189789635,0.297517022645,0.030863322116,0.0897287391009,1,0.01,10,15,1,10,20,1.60216771504e-06,1.44897176264e-06,1.60216771504e-06,0.0211831841303,8.26170670964e-06,9.05858429673e-05,1.60216771504e-06,1.44897176264e-06,1.60216771504e-06,0.557892089396,0.21568058396,0.205135988349
125,0.143574676285,0.0319690635747,0.0676497117409,0.0509841361641,0.111547360382,0.108081805839,0.0513957973605,0.0443525337872,0.0386693779734,0.18417741618,0.147331742682,0.0202663780304,1,0.01,10,15,1,10,20,1.20314810589e-05,1.08810558055e-05,1.20314810589e-05,0.0100950207039,4.76610779869e-05,3.19014631349e-05,1.20314810589e-05,1.08810558055e-05,1.20314810589e-05,0.564189121353,0.218115010896,0.20745139647
126,0.218810228376,0.147505999445,0.00396845161279,0.0651987534926,0.044772230255,0.0273934701972,0.145186073888,0.103536146725,0.0149840702889,0.0886400559642,0.123138499243,0.0168660205124,1,0.01,10,15,1,10,20,4.25031381875e-06,3.84390763084e-06,4.25031381875e-06,1.08735234799e-06,1.36168082787e-11,0.00146815700562,4.25031381875e-06,3.84390763084e-06,4.25031381875e-06,0.569177179628,0.220043389774,0.209285497156
127,0.0659034455088,0.0514350635632,0.0933975230301,0.0850051147435,0.105189485723,0.0457072918216,0.0170237317115,0.0464445048733,0.210757026473,0.0264737803238,0.138611163264,0.114051868964,1,0.01,10,15,1,10,20,1.70209910042e-06,1.53934791631e-06,1.70209910042e-06,9.08926772348e-08,0.00158128539504,2.91817642081e-06,1.70209910042e-06,1.53934791631e-06,1.70209910042e-06,0.569120035319,0.220021297835,0.209264485289
128,0.0200782741031,0.243447281757,0.0702499814636,0.0805710748779,0.0155621602715,0.0246273701637,0.0617539134667,0.0326927260379,0.0871829449877,0.202591474013,0.121550106597,0.03969269226,1,0.01,10,15,1,10,20,5.81192560871e-05,5.2562013418e-05,5.81192560871e-05,0.00613424443644,0.00117421420509,0.00197886662727,5.81192560871e-05,5.2562013418e-05,5.81192560871e-05,0.564542279802,0.218251541637,0.207581252241
129,0.0920137714435,0.0495057366214,0.00618244148415,0.106298245153,0.0351329343501,0.0870720682626,0.258956250893,0.079452849387,0.0139112823602,0.112326189985,0.0539251093823,0.105223120677,1,0.01,10,15,1,10,20,6.14904284523e-14,5.56108412769e-14,6.14904284523e-14,9.08091306224e-07,1.72427219242e-13,0.00298503750726,6.14904284523e-14,5.56108412769e-14,6.14904284523e-14,0.568326689781,0.219714591158,0.208972773462
130,0.00421296322469,0.138882473071,0.0839920908547,0.0171708948715,0.101755369567,0.0612501152416,0.0411445300352,0.0346970255938,0.237107128829,0.105472696537,0.0570387838883,0.117275928286,1,0.01,10,15,1,10,20,1.80033659656e-08,1.62819214691e-08,1.80033659656e-08,0.000380712617147,5.78553535452e-08,0.00346125510055,1.80033659656e-08,1.62819214691e-08,1.80033659656e-08,0.391915813923,0.309691414386,0.294550641541
131,0.0512410164467,0.05377748908,0.0482094740275,0.0425042179628,0.0806352825116,0.154177871871,0.163794485387,0.123604024842,0.0309282795391,0.0488557461296,0.0142715911686,0.188000521034,1,0.01,10,15,1,10,20,1.29928292673e-06,1.1750481893e-06,1.29928292673e-06,0.0749633009711,9.79954982785e-06,7.3480253239e-06,1.29928292673e-06,1.1750481893e-06,1.29928292673e-06,0.527283450066,0.203847311307,0.193881242852
132,0.00080768913803,0.00561665630951,0.0206692710057,0.00845684372222,0.0110862681082,0.473089530763,0.0642890797859,0.227679222071,0.0449733316481,0.0180881872382,0.045191859917,0.0800520602932,1,0.01,10,15,1,10,20,3.10893302001e-06,2.8116632957e-06,3.10893302001e-06,0.00300052638377,0.00273557125109,0.00889060870823,3.10893302001e-06,2.8116632957e-06,3.10893302001e-06,0.561680827131,0.217145306588,0.206529100879
133,0.00296382745293,0.0581140932845,0.0510828051323,0.00688767475379,0.0739082470537,0.0562143714325,0.00597130706434,0.0965552435071,0.293031892736,0.197545020012,0.0344123048895,0.123313212681,1,0.01,10,15,1,10,20,6.5979391863e-06,5.96705793209e-06,6.5979391863e-06,4.44408005871e-06,0.00045223477776,0.000996464660952,6.5979391863e-06,5.96705793209e-06,6.5979391863e-06,0.569178584207,0.220043932783,0.209286013618
134,0.0218875566539,0.0569055256968,0.000623354071782,0.0372033467016,0.223285251943,0.0230338574206,0.189367304566,0.0311550086408,0.225496424869,0.0198580990354,0.0536851559831,0.117499114418,1,0.01,10,15,1,10,20,1.02261028878e-05,9.2483041489e-06,1.02261028878e-05,0.0438613812337,0.00170088121974,2.77311811206e-05,1.02261028878e-05,9.2483041489e-06,1.02261028878e-05,0.54400729662,0.210312735462,0.200030573264
135,0.00470415755515,0.0582835041372,0.0855172454282,0.0389821990598,0.0519643288094,0.0190281718194,0.121967145375,0.005261342829,0.00666440422279,0.0974735029516,0.249080231156,0.261073766656,1,0.01,10,15,1,10,20,1.75936706946e-05,1.59114004098e-05,1.75936706946e-05,0.000104346060569,4.3999314566e-05,9.91494455974e-05,1.75936706946e-05,1.59114004098e-05,1.75936706946e-05,0.56982942999,0.220295549182,0.209525328524
136,0.165332125656,0.00541714350863,0.234291669616,0.0786330069667,0.131680011554,0.0986824308861,0.0739882578691,0.0377896828054,0.0367376093417,0.01668665077,0.102794321598,0.017967089429,1,0.01,10,15,1,10,20,2.28885728915e-08,2.07000150456e-08,2.28885728915e-08,0.0634281905912,0.00580232084138,0.00164300884096,2.28885728915e-08,2.07000150456e-08,2.28885728915e-08,0.529628743666,0.20475399972,0.194743603387
137,0.010977989775,0.0538669663362,0.0644457155611,0.347267629964,0.0954514940773,0.0369055606056,0.0167463705768,0.129251431165,0.0591833918972,0.174398889207,0.0107104279403,0.000794132894119,1,0.01,10,15,1,10,20,3.31887416349e-08,3.00153030267e-08,3.31887416349e-08,0.125228821829,0.000404208959142,4.81911887902e-08,3.31887416349e-08,3.00153030267e-08,3.31887416349e-08,0.498414185957,0.192686479562,0.183266062715
138,0.0120737523733,0.239449410657,0.111796188624,0.233755890069,0.0167300862095,0.0239526543514,0.0196364818872,0.0030214954215,0.0823299741986,0.104894037094,0.0163554033845,0.136004625731,1,0.01,10,15,1,10,20,8.9611695027e-06,8.10432106936e-06,8.9611695027e-06,9.34844385897e-11,8.34200688975e-06,0.00024500046776,8.9611695027e-06,8.10432106936e-06,8.9611695027e-06,0.569854680221,0.220305310899,0.209534612991
139,0.122918416062,0.00649026767134,0.281752959043,0.0442981203355,0.0556180811974,0.167963956341,0.005215944606,0.0539443239271,0.0263526754909,0.032154360897,0.0696871726692,0.13360372176,1,0.01,10,15,1,10,20,2.04855932041e-05,1.85268032897e-05,2.04855932041e-05,0.0021388382383,0.000137111069804,0.000104395696962,2.04855932041e-05,1.85268032897e-05,2.04855932041e-05,0.568553414177,0.219847787237,0.209099457601
140,0.042457335064,0.028078580102,0.0024466814325,0.0127708329079,0.035566397889,0.0481340503041,0.111662379161,0.00919177806266,0.0720281164706,0.269948462165,0.295722415209,0.0719929712325,1,0.01,10,15,1,10,20,5.33439098655e-10,4.82432758932e-10,5.33439098655e-10,0.00129478665059,0.000190635181181,8.00160173163e-05,5.33439098655e-10,4.82432758932e-10,5.33439098655e-10,0.569136418293,0.220027631478,0.209270509281
141,0.114848355841,0.180000757574,0.128813359505,0.0295718231933,0.00452303607385,0.0133265841162,0.0612871959166,0.0128511214167,0.00511866109263,0.009039037313,0.0367169198857,0.403903148071,1,0.01,10,15,1,10,20,7.69303189777e-06,6.95744015082e-06,7.69303189777e-06,9.04173638934e-05,0.000464006637279,0.000356785788327,7.69303189777e-06,6.95744015082e-06,7.69303189777e-06,0.569483875992,0.220161958315,0.209398268896
142,0.000522027159912,0.0864289929556,0.014518695323,0.0694749465511,0.198489295685,0.059310068286,0.0425979089133,0.0785142014554,0.0565582325027,0.05128452179,0.200801135204,0.141499974175,1,0.01,10,15,1,10,20,0.0001535982657,0.000138911518252,0.0001535982657,0.0117271390736,0.000800490530569,0.000801116582135,0.0001535982657,0.000138911518252,0.0001535982657,0.561922407098,0.217238701188,0.206617929429
143,0.0170826299973,0.138745143577,0.0931677868718,0.00618656768729,0.0135346126039,0.0208133499136,0.214149542517,0.0282077644007,0.0665613472017,0.0873067449513,0.0233250459458,0.290919464332,1,0.01,10,15,1,10,20,1.01132502469e-09,9.1462422434e-10,1.01132502469e-09,0.00129676264868,0.00123946246089,8.93169869908e-10,1.01132502469e-09,9.1462422434e-10,1.01132502469e-09,0.568583039538,0.219813695746,0.209067032839
144,0.0664529488977,0.149860665458,0.0106796367206,0.0654552337488,0.0170429146045,0.141887663856,0.0231036300755,0.0255455833614,0.00357603408655,0.13325124677,0.0457509696599,0.31739347276,1,0.01,10,15,1,10,20,9.12423020486e-07,8.25179024553e-07,9.12423020486e-07,0.008805309841,1.41874938239e-05,1.13302033022e-06,9.12423020486e-07,8.25179024553e-07,9.12423020486e-07,0.564997730456,0.218427618454,0.207748720685
145,0.00961639675858,0.100082680484,0.0167883571687,0.00533427092886,0.108971773812,0.20227347695,0.0120781656814,0.0252981123419,0.0253510823358,0.326724946051,0.0135073604751,0.153973377013,1,0.01,10,15,1,10,20,2.38910763329e-08,2.16066611881e-08,2.38910763329e-08,0.0015073865833,6.18250897079e-07,0.00364901993592,2.38910763329e-08,2.16066611881e-08,2.38910763329e-08,0.567089033096,0.219236114188,0.208517689168
146,0.0731567904775,0.0537888004195,0.0264165936591,0.111983340511,0.0855790715644,0.020395142669,0.261974771608,0.0327364730493,0.132418020501,0.0681122137177,0.0607490022258,0.0726897795982,1,0.01,10,15,1,10,20,4.52950835806e-06,4.09640616764e-06,4.52950835806e-06,1.35475265124e-16,2.93647174455e-06,2.35567226637e-08,4.52950835806e-06,4.09640616764e-06,4.52950835806e-06,0.570012079422,0.22036616129,0.209592488414
147,0.108677422613,0.0531120733704,0.041790826888,0.0518502669132,0.00250140595445,0.112501681616,0.12987601073,0.147343808223,0.0485498165545,0.0029204654484,0.277630309933,0.0232459117571,1,0.01,10,15,1,10,20,8.63250418703e-06,7.80708204919e-06,8.63250418703e-06,0.000356573402659,0.000667769416027,1.71714799909e-05,8.63250418703e-06,7.80708204919e-06,8.63250418703e-06,0.569406487928,0.220132040158,0.209369813435
148,0.0170818937209,0.0518621622715,0.0388157923882,0.069167920423,0.0405079357019,0.245185285247,0.0628013942221,0.0857472836332,0.157002653244,0.137350757767,0.0739904663606,0.0204864550205,1,0.01,10,15,1,10,20,1.58262074517e-06,1.43129383347e-06,1.58262074517e-06,0.00168464765751,1.00319003843e-08,0.00485789065027,1.58262074517e-06,1.43129383347e-06,1.58262074517e-06,0.5662940836,0.218928787422,0.208225387568
149,0.169505887163,0.0278899434278,0.0061372863548,0.130184401163,0.0543469226594,0.0883023272845,0.125836574434,0.0240267230735,0.0562634243793,0.0500095252183,0.159287482313,0.108209502529,1,0.01,10,15,1,10,20,5.06934655519e-07,4.58462615652e-07,5.06934655519e-07,0.000718265791905,0.00307009421126,8.70298126038e-07,5.06934655519e-07,4.58462615652e-07,5.06934655519e-07,0.40385469173,0.303597999957,0.288755133348
150,0.0543160922131,0.0565395155545,0.0296578704664,0.00382633066476,0.0993867142204,0.161772626524,0.109751043712,0.0179938401986,0.0180180479368,0.192744456366,0.147509833636,0.108483628508,1,0.01,10,15,1,10,20,2.73272171202e-06,2.47142453234e-06,2.73272171202e-06,5.98727554794e-08,8.30488940125e-05,0.00059463362091,2.73272171202e-06,2.47142453234e-06,2.73272171202e-06,0.56963338352,0.220219757792,0.209453242565
151,0.00671931246515,0.229691648895,0.164769237875,0.120670080198,0.0503328600246,0.0119073414901,0.00925350676109,0.0718392918439,0.0607264595944,0.0619696738389,0.18339672429,0.028723862724,1,0.01,10,15,1,10,20,0.000487601042726,0.000440977642797,0.000487601042726,0.0336793794772,0.00264491385914,0.000247601400134,0.000487601042726,0.000440977642797,0.000487601042726,0.547567206322,0.211688993376,0.201339546108
152,0.313762354908,0.000440978265833,0.0220840379506,0.0111559259049,0.0059171529196,0.0549612596193,0.0901126841269,0.0150346437799,0.158698947758,0.262772729249,0.0398337846221,0.025225500897,1,0.01,10,15,1,10,20,8.07124351905e-13,7.29948796166e-13,8.07124351905e-13,1.3303947739e-06,0.00188816639096,1.48412368885e-12,8.07124351905e-13,7.29948796166e-13,8.07124351905e-13,0.56895169714,0.219956218446,0.209202587623
153,0.0368444874968,0.034985319295,0.431752257325,0.14146976745,0.0161644851259,0.0442320963646,0.10236014869,0.0439261074917,0.012169287347,0.0461792714454,0.00270691202907,0.0872098599404,1,0.01,10,15,1,10,20,0.000391225337753,0.000353817182753,0.000391225337753,0.000913482082277,0.000603749771265,0.000824050652302,0.000391225337753,0.000353817182753,0.000391225337753,0.56739875556,0.219355852617,0.208631573601
154,0.0556417080853,0.0755495516891,0.08236336516,0.225784724911,0.142341028312,0.0119275528229,0.104238456972,0.0753378189937,0.0228601617289,0.0923237455986,0.00465104693257,0.106980838793,1,0.01,10,15,1,10,20,3.16600986008e-05,2.86328256676e-05,3.16600986008e-05,0.0107033966049,0.00568916274183,0.000177366120683,3.16600986008e-05,2.86328256676e-05,3.16600986008e-05,0.560391802531,0.216725011753,0.206129354203
155,0.0099600978992,0.0485776249137,0.0383290878916,0.122499873296,0.181159340803,0.164420152733,0.0448486066721,0.0116959559968,0.129619139424,0.0125857563945,0.0224254940781,0.213878869898,1,0.01,10,15,1,10,20,7.87822280678e-13,7.12492348938e-13,7.87822280678e-13,0.000381419150297,3.40567947625e-12,1.66542107408e-12,7.87822280678e-13,7.12492348938e-13,7.87822280678e-13,0.393094283958,0.310861128448,0.295663168435
156,0.192083528025,0.0322911366631,0.142632987336,0.0103972831899,0.218437821805,0.00212842404772,0.0389887154432,0.183797349226,0.0563342437489,0.0315802891634,0.0488939536253,0.042434267726,1,0.01,10,15,1,10,20,3.78016256745e-06,3.41871126662e-06,3.78016256745e-06,0.125747458849,3.00323644086e-05,0.00520307039395,3.78016256745e-06,3.41871126662e-06,3.78016256745e-06,0.341875286558,0.270165269265,0.256956924498
157,0.0127595810527,0.0478290991655,0.17125155791,0.00954559439459,0.0243880104655,0.0156593811009,0.194828664657,0.0679263612149,0.109324541868,0.27105351719,0.0541835026227,0.0212501883583,1,0.01,10,15,1,10,20,4.9170375868e-08,4.44688065565e-08,4.9170375868e-08,0.00193890584018,0.00111102063229,5.20480382758e-08,4.9170375868e-08,4.44688065565e-08,4.9170375868e-08,0.568290026363,0.219700417113,0.208959292384
158,0.0253070049402,0.244345880881,0.0379558897576,0.124127192793,0.0546855894239,0.112392153353,0.173902752942,0.0662469707786,0.00166283190478,0.0353414960092,0.0486958852104,0.0753363520061,1,0.01,10,15,1,10,20,5.71011893236e-06,5.1641292086e-06,5.71011893236e-06,0.132346444151,0.000527020343222,2.95609952843e-05,5.71011893236e-06,5.1641292086e-06,5.71011893236e-06,0.49425131009,0.191077115466,0.18173538022
159,0.0939525760134,0.217980049945,0.0361723821543,0.00953819870811,0.181407089441,0.0967574372019,0.0260815362057,0.026779108642,0.15777050535,0.08956046365,0.0550528986515,0.00894775403633,1,0.01,10,15,1,10,20,5.38047527921e-07,4.86600539754e-07,5.38047527921e-07,0.00480605712234,0.00307535326946,0.00502720186453,5.38047527921e-07,4.86600539754e-07,5.38047527921e-07,0.562668702801,0.21752721844,0.206892341111
160,0.0499197701623,0.0801719386718,0.0468803819979,0.0355481832324,0.316858164436,0.113084965936,0.0925772486423,0.0773198737106,0.128191193065,0.00807360284607,0.027157416793,0.0242172605072,1,0.01,10,15,1,10,20,1.45214977099e-07,1.31329822312e-07,1.45214977099e-07,0.348402387217,3.10809437753e-06,2.68098286944e-07,1.45214977099e-07,1.31329822312e-07,1.45214977099e-07,0.371426976914,0.143593337855,0.136573078301
161,0.0470182395634,0.156007497117,0.037950858864,0.194745507045,0.206010902431,0.00638963022117,0.0398696349225,0.0214393192713,0.0520371789771,0.0575255142052,0.131881419235,0.0491242981472,1,0.01,10,15,1,10,20,2.18981358856e-13,1.9804281571e-13,2.18981358856e-13,0.000355591466509,7.47518638261e-11,4.52547208844e-13,2.18981358856e-13,1.9804281571e-13,2.18981358856e-13,0.405075394431,0.304733702492,0.289835311534
162,0.0324658430042,0.0685616571888,0.178407347679,0.0301617553459,0.0908364517128,0.29336818812,0.0366241830466,0.108319874036,0.0146414125067,0.127739766181,0.00939720826122,0.00947631291822,1,0.01,10,15,1,10,20,6.76567406187e-08,6.1187543469e-08,6.76567406187e-08,9.23731852999e-09,7.13854338241e-11,0.00298496894559,6.76567406187e-08,6.1187543469e-08,6.76567406187e-08,0.568327010414,0.219714721192,0.208972897138
163,0.108047710242,0.0835700902303,0.120460951468,0.0248751399541,0.049168097619,0.000809169542477,0.314465861798,0.0752260772519,0.0151791599504,0.168277195098,0.00836049655605,0.0315600502898,1,0.01,10,15,1,10,20,5.96420658628e-08,5.39392152828e-08,5.96420658628e-08,0.00502147904637,0.00938473150242,0.000121538313242,5.96420658628e-08,5.39392152828e-08,5.96420658628e-08,0.56174733244,0.217171017481,0.20655355477
164,0.0764767851909,0.0121845288256,0.0893261816942,0.344289901687,0.254664603848,0.0674991010529,0.0179829760974,0.0137108683978,0.0156210809391,0.0320304900225,0.069931007375,0.00628247486968,1,0.01,10,15,1,10,20,1.92393515682e-08,1.73997246931e-08,1.92393515682e-08,0.223443941807,7.22721460612e-06,0.00242076594938,1.92393515682e-08,1.73997246931e-08,1.92393515682e-08,0.441275200894,0.170596598921,0.162256153457
165,0.234920806862,0.163570555871,0.000793064064605,0.0357971581855,0.0887694411659,0.152215185457,0.0150858660034,0.064848813481,0.0146498483805,0.0535888310112,0.174808999496,0.000951430022068,1,0.01,10,15,1,10,20,1.42068654046e-11,1.28484344139e-11,1.42068654046e-11,0.0694608357789,1.34312663157e-11,0.00142107302433,1.42068654046e-11,1.28484344139e-11,1.42068654046e-11,0.529624037695,0.204752180396,0.194741873009
166,0.0346789774404,0.178045684753,0.00815247774713,0.0287579769731,0.140423054608,0.0929484474359,0.0850246552554,0.132951411993,0.15930686745,0.0461267696242,0.0244741368143,0.0691095399055,1,0.01,10,15,1,10,20,9.50248176833e-10,8.59387417937e-10,9.50248176833e-10,1.4289163495e-09,2.14897711846e-11,0.00260965651601,9.50248176833e-10,8.59387417937e-10,9.50248176833e-10,0.56854117934,0.219797514491,0.209051642683
167,0.022379224667,0.0425946307938,0.0645422652852,0.063898761416,0.0438063006504,0.143336012171,0.0231006487169,0.0311843076633,0.112593397353,0.0117982937069,0.165575297275,0.275190860301,1,0.01,10,15,1,10,20,5.17726275728e-11,4.68222363529e-11,5.17726275728e-11,0.0129377117156,7.61548207214e-05,0.000460373026089,5.17726275728e-11,4.68222363529e-11,5.17726275728e-11,0.562348060358,0.217403258358,0.206774441421
168,0.158742278518,0.34597981345,0.101466184847,0.0647490643911,0.069614944858,0.120970369254,0.0150863672464,0.0111069077147,0.000355422238746,0.0753187592774,0.00420848474238,0.0324014034621,1,0.01,10,15,1,10,20,5.27523718785e-08,4.77082995411e-08,5.27523718785e-08,0.0827578955807,0.00180208789147,0.00806145605322,5.27523718785e-08,4.77082995411e-08,5.27523718785e-08,0.517231705237,0.199961315725,0.190185233087
169,0.0553178777218,0.0655822054847,0.0139901307982,0.263927156186,0.113007679963,0.0664325174498,0.0492424998274,0.0285582863229,0.00487104692361,0.311745821252,0.000131141229454,0.0271936368409,1,0.01,10,15,1,10,20,5.23630074225e-09,4.73561653065e-09,5.23630074225e-09,1.42659137986e-05,3.33551033573e-11,0.00175760048075,5.23630074225e-09,4.73561653065e-09,5.23630074225e-09,0.569018732493,0.219982134253,0.20922723641
170,0.0419171695663,0.0517986591674,0.0977173683852,0.0202359093072,0.0260836119492,0.0259229424176,0.149306314204,0.00699775971595,0.210518626176,0.180341728361,0.0678131784378,0.121346732312,1,0.01,10,15,1,10,20,1.74178292197e-06,1.57523725319e-06,1.74178292197e-06,5.5502782893e-06,0.00102596276447,2.4259192077e-06,1.74178292197e-06,1.57523725319e-06,1.74178292197e-06,0.569433622386,0.220142530316,0.20937979073
171,0.0188220829738,0.0108848377187,0.0386610059119,0.00763489105785,0.206640783479,0.0331703494423,0.124768060528,0.394327244756,0.0585364725698,0.0659635490051,0.0334967936033,0.00709392895396,1,0.01,10,15,1,10,20,1.33314709463e-06,1.20567433573e-06,1.33314709463e-06,0.0242830491335,0.0046738785304,0.0295442223243,1.33314709463e-06,1.20567433573e-06,1.33314709463e-06,0.536677012136,0.207478854021,0.197335239917
172,0.0276034001115,0.07821157877,0.183019515864,0.0884964620124,0.00848283032206,0.0894464845006,0.0533881255236,0.0272297104251,0.13818527387,0.0074850267066,0.148539762808,0.149911829087,1,0.01,10,15,1,10,20,8.07026930156e-12,7.29860689683e-12,8.07026930156e-12,0.0262679699956,0.00149540356497,8.91340746627e-06,8.07026930156e-12,7.29860689683e-12,8.07026930156e-12,0.554197762203,0.214252360364,0.203777590418
173,0.00837958517865,0.15035501039,0.150732118234,0.0179900304734,0.0133992860339,0.131062339776,0.094635052883,0.108840088284,0.0652936432454,0.129721424015,0.000943251908093,0.128648169578,1,0.01,10,15,1,10,20,5.09271226698e-06,4.60575768744e-06,5.09271226698e-06,0.00547881523018,0.00196390600305,0.000696455571415,5.09271226698e-06,4.60575768744e-06,5.09271226698e-06,0.565372336964,0.218572440995,0.207886462871
174,0.182698740104,0.00266823711241,0.0774841520748,0.125901497391,0.024427490612,0.0357095846752,0.0875759627887,0.0677765145185,0.0474633193196,0.115036050552,0.000180054206,0.233078396645,1,0.01,10,15,1,10,20,3.99670208415e-05,3.61454572406e-05,3.99670208415e-05,0.00361816699916,0.00173451571763,0.00059665614335,3.99670208415e-05,3.61454572406e-05,3.99670208415e-05,0.566505133074,0.219010378961,0.208302990107
175,0.0469690037012,0.0556518783566,0.0542839245555,0.252738576804,0.0579166938471,0.156755059596,0.165632201039,0.0445132205711,0.0389315009171,0.0446830663312,0.00149019339096,0.0804346808902,1,0.01,10,15,1,10,20,1.82896061428e-05,1.65407919545e-05,1.82896061428e-05,4.86332763584e-06,2.88527444058e-05,0.00856056043536,1.82896061428e-05,1.65407919545e-05,1.82896061428e-05,0.565069219981,0.21845525624,0.207775007263
176,0.0161443802823,0.0235884867376,0.0788341072253,0.277571156934,0.00971733627524,0.137733804522,0.0943125135307,0.00832177529946,0.162191334523,0.00994131121468,0.0674431736529,0.114200619804,1,0.01,10,15,1,10,20,5.56065731177e-07,5.02895879803e-07,5.56065731177e-07,0.118000575263,0.00387344706564,6.87627867577e-07,5.56065731177e-07,5.02895879803e-07,5.56065731177e-07,0.500554833078,0.193514051829,0.184053175082
177,0.0538210038077,0.00556192033239,0.0793795610831,0.13386656707,0.0102832906286,0.112483192164,0.146478750016,0.000316436441118,0.0267645271553,0.0273516229184,0.108799489599,0.294893638784,1,0.01,10,15,1,10,20,3.35351058234e-08,3.03285485902e-08,3.35351058234e-08,4.97055631947e-13,8.19565056698e-13,0.000748812007313,3.35351058234e-08,3.03285485902e-08,3.35351058234e-08,0.569601809238,0.220207551202,0.209441632754
178,0.100240839877,0.0358069405542,0.0192516504008,0.0693259763721,0.252911906636,0.136021995939,0.0745392484841,0.0572098673897,0.165646898941,0.0271136468154,0.0504096659731,0.0115213626173,1,0.01,10,15,1,10,20,6.9008435013e-05,6.24099916501e-05,6.9008435013e-05,0.0322450370006,0.00197631520627,0.0461776363633,6.9008435013e-05,6.24099916501e-05,6.9008435013e-05,0.523970530375,0.20256653951,0.192663087822
179,0.00937989549214,0.0974810148321,0.0402602229738,0.0465081576585,0.0947860582217,0.0883086898218,0.117720899687,0.241551185181,0.0449489820033,0.0306945283027,0.000216575021779,0.188143790805,1,0.01,10,15,1,10,20,1.27291882795e-07,1.15120497094e-07,1.27291882795e-07,1.08205393482e-05,0.00365732747737,3.58054363197e-08,1.27291882795e-07,1.15120497094e-07,1.27291882795e-07,0.567937372885,0.219564081594,0.20882962229
180,0.00838033262456,0.0642187707764,0.0731162551878,0.0544975895316,0.108433176259,0.0399050488841,0.137694163699,0.166098381524,0.107463345861,0.0265786896619,0.00491543961984,0.20869880637,1,0.01,10,15,1,10,20,0.000102899967077,9.30608857434e-05,0.000102899967077,0.0780386704752,9.05253136867e-05,0.000485894062292,0.000102899967077,9.30608857434e-05,0.000102899967077,0.524875183582,0.202916277633,0.192995727293
181,0.109242193278,0.128095223578,0.107764299115,0.138827266523,0.06930704871,0.001047789162,0.136496738601,0.0874734801319,0.00213267443878,0.143349213659,0.0389618225935,0.0373022502105,1,0.01,10,15,1,10,20,3.42622146279e-05,3.09861327596e-05,3.42622146279e-05,0.0874038588911,0.00014759432027,7.07461656326e-06,3.42622146279e-05,3.09861327596e-05,3.42622146279e-05,0.520004437443,0.201033251522,0.191204762083
182,0.00848439119963,0.131759240813,0.0150850705624,0.0940306719377,0.046452243072,0.408460802735,0.0459309032107,0.0228855981171,0.157286439966,0.0174636209802,0.0204738651488,0.0316871522576,1,0.01,10,15,1,10,20,1.93102334069e-07,1.74638289574e-07,1.93102334069e-07,0.133238405798,0.00268762356259,0.0155396840677,1.93102334069e-07,1.74638289574e-07,1.93102334069e-07,0.483688311755,0.186993469735,0.177851383396
183,0.0903860249174,0.0782400396008,0.012242512283,0.277858728469,0.0347077450791,0.0256948309353,0.0465025203016,0.00997104293317,0.249547019949,0.0400118500425,0.0163670179438,0.118470667546,1,0.01,10,15,1,10,20,0.000101299961161,9.1613869073e-05,0.000101299961161,0.000116616402607,1.38119900306e-05,0.00015304979434,0.000101299961161,9.1613869073e-05,0.000101299961161,0.569531753293,0.220180467637,0.2094158733
184,0.120240968587,0.0408898050532,0.00739537182486,0.0380396052386,0.0157042281264,0.0311975453342,0.242621496647,0.164032756182,0.256280473587,0.0414067611973,0.0145571633393,0.0276338248828,1,0.01,10,15,1,10,20,2.57564190558e-06,2.32936437105e-06,2.57564190558e-06,0.111133664397,0.0483656310237,1.60690894859e-06,2.57564190558e-06,2.32936437105e-06,2.57564190558e-06,0.479100133975,0.1852196843,0.176164318099
185,0.238783907872,0.0027804187424,0.0928402365464,0.0119727841783,0.0194207222418,0.00143545943732,0.2383801591,0.134693702106,0.11248134013,0.00513431802261,0.0726815386209,0.0693954130032,1,0.01,10,15,1,10,20,4.0455486532e-08,3.65872168553e-08,4.0455486532e-08,0.00111337188841,0.000887457893158,0.0129634026023,4.0455486532e-08,3.65872168553e-08,4.0455486532e-08,0.387536194204,0.306235577934,0.291263760482
186,0.0546777274217,0.0236033575856,0.210589978923,0.133962898259,0.0453621751426,0.0221384605068,0.0125420686867,0.0749505250485,0.0822243804853,0.216029418969,0.0207699512157,0.103149057756,1,0.01,10,15,1,10,20,5.32819516158e-07,4.81872419628e-07,5.32819516158e-07,2.72230055925e-07,8.29168418283e-07,0.00117345525482,5.32819516158e-07,4.81872419628e-07,5.32819516158e-07,0.569357469332,0.220113089613,0.209351789379
187,0.197730936281,0.0295121281357,0.021502499082,0.0567966424381,0.0403565127337,0.0313581549569,0.0384608332024,0.0600123709308,0.107723027919,0.373482561671,0.0259739310211,0.0170904016286,1,0.01,10,15,1,10,20,0.000101931710799,9.21852121215e-05,0.000101931710799,0.000463788351192,6.60242915247e-05,0.000299948119756,0.000101931710799,9.21852121215e-05,0.000101931710799,0.39286879208,0.310443444699,0.29526590519
188,0.22413148262,0.294959182721,0.00432572814702,0.134678019112,0.0126055109179,0.115912240837,0.00703399327945,0.0297759464269,0.00126226928862,0.00428202614043,0.00063415988769,0.170399440623,1,0.01,10,15,1,10,20,6.77356094744e-06,6.12588710485e-06,6.77356094744e-06,0.0562241444167,0.000329817463778,0.00106161165067,6.77356094744e-06,6.12588710485e-06,6.77356094744e-06,0.537163802095,0.207667046585,0.197514231771
189,0.130170522162,0.0775606169982,0.00195051541164,0.0341445544018,0.223501682537,0.145809086449,0.0254871873932,0.00417866685292,0.0159524360989,0.230369954214,0.108731385505,0.00214339197638,1,0.01,10,15,1,10,20,4.65621877304e-07,4.21100079566e-07,4.65621877304e-07,0.0370039547101,1.44924930318e-09,0.000361978608872,4.65621877304e-07,4.21100079566e-07,4.65621877304e-07,0.548727565276,0.212137587113,0.201766208155
190,0.080410819567,0.248099792145,0.101021836798,0.0651712137393,0.0463282138353,0.0060024367361,0.00828860083296,0.0869459458089,0.00824688900541,0.0699146022755,0.0991864614159,0.180383187841,1,0.01,10,15,1,10,20,4.68495987837e-06,4.23699373614e-06,4.68495987837e-06,2.42265354007e-06,0.000990178619985,4.77138191551e-05,4.68495987837e-06,4.23699373614e-06,4.68495987837e-06,0.569420242471,0.220137357652,0.209374870957
191,0.0409635429704,0.168643123643,0.076286347536,0.00184937908528,0.181499769448,0.0240090865442,0.0221288427107,0.0987773886796,0.0830955212222,0.201071019386,0.0269253785916,0.0747506001826,1,0.01,10,15,1,10,20,1.03284316363e-07,9.34084843481e-08,1.03284316363e-07,3.68021224597e-09,0.00203298512951,1.63137896835e-09,1.03284316363e-07,9.34084843481e-08,1.03284316363e-07,0.568869556988,0.219924465522,0.209172387095
192,0.116010372417,0.098988042675,0.0536973169231,0.309636153585,0.0356467454359,0.0330555024201,0.116227825875,0.00684041028851,0.0659121769203,0.0548028395924,0.057543729842,0.0516388840264,1,0.01,10,15,1,10,20,0.000230226581554,0.000208212793548,0.000230226581554,0.0260388789569,0.000417579214515,0.0123805385559,0.000230226581554,0.000208212793548,0.000230226581554,0.547128241736,0.211519290059,0.201178139564
193,0.0264919005598,0.0389778271353,0.055013202848,0.119586834856,0.0781036874283,0.0936298702359,0.0392669222027,0.205978988707,0.0925116785514,0.088274436825,0.128915885113,0.0332487655383,1,0.01,10,15,1,10,20,3.18676008466e-05,2.88204869792e-05,3.18676008466e-05,0.0234112409842,0.00149658115605,0.00646351772557,3.18676008466e-05,2.88204869792e-05,3.18676008466e-05,0.552040679743,0.213418434209,0.202984434805
194,0.0145018156988,0.192399830577,0.0423833772859,0.0223222900337,0.112311625775,0.0207782621976,0.00543809312237,0.0252274467506,0.126168629265,0.106287386992,0.139221816179,0.192959426123,1,0.01,10,15,1,10,20,2.64383593843e-06,2.39103783198e-06,2.64383593843e-06,2.1038578114e-06,1.50003310136e-06,0.000618149721596,2.64383593843e-06,2.39103783198e-06,2.64383593843e-06,0.569665593048,0.220232209966,0.209465085954
195,0.0318335770611,0.0344063187923,0.0826801491928,0.329018894888,0.024646755726,0.356148729648,0.0424093047736,0.00385411448702,0.0291970134456,0.00933169687647,0.00327101490241,0.0532024302066,1,0.01,10,15,1,10,20,0.001748917563,0.00158168969465,0.001748917563,0.000943954773862,0.00302233404724,0.00349919652477,0.001748917563,0.00158168969465,0.001748917563,0.559982272756,0.216488646982,0.205904545275
196,0.0284542462657,0.0230228153644,0.0155388220269,0.0746422684042,0.0486713867477,0.127383660122,0.456666516581,0.034534120483,0.0790868184874,0.0348234498979,0.0537110319484,0.0234648636711,1,0.01,10,15,1,10,20,0.000627067340288,0.00056710846238,0.000627067340288,0.00169961851831,0.000371580709199,0.00541454401583,0.000627067340288,0.00056710846238,0.000627067340288,0.563685353731,0.217920254783,0.207266161957
197,0.0136784409366,0.0148218583531,0.0765763586736,0.131137243119,0.007596570277,0.121781197936,0.242967537063,0.0370240774643,0.108102685431,0.00218634179294,0.169761638055,0.0743660508979,1,0.01,10,15,1,10,20,1.27826272017e-06,1.15603789127e-06,1.27826272017e-06,0.0706399877918,2.30590974673e-07,1.86732911226e-06,1.27826272017e-06,1.15603789127e-06,1.27826272017e-06,0.365626105422,0.28892494326,0.274799440479
198,0.157431774654,0.0479502823192,0.0805883659695,0.119937373577,0.0688188471429,0.00376651391183,0.0208001246105,0.0277259182727,0.0829705420289,0.257191364981,0.0327436399791,0.100075252554,1,0.01,10,15,1,10,20,3.47622777759e-12,3.1438380907e-12,3.47622777759e-12,0.0343070919976,5.18929883533e-05,1.3443314789e-10,3.47622777759e-12,3.1438380907e-12,3.47622777759e-12,0.550443154804,0.212800832496,0.202397027559
199,0.016272564399,0.0293444102576,0.0123712385098,0.0240028284097,0.0345695494061,0.256638533419,0.107507034159,0.170338782616,0.00772598764607,0.226392359379,0.0079063678304,0.106930343968,1,0.01,10,15,1,10,20,0.000323995017256,0.000293015285998,0.000323995017256,0.0226544230223,0.000219216693143,0.00160570615718,0.000323995017256,0.000293015285998,0.000323995017256,0.555002033174,0.214563290803,0.204073319509
200,0.0443977263497,0.101003408076,0.0784566768688,0.0128038712508,0.128950470495,0.0699277522215,0.357837565686,0.00324939575587,0.0426061997858,0.0951841407397,0.0131391146025,0.0524436781683,1,0.01,10,15,1,10,20,2.24953339662e-09,2.03443768104e-09,2.24953339662e-09,1.35565405218e-05,0.00948518567272,1.80370913679e-09,2.24953339662e-09,2.03443768104e-09,2.24953339662e-09,0.564614199896,0.218279345881,0.207607697139
201,0.191165161899,0.102778200794,0.0762527575031,0.0906690086679,0.00948744655084,0.0607119188428,0.085120948974,0.139546878119,0.0195489298247,0.142486567729,0.0363944631806,0.0458377179143,1,0.01,10,15,1,10,20,9.98112714243e-06,9.026752476e-06,9.98112714243e-06,6.92461351206e-07,0.00104305741261,7.01170560567e-06,9.98112714243e-06,9.026752476e-06,9.98112714243e-06,0.569396751202,0.220128275949,0.209366233257
202,0.0996829740494,0.290685368171,0.0455426475808,0.0513686659994,0.00878850121312,0.0080711378649,0.0178123265224,0.0330535860095,0.0803813954392,0.22581022161,0.0725590048737,0.0662441706669,1,0.01,10,15,1,10,20,5.25160109659e-10,4.74945389685e-10,5.25160109659e-10,0.0467949431022,0.000611932975001,6.75803205405e-10,5.25160109659e-10,4.74945389685e-10,5.25160109659e-10,0.543005479531,0.20992543387,0.199662206796
203,0.000844172713255,0.111490343597,0.0759557571217,0.216761056399,0.0995030809347,0.043826158901,0.0793630311575,0.0371249379154,0.0876644126125,0.0456546686617,0.0148701873106,0.186942192676,1,0.01,10,15,1,10,20,2.23524509947e-05,2.02151560121e-05,2.23524509947e-05,0.000354212986965,0.00372253861583,1.10641810851e-05,2.23524509947e-05,2.02151560121e-05,2.23524509947e-05,0.403681935103,0.303468471488,0.288631937509
204,0.0714326077467,0.0282260222599,0.0297261004052,0.0531212427742,0.160011140345,0.119505909364,0.232780165451,0.00112246089882,0.00555700679052,0.212846884108,0.0120717488997,0.0735987109571,1,0.01,10,15,1,10,20,1.26117897175e-16,1.14058765543e-16,1.26117897175e-16,7.90761293218e-15,1.25187789952e-16,1.95614233458e-15,1.26117897175e-16,1.14058765543e-16,1.26117897175e-16,0.570028764662,0.220372611789,0.209598623549
205,0.00675258922507,0.082077474039,0.147536501671,0.203988523048,0.0159422223575,0.0225740616902,0.0388116881909,0.0255941069287,0.0573505306502,0.00973601713384,0.0396458610855,0.34999042398,1,0.01,10,15,1,10,20,2.6591857718e-06,2.40491994614e-06,2.6591857718e-06,0.0333028324557,0.000255800070796,7.84178976627e-06,2.6591857718e-06,2.40491994614e-06,2.6591857718e-06,0.391775862399,0.294520646338,0.280121570364
206,0.099391664152,0.350260359105,0.00647611787534,0.17765754291,0.114360093654,0.0493914935507,0.0209502909578,0.082452910619,0.00279455718495,0.0120524169677,0.017572592282,0.0666399607414,1,0.01,10,15,1,10,20,1.51122274795e-08,1.3667227646e-08,1.51122274795e-08,0.000681671318991,0.0221975812815,0.00085142785557,1.51122274795e-08,1.3667227646e-08,1.51122274795e-08,0.556501544158,0.215143000412,0.204624687191
207,0.0730566311257,0.171115842359,0.110565637591,0.10652424556,0.0986036868198,0.0469971427111,0.00859393802666,0.0680265851116,0.0234893618896,0.148219059595,0.0826762437522,0.0621316254577,1,0.01,10,15,1,10,20,1.50693582512e-06,1.36284574842e-06,1.50693582512e-06,2.38866016431e-12,1.49227225997e-09,0.00111959823176,1.50693582512e-06,1.36284574842e-06,1.50693582512e-06,0.569385570904,0.220123953655,0.20936212228
208,0.125548091578,0.101511279948,0.0905667874156,0.0666806459981,0.0316520729185,0.166515854518,0.0332865839555,0.0472028675237,0.0689756363113,0.0755496917119,0.118327071131,0.0741834169911,1,0.01,10,15,1,10,20,1.31737315224e-05,1.19140866498e-05,1.31737315224e-05,2.61155955371e-08,6.13106379974e-09,2.80641678023e-05,1.31737315224e-05,1.19140866498e-05,1.31737315224e-05,0.56996912853,0.220349556513,0.209576695443
209,0.274722064802,0.119677109643,0.0477649248292,0.0112568948653,0.0297643712132,0.0399229789113,0.0708444189752,0.115936379639,0.0794966344573,0.0630695321556,0.079199312534,0.0683453779748,1,0.01,10,15,1,10,20,7.51777211097e-07,6.79893834116e-07,7.51777211097e-07,0.00121868239338,0.00554167957511,0.0033040307269,7.51777211097e-07,6.79893834116e-07,7.51777211097e-07,4.45041018336e-06,0.507365921862,0.482560868136
210,0.0491209954998,0.205886109099,0.0455335439653,0.0298907156695,0.0502432911305,0.0418413630148,0.0497323172653,0.182398642716,0.230552994729,0.0116309521577,0.00393882617257,0.0992302485808,1,0.01,10,15,1,10,20,1.53613267531e-05,1.38925085639e-05,1.53613267531e-05,0.000360344433553,0.00462354531081,1.93432905719e-05,1.53613267531e-05,1.38925085639e-05,1.53613267531e-05,0.40314670288,0.303294429423,0.288466404338
211,0.0736449282391,0.0674744166699,0.00976358606828,0.255885280105,0.116303456016,0.017195702005,0.0326337080727,0.145314634348,0.150485908218,0.0764448018511,0.0454799179483,0.00937366045799,1,0.01,10,15,1,10,20,2.2642069255e-06,2.04770815753e-06,2.2642069255e-06,0.000486991478007,0.0134134351249,1.5628972128e-06,2.2642069255e-06,2.04770815753e-06,2.2642069255e-06,0.387949172613,0.306561724171,0.291573961472
212,0.0149398143628,0.166737724902,0.188847995012,0.0201280729106,0.0564286608276,0.00101652711138,0.0466723123085,0.0610045229912,0.189752969127,0.0853480515282,0.112107100188,0.057016248731,1,0.01,10,15,1,10,20,0.000103958722638,9.40184052942e-05,0.000103958722638,0.0157265403926,0.00252764174047,0.00474493898909,0.000103958722638,9.40184052942e-05,0.000103958722638,0.556574379821,0.215171158614,0.204651468742
213,0.00747154099125,0.232827981003,0.0872829352899,0.0340407893644,0.145367937377,0.163931519905,0.0267568493093,0.0405632429602,0.0713794421429,0.0495255432954,0.0442681512917,0.0965840670705,1,0.01,10,15,1,10,20,3.086448578e-05,2.79132876938e-05,3.086448578e-05,2.78586793219e-06,3.01299848937e-05,2.35116758243e-06,3.086448578e-05,2.79132876938e-05,3.086448578e-05,0.569906464113,0.220325330506,0.209553653842
214,0.240546824202,0.0277736031804,0.0746140464564,0.0340480704231,0.0613946649104,0.181503576972,0.0815027048957,0.0692059931953,0.0310697839526,0.0370720293982,0.0424571931729,0.118811509241,1,0.01,10,15,1,10,20,1.4899064431e-07,1.34744468058e-07,1.4899064431e-07,0.000355985697693,9.20810717138e-05,2.05805221503e-07,1.4899064431e-07,1.34744468058e-07,1.4899064431e-07,0.405037082596,0.304705393147,0.28980838623
215,0.0934255097866,0.117440067169,0.0545665278183,0.0433917224618,0.00524941201677,0.00913173229094,0.0724207981217,0.168800106617,0.143111140184,0.157918272483,0.07708347089,0.0574612401622,1,0.01,10,15,1,10,20,1.52469432956e-10,1.37890622152e-10,1.52469432956e-10,4.01208597692e-10,0.000923082305311,0.00132992491335,1.52469432956e-10,1.37890622152e-10,1.52469432956e-10,0.568744485007,0.21987611042,0.209126396068
216,0.0935163498481,0.0174926162979,0.191848035005,0.171481134331,0.134911854183,0.171035082019,0.0391729244985,0.0528366669914,0.0543487134113,0.0497874895094,0.0130061427125,0.0105629911932,1,0.01,10,15,1,10,20,0.00166924100054,0.00150963163976,0.00166924100054,0.00572671767237,0.00510224275118,0.001118092644,0.00166924100054,0.00150963163976,0.00166924100054,0.557691472301,0.21560302557,0.205062221779
217,0.00108373271868,0.0304105578599,0.027039261567,0.0944194846398,0.335434983323,0.0847325544336,0.0336327631934,0.0135055864365,0.0373462289319,0.0682221443308,0.177471260308,0.0967014422578,1,0.01,10,15,1,10,20,8.69067908744e-06,7.85969438633e-06,8.69067908744e-06,0.0290542277628,0.00084734485652,5.29634019524e-05,8.69067908744e-06,7.85969438633e-06,8.69067908744e-06,0.552925041246,0.213760327577,0.20330961305
218,0.00283479627433,0.0401692798974,0.0182063677481,0.1078200509,0.089710253527,0.099262996821,0.1107476894,0.0437146274012,0.0757331343156,0.215666490326,0.0172712982606,0.178863015128,1,0.01,10,15,1,10,20,5.78732512995e-06,5.23395310978e-06,5.78732512995e-06,1.36821336853e-06,1.15570738702e-05,5.76414576982e-06,5.78732512995e-06,5.23395310978e-06,5.78732512995e-06,0.569998948373,0.220361084838,0.20958766015
219,0.0426488019161,0.010052462308,0.290579989721,0.0914121862351,0.0203823330798,0.166404196601,0.00810979485281,0.023281653077,0.0964734435556,0.223529324113,0.00962432359402,0.0175014909467,1,0.01,10,15,1,10,20,1.09150281369e-06,9.87135579525e-07,1.09150281369e-06,0.000390098535156,0.00335964532254,4.7913135126e-08,1.09150281369e-06,9.87135579525e-07,1.09150281369e-06,0.391949678864,0.309718134126,0.294576054956
220,0.0548084783753,0.0390967757522,0.112893217763,0.0134160106302,0.000610035748095,0.00664777167025,0.354396952122,0.0237092800981,0.136452887182,0.0967954370951,0.0100671926128,0.151105960951,1,0.01,10,15,1,10,20,2.24657319121e-07,2.03176052433e-07,2.24657319121e-07,0.0585216522612,0.00190568969074,6.42693092411e-07,2.24657319121e-07,2.03176052433e-07,2.24657319121e-07,0.535582331347,0.207055651405,0.196932727622
221,0.099727455852,0.0995090762233,0.150389164558,0.102415036521,0.0747485333185,0.0146285837604,0.0154243002129,0.180358156942,0.000645310200974,0.166039014537,0.0819465773858,0.0141687904883,1,0.01,10,15,1,10,20,3.71318478487e-12,3.35813776063e-12,3.71318478487e-12,0.072369946849,0.000779751663093,0.00108341320978,3.71318478487e-12,3.35813776063e-12,3.71318478487e-12,0.527713755678,0.204013667072,0.194039465506
222,0.119626640175,0.0536915627253,0.0652884945104,0.0111513878792,0.0530277196199,0.0205889924371,0.0119231983562,0.259227310316,0.0403478997594,0.0302541079406,0.148828883698,0.186043802582,1,0.01,10,15,1,10,20,1.05386327474e-05,9.53095055182e-06,1.05386327474e-05,1.01819127679e-05,0.000443456307843,0.000525768250069,1.05386327474e-05,9.53095055182e-06,1.05386327474e-05,0.569435579674,0.220143287002,0.209380510421
223,0.0579800486453,0.195964196075,0.0333226814572,0.0764232386349,0.00810606417703,0.0200789109489,0.0198276780206,0.247754098027,0.0170232466677,0.182465160547,0.0635668441326,0.0774878326676,1,0.01,10,15,1,10,20,2.60696575382e-08,2.35769309792e-08,2.60696575382e-08,4.7277311706e-10,0.00133653571665,5.21958788213e-10,2.60696575382e-08,2.35769309792e-08,2.60696575382e-08,0.569266813971,0.220078042331,0.209318455554
224,0.0336525528762,0.0355394893612,0.0670713451997,0.0531491396069,0.0142085928391,0.0976784744342,0.0708977324217,0.140293763635,0.226223709649,0.218959740362,0.00634042183451,0.0359850377798,1,0.01,10,15,1,10,20,2.04970468206e-05,1.85371617352e-05,2.04970468206e-05,3.56505647461e-11,3.44098630797e-05,3.53820302649e-05,2.04970468206e-05,1.85371617352e-05,2.04970468206e-05,0.569921112199,0.220330993442,0.209559039919
225,0.0154086183405,0.30761298901,0.0409470679104,0.0509557020163,0.120086670528,0.146940279188,0.0736332645198,0.0147961549335,0.0229993331023,0.00513184378969,0.11566227908,0.0858257975812,1,0.01,10,15,1,10,20,1.40470868468e-07,1.27039335504e-07,1.40470868468e-07,0.056233324885,6.43362111187e-08,0.00194841517025,1.40470868468e-07,1.27039335504e-07,1.40470868468e-07,0.37053161347,0.292800369008,0.278485397168
226,0.100824792205,0.0739730039647,0.0624948352758,0.0429872689831,0.0310189101254,0.151221254986,0.0805103689114,0.0797416804876,0.0445399274317,0.0560198620614,0.0503133798699,0.226354715699,1,0.01,10,15,1,10,20,1.42643110474e-05,1.29003872237e-05,1.42643110474e-05,7.24424067588e-07,8.57196106634e-05,0.000411655761153,1.42643110474e-05,1.29003872237e-05,1.42643110474e-05,0.569697601997,0.220244584598,0.209476855591
227,0.038942499794,0.0773227980746,0.0548741395146,0.0522340191177,0.0733537973862,0.098081412575,0.176895040942,0.0906381226352,0.0641583659549,0.140776777394,0.00261528901755,0.130107737594,1,0.01,10,15,1,10,20,5.9911512429e-05,5.41828979274e-05,5.9911512429e-05,0.000737208827956,0.00197019260968,0.000260007313085,5.9911512429e-05,5.41828979274e-05,5.9911512429e-05,0.404048030484,0.303743258602,0.288893290317
228,0.0454127191833,0.0333828646688,0.0523210808014,0.126938191253,0.012089438545,0.0341564705658,0.0120337870873,0.0369222385687,0.156554020624,0.00440178502989,0.469796157685,0.0159912459871,1,0.01,10,15,1,10,20,7.7542868396e-08,7.01283802221e-08,7.7542868396e-08,0.00232635983389,7.57083375516e-08,0.000998935814288,7.7542868396e-08,7.01283802221e-08,7.7542868396e-08,0.568132950579,0.219639691756,0.208901535881
229,0.228702093569,0.242269764256,0.0104760378337,0.0119966014194,0.0909308667874,0.118686507987,0.00446737532173,0.0257413385902,0.161117017985,0.00797750722541,0.0100958042043,0.0875390848214,1,0.01,10,15,1,10,20,1.68621435218e-07,1.52498203473e-07,1.68621435218e-07,0.000381630003278,1.55698419443e-08,2.16842715529e-07,1.68621435218e-07,1.52498203473e-07,1.68621435218e-07,0.393093291646,0.310860907842,0.295662958614
230,0.0586216548492,0.0524585331811,0.325045636037,0.0383336881696,0.087735923991,0.0394121601334,0.0383754817476,0.0998276890684,0.161677741033,0.0740742723657,1.57209032867e-05,0.0244214985208,1,0.01,10,15,1,10,20,6.0622549451e-05,5.48259470648e-05,6.0622549451e-05,9.44849491344e-09,6.27705238052e-09,0.0229946065447,6.0622549451e-05,5.48259470648e-05,6.0622549451e-05,0.556720437414,0.215227624349,0.204705173875
231,0.00334067667731,0.00445049184081,0.0695591325342,0.0378043899839,0.0725021536244,0.0555883781843,0.0561433146303,0.238987072903,0.18741842972,0.0415497290013,0.116801383168,0.115854847733,1,0.01,10,15,1,10,20,9.01483451157e-05,8.15285474144e-05,9.01483451157e-05,0.000442319424179,0.000865301780612,7.35608608516e-07,9.01483451157e-05,8.15285474144e-05,9.01483451157e-05,0.392707245206,0.310316028835,0.295144718671
232,0.0132268150534,0.0146517475506,0.245160368122,0.119850068397,0.0425265349783,0.0595699909355,0.0783994654904,0.0489161363676,0.146459677084,0.129300311824,0.0455175917251,0.0564212924713,1,0.01,10,15,1,10,20,5.39404718691e-05,4.87827958759e-05,5.39404718691e-05,4.97111695796e-05,4.34486498825e-05,0.000161751047832,5.39404718691e-05,4.87827958759e-05,5.39404718691e-05,0.569704852459,0.22024738762,0.209479521574
233,0.0323883021269,0.0459720917152,0.00545273358008,0.0793238555102,0.196097912859,0.119799299913,0.071385711938,0.0383658976644,0.0757952570006,0.225600016933,0.0956870284193,0.0141318923396,1,0.01,10,15,1,10,20,7.91245244367e-06,7.15588015941e-06,7.91245244367e-06,1.85223793241e-07,0.000684180962551,0.000633526172757,7.91245244367e-06,7.15588015941e-06,7.91245244367e-06,0.569251328692,0.220072055736,0.209312761643
234,0.0206258561313,0.07570982864,0.026623282385,0.163427631217,0.0266433237401,0.0674404932421,0.0217233830758,0.169631359629,0.10360263296,0.109327179588,0.00175930272843,0.213485726664,1,0.01,10,15,1,10,20,3.27361729847e-08,2.96060080517e-08,3.27361729847e-08,0.000354282903869,7.12327326571e-08,0.00263501105409,3.27361729847e-08,2.96060080517e-08,3.27361729847e-08,0.404180245825,0.303842509744,0.288987689084
235,0.0760284409435,0.220950599999,0.0475969265281,0.0760113836508,0.0600398578121,0.0819595192354,0.0225468058789,0.0533775141293,0.230194464964,0.104149719258,0.00622000328094,0.0209247643207,1,0.01,10,15,1,10,20,2.29050181785e-07,2.07148878684e-07,2.29050181785e-07,0.0629791662442,0.00222558998939,0.00491922456009,2.29050181785e-07,2.07148878684e-07,2.29050181785e-07,0.530055320095,0.204918913787,0.194900454827
236,0.213660657463,0.0691354680306,0.0617383448616,0.0562791821952,0.271702174345,0.00215382948491,0.0212512785846,0.0572148891164,0.0904889295115,0.0179325433402,0.117119911642,0.0213227914253,1,0.01,10,15,1,10,20,0.000104921125087,9.48887848189e-05,0.000104921125087,0.0228782447201,0.00581126184676,0.000575184197761,0.000104921125087,9.48887848189e-05,0.000104921125087,0.552999638226,0.213789166703,0.203337042235
237,0.00471742760227,0.0993910081702,0.151331629214,0.0435991667221,0.0242834910762,0.399985037556,0.000359841475242,0.0560024036162,0.000274695078157,0.16757958599,0.0387691769207,0.0137065365795,1,0.01,10,15,1,10,20,4.8035669177e-07,4.34425981648e-07,4.8035669177e-07,0.000511250790909,1.32057827525e-07,0.00526148211638,4.8035669177e-07,4.34425981648e-07,4.8035669177e-07,0.403049904295,0.302993886009,0.288180554452
238,0.050900365985,0.00305816506298,0.0492128774976,0.118541434226,0.00917485917087,0.0863599070619,0.0970381463218,0.0520004715446,0.182946625064,0.0571079880851,0.155915961717,0.137743198263,1,0.01,10,15,1,10,20,6.98727262462e-08,6.31916411491e-08,6.98727262462e-08,0.0641156224997,2.26408215613e-07,1.09596454924e-06,6.98727262462e-08,6.31916411491e-08,6.98727262462e-08,0.533480030423,0.206242903744,0.196159715087
239,0.128465715168,0.0663331928952,0.0617670286622,0.0107091336214,0.0261566734994,0.0880807693003,0.0213137603085,0.0163595346478,0.0341964992375,0.0552462463208,0.476763579677,0.014607866662,1,0.01,10,15,1,10,20,8.92014549924e-08,8.06721969598e-08,8.92014549924e-08,2.28594549548e-07,2.92925734315e-05,0.000346269621069,8.92014549924e-08,8.06721969598e-08,8.92014549924e-08,0.569814091687,0.220289768713,0.209519830661
240,0.00589872535588,0.11171351661,0.0335245413467,0.0327184713422,0.201408687602,0.0648617746835,0.0301756940187,0.147639872578,0.115147207081,0.246066469345,0.00173051039601,0.00911452964111,1,0.01,10,15,1,10,20,0.000189501393648,0.000171381663604,0.000189501393648,0.00162006660647,3.43946244279e-05,0.00179368230351,0.000189501393648,0.000171381663604,0.000189501393648,0.567435753726,0.219370156074,0.208645177764
241,0.127283343417,0.0078475126354,0.094099118309,0.021456006059,0.10241045586,0.22890664532,0.117388125244,0.0305543529993,0.0156600342216,0.0645809135202,0.120548559922,0.0692649324931,1,0.01,10,15,1,10,20,1.24342069739e-10,1.12452739041e-10,1.24342069739e-10,9.6133821692e-10,1.75489442894e-10,4.61837679949e-10,1.24342069739e-10,1.12452739041e-10,1.24342069739e-10,0.570028761962,0.220372611983,0.209598623734
242,0.277957651554,0.0517607736827,0.0483267483973,0.110130888235,0.105430678484,0.0281446754003,0.0263336386655,0.141250106234,0.0994358016526,0.0324732727621,0.0518165253749,0.0269392395566,1,0.01,10,15,1,10,20,1.67803409374e-07,1.51758395564e-07,1.67803409374e-07,3.7970552037e-08,0.00340970393794,1.14117003958e-07,1.67803409374e-07,1.51758395564e-07,1.67803409374e-07,0.56808442797,0.219620991446,0.208883749828
243,0.00565573648587,0.139942699499,0.179574610968,0.110821824789,0.0390704293022,0.0209378040955,0.0837922690312,0.0264537484284,0.0586803320091,0.107063451195,0.0295809012835,0.198426192914,1,0.01,10,15,1,10,20,1.95015746957e-07,1.76368745893e-07,1.95015746957e-07,0.000727506936161,0.0025807033638,1.65427327783e-07,1.95015746957e-07,1.76368745893e-07,1.95015746957e-07,0.568142249604,0.219643286751,0.208904955117
244,0.000533941926146,0.0172764274082,0.0237289241013,0.142158371706,0.0585707497483,0.215070576263,0.065991387374,0.0766453547373,0.0337800344232,0.197681591877,0.146401384791,0.0221612556438,1,0.01,10,15,1,10,20,1.16983107974e-10,1.0579742593e-10,1.16983107974e-10,2.32005907474e-08,0.00146387060468,2.92253255713e-08,1.16983107974e-10,1.0579742593e-10,1.16983107974e-10,0.569194286038,0.220050003097,0.209291787155
245,0.0944667278304,0.0338150673198,0.10641111064,0.0682857119214,0.083841532903,0.109928069249,0.167640781133,0.0400884670604,0.00949108719957,0.039387745997,0.179923161214,0.0667205375327,1,0.01,10,15,1,10,20,7.31921984922e-07,6.61937123469e-07,7.31921984922e-07,6.25102619971e-07,0.0020681698585,9.40757486835e-07,7.31921984922e-07,6.61937123469e-07,7.31921984922e-07,0.568846532255,0.219915561795,0.20916391867
246,0.0457148711049,0.0556473896616,0.0271768434624,0.198211858559,0.0393509890293,0.0521485311784,0.00218889404767,0.109703262675,0.321539766333,0.0180532171136,0.113884754044,0.0163796227902,1,0.01,10,15,1,10,20,0.000967897131588,0.000875348816261,0.000967897131588,0.0156738950694,0.000535202574213,0.00315143220442,0.000967897131588,0.000875348816261,0.000967897131588,0.555787840916,0.214867083375,0.204362259702
247,0.0431462161002,0.0211754489629,0.0741439058635,0.131260996029,0.106166485436,0.182802142872,0.0902358443183,0.103097039349,0.0704080929558,0.0447599029857,0.0455491920536,0.0872547330737,1,0.01,10,15,1,10,20,8.39236025654e-12,7.58990018303e-12,8.39236025654e-12,5.18455440607e-06,2.80197060956e-11,0.00671502715287,8.39236025654e-12,7.58990018303e-12,8.39236025654e-12,0.566198050641,0.218891661166,0.208190076409
248,0.132871574298,0.00608140717525,0.0146175514239,0.0727586270976,0.147986478277,0.0298168789356,0.0178908752315,0.0291787570606,0.217488720433,0.0976928219456,0.228242398797,0.00537390932316,1,0.01,10,15,1,10,20,6.58142821639e-05,5.95212570686e-05,6.58142821639e-05,0.00074248129068,3.61467313425e-05,0.000302284903112,6.58142821639e-05,5.95212570686e-05,6.58142821639e-05,0.404799524982,0.304307405912,0.289429856538
249,0.0907901571691,0.0148828968744,0.372172308302,0.0326176995378,0.0243027942718,0.134624907347,0.0451412284966,0.203928114804,0.0186790752636,0.0108979464496,0.00960433349123,0.042358537993,1,0.01,10,15,1,10,20,0.000615507454209,0.000556653908621,0.000615507454209,0.00042235168538,0.0161460294036,0.0267957657722,0.000615507454209,0.000556653908621,0.000615507454209,0.543271908301,0.210028434994,0.199760172209
250,0.046244430468,0.0881103190343,0.237555753615,0.115781746901,0.00929523158607,0.159863807988,0.0209810653055,0.027715141409,0.00491511264223,0.131202450778,0.0320418127333,0.12629312754,1,0.01,10,15,1,10,20,3.82257029144e-05,3.45706405204e-05,3.82257029144e-05,0.0242496540632,0.00496677601633,0.00146075506186,3.82257029144e-05,3.45706405204e-05,3.82257029144e-05,0.552415315193,0.21356326794,0.203122187633
251,0.108934521946,0.0374538301907,0.0587879012131,0.0362790652036,0.024564712332,0.0316011999974,0.0557405243427,0.0632631462795,0.356517234781,0.0352473277461,0.0335367872655,0.158073748702,1,0.01,10,15,1,10,20,8.70495906702e-09,7.87260894389e-09,8.70495906702e-09,0.08640087733,0.000208767136824,1.58218119528e-05,8.70495906702e-09,7.87260894389e-09,8.70495906702e-09,0.520649728307,0.201282720394,0.191442034455
252,0.0161303456424,0.0620926190349,0.0226611789034,0.0216099292147,0.305897568564,0.0627155029889,0.0710153888453,0.103636667055,0.116876217766,0.0563600367819,0.141383316407,0.019621228796,1,0.01,10,15,1,10,20,1.52205298489e-05,1.37651743675e-05,1.52205298489e-05,0.0663025346103,0.00426811997308,0.000160357335164,1.52205298489e-05,1.37651743675e-05,1.52205298489e-05,0.529659655665,0.204765950271,0.194754969677
253,0.0850979744448,0.290326558086,0.0239438084233,0.170329888038,0.0531537090456,0.0331370574774,0.00862697870728,0.0625302072084,0.0569793820398,0.142090055155,0.0545619164229,0.0192224649514,1,0.01,10,15,1,10,20,7.90098722415e-05,7.1455112204e-05,7.90098722415e-05,0.000783756089939,0.000341173692165,0.00025701147022,7.90098722415e-05,7.1455112204e-05,7.90098722415e-05,0.39270384843,0.31031321664,0.295142043964
254,0.0437506102598,0.265134221362,0.178404332578,0.0201962458028,0.0061877138497,0.0937673570264,0.0612073426832,0.0519545854244,0.0670797748846,0.0719506098506,0.0676409914626,0.0727262148158,1,0.01,10,15,1,10,20,3.02309013063e-05,2.73402852528e-05,3.02309013063e-05,0.0692238631743,0.000147635865243,2.14377439941e-06,3.02309013063e-05,2.73402852528e-05,3.02309013063e-05,0.530383693317,0.205045862582,0.195021197111
255,0.0191051030777,0.0540228139119,0.0519515912791,0.0199198385744,0.0984439451006,0.21308344813,0.0500314466745,0.0743198349143,0.0307852099602,0.184687631949,0.167817661666,0.0358314747621,1,0.01,10,15,1,10,20,5.88805744383e-05,5.32505360883e-05,5.88805744383e-05,0.000485544305981,0.000116802380853,0.00119120922643,5.88805744383e-05,5.32505360883e-05,5.88805744383e-05,0.392587780916,0.310221668346,0.295054971454
256,0.172947310803,0.00700250915844,0.000347785590672,0.159319515466,0.0766247649031,0.318329245182,0.0974059114597,0.075645171823,0.0175299138047,0.0337632982489,0.00986146383592,0.0312231097242,1,0.01,10,15,1,10,20,2.45446654138e-07,2.21977554373e-07,2.45446654138e-07,0.00034236419666,0.0123131897083,0.0239463542255,2.45446654138e-07,2.21977554373e-07,2.45446654138e-07,0.390542583889,0.293604176051,0.279249906189
257,0.0228286953874,0.0764420978924,0.0118956853318,0.136745182238,0.066956644496,0.0434824851838,0.0885684895923,0.0322308530578,0.180861507602,0.0909624890862,0.0984437242791,0.150582145854,1,0.01,10,15,1,10,20,1.06215055e-09,9.60589918384e-10,1.06215055e-09,0.0107921817106,0.00742793085502,6.62925607596e-10,1.06215055e-09,9.60589918384e-10,1.06215055e-09,0.398003553863,0.299202140168,0.284574186571
258,0.0268319981983,0.156840728279,0.0297045144891,0.0867775788019,0.0290235821671,0.115883866412,0.017624568819,0.356657944928,0.011390284031,0.112948880234,0.014838332987,0.0414777206523,1,0.01,10,15,1,10,20,2.25299223675e-07,2.03756579405e-07,2.25299223675e-07,1.40083730882e-07,0.00679753353719,1.43513589916e-08,2.25299223675e-07,2.03756579405e-07,2.25299223675e-07,0.566153140982,0.218874299132,0.208173563203
259,0.0620563421636,0.172013236862,0.00495740882044,0.0238740263321,0.0549758831201,0.0387774903286,0.0263000204728,0.131214200566,0.124955403642,0.00995054780304,0.343639079196,0.00728636069364,1,0.01,10,15,1,10,20,8.83184116187e-08,7.98735883612e-08,8.83184116187e-08,2.31853634849e-08,9.17634616712e-08,0.000734511582447,8.83184116187e-08,7.98735883612e-08,8.83184116187e-08,0.569609693329,0.220210617745,0.209444549373
260,0.0800387949896,0.0728185458959,0.0460441198734,0.0349946065346,0.181655871585,0.234495727385,0.0582471488979,0.0283154270321,0.0782919256838,0.0411853631001,0.0563034567784,0.0876090122438,1,0.01,10,15,1,10,20,1.00671372447e-06,9.10453847079e-07,1.00671372447e-06,0.0149839904833,1.28959433022e-06,0.00428638120341,1.00671372447e-06,9.10453847079e-07,1.00671372447e-06,0.559040029996,0.216124376772,0.205558084188
261,0.19874799735,0.179292779705,0.014037226814,0.116761432127,0.0548503372455,0.00733972967036,0.0586281079317,0.0589442214362,0.123880628165,0.00358926996074,0.0577925464986,0.126135723096,1,0.01,10,15,1,10,20,8.32711769496e-05,7.53089597981e-05,8.32711769496e-05,6.49470228263e-05,7.80296897859e-05,0.000162356194526,8.32711769496e-05,7.53089597981e-05,8.32711769496e-05,0.569578991711,0.220198729967,0.209433242787
262,0.0307494914361,0.0350703125002,0.0461353691454,0.0149210913843,0.200989883172,0.0904464861345,0.16494012102,0.0678069478807,0.0435950289058,0.0879050552686,0.138104090877,0.0793361222752,1,0.01,10,15,1,10,20,4.59785863571e-05,4.15822093356e-05,4.59785863571e-05,0.0136076408949,0.00153254057694,0.000225725493589,4.59785863571e-05,4.15822093356e-05,4.59785863571e-05,0.561117513119,0.216927529893,0.206321971258
263,0.0211746465395,0.0349730704492,0.00143576311034,0.0719606210271,0.074546771344,0.230824885941,0.194576016524,0.0100306313736,0.0450171029826,0.0481248091398,0.0201474490247,0.247188232545,1,0.01,10,15,1,10,20,1.25957977102e-07,1.13914136695e-07,1.25957977102e-07,0.00544665093792,0.00251579139127,0.00130931210444,1.25957977102e-07,1.13914136695e-07,1.25957977102e-07,0.564743180869,0.21832920981,0.207655123227
264,0.0590340703715,0.0406577597685,0.0202481694971,0.255442195759,0.00508056803107,0.0500864222968,0.0981824619996,0.0599288310313,0.0882879057533,0.0304960969547,0.266752734571,0.0258027839659,1,0.01,10,15,1,10,20,2.20726716396e-09,1.99621285784e-09,2.20726716396e-09,0.0491388777862,3.57178334742e-09,0.000732858981762,2.20726716396e-09,1.99621285784e-09,2.20726716396e-09,0.541600430816,0.20938224329,0.199145572733
265,0.0390745272883,0.12621763745,0.182731662463,0.00593002148757,0.14363936002,0.107461085304,0.0234872840418,0.0388907160162,0.0857634561866,0.0693341541205,0.105148849566,0.0723212460563,1,0.01,10,15,1,10,20,6.42800830565e-12,5.81337548964e-12,6.42800830565e-12,4.19085895128e-12,0.00351947514378,4.16419892863e-12,6.42800830565e-12,5.81337548964e-12,6.42800830565e-12,0.568022562568,0.219597015849,0.208860946394
266,0.118648895726,0.0180914064718,0.0446763252365,0.0265237269478,0.0676837366873,0.302786909247,0.0354106472617,0.0308336621983,0.0502971682911,0.0576742583999,0.241044464485,0.00632879904713,1,0.01,10,15,1,10,20,5.73253232274e-11,5.1843994771e-11,5.73253232274e-11,0.014801092816,2.26181777373e-05,1.83674575912e-06,5.73253232274e-11,5.1843994771e-11,5.73253232274e-11,0.5615769495,0.217105890546,0.206491611882
267,0.121859100748,0.0120090808817,0.0428899019907,0.0486350526103,0.253620137098,0.105334252254,0.0317615103417,0.00193651998147,0.157127824408,0.143287846752,0.0470832746312,0.0344554983025,1,0.01,10,15,1,10,20,2.97973924315e-10,2.6948227597e-10,2.97973924315e-10,0.117914645706,0.000171427240073,2.03648377568e-06,2.97973924315e-10,2.6948227597e-10,2.97973924315e-10,0.502715144536,0.194349226311,0.184847517993
268,0.332066098951,0.0266482364052,0.325382984544,0.000144083871558,0.027592548294,0.0132800112217,0.0189698044831,0.0379570184362,0.00996769169651,0.147206237865,0.0042166796522,0.0565686045798,1,0.01,10,15,1,10,20,7.50868615438e-07,6.79072116489e-07,7.50868615438e-07,4.82952836651e-05,3.13592364204e-06,0.00510953444032,7.50868615438e-07,6.79072116489e-07,7.50868615438e-07,0.567084379541,0.219234315128,0.208515978064
269,0.0269835520673,0.00326130286918,0.00210497479296,0.075158021958,0.100027434853,0.119078301242,0.1019610747,0.0675558195259,0.0697233259365,0.138793688492,0.11725970458,0.178092798983,1,0.01,10,15,1,10,20,8.88995473149e-10,8.0399157068e-10,8.88995473149e-10,0.0108470635329,0.00482503063199,1.25741203027e-07,8.88995473149e-10,8.0399157068e-10,8.88995473149e-10,0.561095145566,0.216918882617,0.206313746747
270,0.0837961288824,0.0470317557434,0.02872616371,0.245457509303,0.10824324682,0.0540862561037,0.174754038865,0.056644921004,0.0938360743697,0.00454980985064,0.0483397802474,0.054534315101,1,0.01,10,15,1,10,20,0.000272693422333,0.000246619043131,0.000272693422333,0.177474291547,0.0108930372773,0.00268854799316,0.000272693422333,0.000246619043131,0.000272693422333,0.460218486943,0.177920056405,0.169221568059
271,0.0686768219152,0.0733336454635,0.0278284221002,0.0133145776804,0.0385207797828,0.146096807629,0.0650185831183,0.0708198896552,0.109436353156,0.157894728426,0.189008864793,0.0400505262811,1,0.01,10,15,1,10,20,3.17449937839e-07,2.87096033494e-07,3.17449937839e-07,3.56876093164e-10,0.000216513719163,0.000343236899993,3.17449937839e-07,2.87096033494e-07,3.17449937839e-07,0.569708639119,0.220248851771,0.209480914142
272,0.0790823094266,0.0250624235253,0.100935322942,0.0453403321953,0.01257874716,0.146289067234,0.0655675547003,0.11979397563,0.278465337469,0.0926560145354,0.0317104550551,0.00251846012785,1,0.01,10,15,1,10,20,8.11433450023e-06,7.33845867263e-06,8.11433450023e-06,0.000375330908235,0.0045960058751,0.0110479538909,8.11433450023e-06,7.33845867263e-06,8.11433450023e-06,0.387102005229,0.305893327353,0.290938242488
273,0.164075834527,0.219597911063,0.0350982947998,0.0195419480739,0.132849257426,0.00364476221667,0.0233890900655,0.127978658976,0.0262947773321,0.0571444399765,0.138760070785,0.051624954758,1,0.01,10,15,1,10,20,2.23039035307e-06,2.01712505558e-06,2.23039035307e-06,7.13022658554e-05,0.00248789197043,0.000823865142982,2.23039035307e-06,2.01712505558e-06,2.23039035307e-06,0.568092938318,0.219624223051,0.20888682344
274,0.127742898695,0.062671054951,0.0788131925685,0.0577200885647,0.0061389685271,0.0506806474872,0.0559452122509,0.170167077915,0.0402377290109,0.0616633965876,0.199600960003,0.088618773438,1,0.01,10,15,1,10,20,5.12517728671e-12,4.63511846934e-12,5.12517728671e-12,4.96937104141e-11,1.95312483273e-11,0.00147445368174,5.12517728671e-12,4.63511846934e-12,5.12517728671e-12,0.569188283595,0.220047682558,0.209289580066
275,0.0536530716503,0.220307594781,0.00127476295008,0.138939230885,0.0956377734482,0.0762186523853,0.0179162036377,0.107404017558,0.112653540213,0.0577591238601,0.0854805668379,0.032755461793,1,0.01,10,15,1,10,20,3.4017340831e-05,3.0764673287e-05,3.4017340831e-05,0.00073842745492,2.83956276339e-05,0.0038619666182,3.4017340831e-05,3.0764673287e-05,3.4017340831e-05,0.403434966431,0.303283057127,0.288455588032
276,0.129293977655,0.0784779637894,0.0426283083363,0.130862389178,0.0907196750569,0.00284448633827,0.0984567079539,0.054362185691,0.0341874428825,0.0268707522273,0.138819410644,0.172476700247,1,0.01,10,15,1,10,20,4.80123888097e-05,4.34215438179e-05,4.80123888097e-05,0.0373724378467,0.00035292927102,0.000232757125899,4.80123888097e-05,4.34215438179e-05,4.80123888097e-05,0.378380952313,0.299000052171,0.28438197863
277,0.139929241561,0.00456439079239,0.0386176887468,0.129092860545,0.147778623415,0.147508212999,0.0416045512084,0.0271259997119,0.00228599493719,0.187657869033,0.0886295061974,0.0452050608536,1,0.01,10,15,1,10,20,2.33448971748e-07,2.11127065478e-07,2.33448971748e-07,4.13136293856e-07,1.61123188408e-07,2.00113843012e-06,2.33448971748e-07,2.11127065478e-07,2.33448971748e-07,0.570026152699,0.220371935515,0.209597980338
278,0.00379480161771,0.073142365244,0.179123275907,0.130231288039,0.0179341654801,0.230891917438,0.0141951890259,0.00622776339039,0.0558249892082,0.00626828921867,0.246301677974,0.036064277457,1,0.01,10,15,1,10,20,1.02598826762e-05,9.27885398408e-06,1.02598826762e-05,0.0622872891454,0.00011483269294,3.32506964746e-09,1.02598826762e-05,9.27885398408e-06,1.02598826762e-05,0.534423786203,0.206607758886,0.196506732509
279,0.0519973816806,0.267238740579,0.0160581392268,0.0480563074964,0.0988060867974,0.060251715814,0.199650896245,0.00417390124625,0.11130632035,0.0279823205719,0.00106340287526,0.113414787117,1,0.01,10,15,1,10,20,1.82106996444e-11,1.64694303318e-11,1.82106996444e-11,0.0391141866182,0.0048136324526,0.00358134296112,1.82106996444e-11,1.64694303318e-11,1.82106996444e-11,0.542947175659,0.209902893644,0.199640768559
280,0.0105851279545,0.137641181832,0.0179563339141,0.00434431273778,0.0309696223362,0.0946812756076,0.0435502301069,0.0486705559958,0.212406406878,0.109999653108,0.071980768863,0.217214530666,1,0.01,10,15,1,10,20,3.89497694732e-09,3.52254733373e-09,3.89497694732e-09,0.0383898204151,1.24092815056e-07,8.22312743153e-09,3.89497694732e-09,3.52254733373e-09,3.89497694732e-09,0.548145374435,0.211912512653,0.201552137557
281,0.324847767855,0.0373839890768,0.100009037232,0.0220645387439,0.10286435531,0.0699042272173,0.0397456306111,0.00345809365323,0.00493713214873,0.104322516287,0.119822269125,0.0706404427393,1,0.01,10,15,1,10,20,8.95762850618e-06,8.10111865558e-06,8.95762850618e-06,2.52723308022e-08,1.64814488751e-05,2.32539875817e-07,8.95762850618e-06,8.10111865558e-06,8.95762850618e-06,0.569989562637,0.220357456321,0.20958420903
282,0.0921956707635,0.0169346698191,0.188109359011,0.0257930299236,0.0919890768671,0.014610480427,0.0560663403258,0.0329263875516,0.0245792812204,0.0978702637355,0.245264898541,0.113660541814,1,0.01,10,15,1,10,20,1.96249174319e-07,1.77484235489e-07,1.96249174319e-07,0.00386891490725,0.000326291911157,2.47777356923e-05,1.96249174319e-07,1.77484235489e-07,1.96249174319e-07,0.567622602267,0.219442391554,0.20871388166
283,0.255715148047,0.105959258147,0.0564447149944,0.0210198535738,0.0146797115017,0.19367852018,0.0709440436797,0.00842041189539,0.0703174095822,0.0886362365191,0.111686856673,0.00249783520648,1,0.01,10,15,1,10,20,7.4383168549e-08,6.7270804318e-08,7.4383168549e-08,0.0510477305371,7.35624309707e-05,0.00174135398352,7.4383168549e-08,6.7270804318e-08,7.4383168549e-08,0.539895289029,0.208723036996,0.198518594949
284,0.0789552981769,0.124790575347,0.0287175437888,0.0407745671727,0.0593271872971,0.0287424702761,0.111734015184,0.0610630300758,0.0827988509913,0.177481943541,0.0852839979919,0.120330520158,1,0.01,10,15,1,10,20,2.24782146531e-08,2.03288944105e-08,2.24782146531e-08,0.0225956517821,0.000385386614434,6.80425127867e-05,2.24782146531e-08,2.03288944105e-08,2.24782146531e-08,0.556890051116,0.215293196855,0.204767540549
285,0.0406947049515,0.191265693549,0.0848304263178,0.0152286471747,0.0576218594156,0.207518820413,0.0111521358042,0.1530959621,0.0231656279217,0.0923542618321,0.117551748302,0.00552011221894,1,0.01,10,15,1,10,20,2.83129838501e-06,2.5605755084e-06,2.83129838501e-06,0.0689332291693,5.05157964222e-06,0.000932362489335,2.83129838501e-06,2.5605755084e-06,2.83129838501e-06,0.530191113321,0.204971411327,0.194950385769
286,0.0199399585638,0.00433499144517,0.0907687156289,0.035285633958,0.0143770776934,0.0129844885949,0.185221937657,0.0837628987355,0.121283816418,0.161347632491,0.215772388379,0.0549204604352,1,0.01,10,15,1,10,20,2.95679748912e-09,2.67407464859e-09,2.95679748912e-09,0.02045724338,1.67411998768e-08,0.000402121346106,2.95679748912e-09,2.67407464859e-09,2.95679748912e-09,0.558138307422,0.215775771629,0.205226522306
287,0.180741203769,0.00590433353539,0.040799751688,0.0736462612259,0.0500182832598,0.124569082103,0.0894350157615,0.0727981390856,0.0476929614324,0.280557310809,0.0117851976095,0.022052459721,1,0.01,10,15,1,10,20,3.52709834943e-08,3.18984452402e-08,3.52709834943e-08,0.00528106361952,0.00518197493867,9.15198107034e-05,3.52709834943e-08,3.18984452402e-08,3.52709834943e-08,0.564012246006,0.218046631044,0.2073863597
288,0.177843736465,0.104406411212,0.0599362835607,0.0097021399108,0.0299773605715,0.0479732512039,0.0679404690783,0.10395482228,0.144583929985,0.0391229629935,0.181375391829,0.0331832409096,1,0.01,10,15,1,10,20,1.7195904668e-12,1.55516679453e-12,1.7195904668e-12,0.0813806817548,2.36832677149e-07,0.000825318224025,1.7195904668e-12,1.55516679453e-12,1.7195904668e-12,0.36107813518,0.285332754572,0.271382873427
289,0.108684172157,0.0269714816499,0.101001729327,0.0539604306252,0.00428562413872,0.0763044687727,0.0726462328996,0.038473605533,0.166016527596,0.15334651884,0.0468887440227,0.151420464437,1,0.01,10,15,1,10,20,8.90400814626e-10,8.05262536321e-10,8.90400814626e-10,6.1703737975e-10,1.13900112331e-09,0.000408900224603,8.90400814626e-10,8.05262536321e-10,8.90400814626e-10,0.569795674692,0.220282500431,0.209512917724
290,0.0895029253831,0.169876373217,0.144710024809,0.149586987817,0.039685621559,0.0315225476257,0.0653859653046,0.0637840994903,0.110544923954,0.0390571849479,0.0942540928345,0.00208925305797,1,0.01,10,15,1,10,20,6.51596495706e-09,5.89292190855e-09,6.51596495706e-09,0.0574837257971,0.0035537718433,0.00746499918849,6.51596495706e-09,5.89292190855e-09,6.51596495706e-09,0.530980349443,0.205276529307,0.195240586571
291,0.00472145796477,0.196380157094,0.0221335651725,0.0123113353269,0.0861547854366,0.0877797601872,0.102645607562,0.183181542742,0.0629433399744,0.11990824935,0.0911905865558,0.0306496126336,1,0.01,10,15,1,10,20,8.33370737403e-06,7.53685556744e-06,8.33370737403e-06,0.000379670464113,3.2727665697e-08,0.00414228442975,8.33370737403e-06,7.53685556744e-06,8.33370737403e-06,0.391629013594,0.309465150539,0.294335439704
292,0.0033818027809,0.0583649566575,0.0255518039517,0.0277844593437,0.0318330818299,0.165253690792,0.00325370752956,0.0232718136006,0.0275668378735,0.0447895864985,0.160568362058,0.428379897083,1,0.01,10,15,1,10,20,5.76640144319e-11,5.21503010253e-11,5.76640144319e-11,0.00844471897906,3.01544646113e-06,0.000184967013478,5.76640144319e-11,5.21503010253e-11,5.76640144319e-11,0.565107876334,0.218470200752,0.20778922114
293,0.00425078412137,0.0235490940029,0.132498915077,0.252231485578,0.00882929130091,0.0234193370571,0.104695769861,0.00201863445032,0.0121621384264,0.125511983581,0.051707356472,0.259125210072,1,0.01,10,15,1,10,20,2.59430119004e-10,2.34623949345e-10,2.59430119004e-10,0.0323209436197,0.000282338009223,0.000291662756429,2.59430119004e-10,2.34623949345e-10,2.59430119004e-10,0.551277699291,0.213123466648,0.202703888169
294,0.0403079316233,0.0899165819645,0.0274993037397,0.0690457887651,0.00938595347638,0.130485125929,0.0384417308782,0.228373090639,0.0913709900396,0.015898217787,0.03163864629,0.227636638868,1,0.01,10,15,1,10,20,1.19197227969e-06,1.07799836366e-06,1.19197227969e-06,0.0220136856777,0.000124919405712,0.00948066441171,1.19197227969e-06,1.07799836366e-06,1.19197227969e-06,0.552000924718,0.213403064952,0.202969816949
295,0.0196436425124,0.0177678293757,0.309257060636,0.187566806789,0.0786468457192,0.0375557346153,0.167878171634,0.0482139049107,0.0356452671893,0.0283351914963,0.00591811478659,0.0635714303355,1,0.01,10,15,1,10,20,0.000107570888032,9.72851829289e-05,0.000107570888032,0.0463164987361,0.027396705832,9.4151631194e-05,0.000107570888032,9.72851829289e-05,0.000107570888032,0.375203397173,0.282077564006,0.268286828703
296,0.241365647892,0.0899895687591,0.0267284432009,0.0784267637328,0.0430550914446,0.121389421718,0.0110629463394,0.219976437495,0.0245402854383,0.120374224093,0.00714250799887,0.0159486618875,1,0.01,10,15,1,10,20,3.62707997068e-08,3.2802661101e-08,3.62707997068e-08,1.90246829614e-06,5.84215929155e-05,3.88959485403e-08,3.62707997068e-08,3.2802661101e-08,3.62707997068e-08,0.569994235942,0.220359263016,0.209585927397
297,0.0259305204633,0.0349701373045,0.143829613611,0.00670755073008,0.0165224205508,0.320252555301,0.0204103906425,0.0968553077438,0.0640533923822,0.20991382509,0.0578160888468,0.00273819733333,1,0.01,10,15,1,10,20,2.2247662247e-07,2.0120386947e-07,2.2247662247e-07,9.42821456579e-05,2.29381388579e-07,0.00296160462207,2.2247662247e-07,2.0120386947e-07,2.2247662247e-07,0.568285953893,0.2196988427,0.208957794944
298,0.00690172634685,0.0606925922657,0.124113102179,0.026967678811,0.0465900428801,0.0580619019701,0.107074594714,0.179548177088,0.232987553157,0.0431628239266,0.107340921029,0.00655888563176,1,0.01,10,15,1,10,20,0.000174066142684,0.000157422299309,0.000174066142684,0.0234916130305,5.41517976603e-05,0.000513129782802,0.000174066142684,0.000157422299309,0.000174066142684,3.98915366968e-06,0.499677589616,0.47524841745
299,0.269003892797,0.0342575716619,0.119875735426,0.0577360312108,0.0347690191922,0.0363237040937,0.106715664358,0.163629849739,0.0310311745026,0.0416554373694,0.0586589713193,0.0463429483296,1,0.01,10,15,1,10,20,3.98801376661e-09,3.60668816541e-09,3.98801376661e-09,1.50425206357e-08,0.0103382546317,1.26351903445e-10,3.98801376661e-09,3.60668816541e-09,3.98801376661e-09,0.564135640294,0.218094335166,0.207431731574
300,0.0236794398646,0.0396086377621,0.0890685613798,0.0217439044586,0.0329309908167,0.289273921942,0.00298957234066,0.136368759375,0.0968455330862,0.171520056181,0.0463104309381,0.049660191855,1,0.01,10,15,1,10,20,2.40294633875e-05,2.17318159598e-05,2.40294633875e-05,0.00443576939298,0.000158562312912,0.0106839918916,2.40294633875e-05,2.17318159598e-05,2.40294633875e-05,0.561240115274,0.216974927777,0.206367051866
301,0.112667281939,0.0137647736043,0.146658655986,0.00131910708908,0.055011837015,0.0948824437811,0.0454805315926,0.176961187797,0.0332593522719,0.182352290699,0.113874645969,0.0237678922555,1,0.01,10,15,1,10,20,6.56539329529e-06,5.93762401165e-06,6.56539329529e-06,1.44880411004e-05,2.61203939131e-05,0.00127964942808,6.56539329529e-06,5.93762401165e-06,6.56539329529e-06,0.569254440618,0.220073258804,0.209313905893
302,0.0420405333492,0.00420674114813,0.0505338762659,0.0600838302063,0.118968212357,0.0916458018568,0.018843218838,0.0177027106226,0.0518777259481,0.0160890900248,0.51956828213,0.00843997725332,1,0.01,10,15,1,10,20,2.52487736097e-05,2.28345382686e-05,2.52487736097e-05,0.000105011813247,6.40860187456e-06,5.6033421072e-05,2.52487736097e-05,2.28345382686e-05,2.52487736097e-05,0.569849708363,0.220303388783,0.209532784847
303,0.0855215427831,0.110277641101,0.0026825161861,0.115125399345,0.128655487053,0.136778665708,0.00652705153621,0.09201494069,0.14957022447,0.105267979077,0.0454379094042,0.0221406426459,1,0.01,10,15,1,10,20,0.000124875670602,0.000112935318097,0.000124875670602,0.000144783762379,7.88800279302e-05,0.000339626535136,0.000124875670602,0.000112935318097,0.000124875670602,0.569294189317,0.220088625616,0.209328521423
304,0.00962944333913,0.270161577792,0.0929252359267,0.0307827048371,0.0508155199888,0.0586425152884,0.0156971196336,0.135346023509,0.0189709192007,0.0583090732483,0.0905464121316,0.168173455104,1,0.01,10,15,1,10,20,0.000192610806767,0.000174193761093,0.000192610806767,0.0126801615621,0.00228908548227,0.00118358857282,0.000192610806767,0.000174193761093,0.000192610806767,0.56018341802,0.216566409561,0.205978506052
305,0.26235551895,0.0339279230345,0.0172324063263,0.0464212662674,0.126396259992,0.0697117089681,0.0733179595761,0.167740286517,0.0404119482437,0.0162467141861,0.0667117142267,0.0795262937117,1,0.01,10,15,1,10,20,2.19395531489e-09,1.98417386016e-09,2.19395531489e-09,0.150738719117,1.11969384057e-07,5.67764779834e-10,2.19395531489e-09,1.98417386016e-09,2.19395531489e-09,0.484103287403,0.187153898951,0.178003969248
306,0.0265691654938,0.0326325060904,0.528142024784,0.0725008211353,0.0255995951702,0.0662262037553,0.06631185517,0.0440791192419,0.0203822325995,0.00371408382172,0.0962152042543,0.017627188484,1,0.01,10,15,1,10,20,0.000178192252898,0.000161153879427,0.000178192252898,9.46341043718e-07,0.000703159684827,0.0116881179278,0.000178192252898,0.000161153879427,0.000178192252898,0.562374817018,0.217413602459,0.2067842798
307,0.245217911095,0.105640525264,0.0686474900387,0.0283572896812,0.0111378424123,0.120283918305,0.0213885265027,0.119232859972,0.0133992710279,0.0395147859622,0.129287705075,0.0978918746644,1,0.01,10,15,1,10,20,1.28108077627e-05,1.1585864907e-05,1.28108077627e-05,2.72557283475e-06,3.73384557976e-06,1.48414258968e-05,1.28108077627e-05,1.1585864907e-05,1.28108077627e-05,0.5699742039,0.220351518647,0.209578561648
308,4.06938590193e-05,0.117342416185,0.0147433523624,0.127236537285,0.12368758172,0.0606551425003,0.124995947954,0.037647169765,0.0601582595369,0.212114743256,0.0937894814107,0.0275886741663,1,0.01,10,15,1,10,20,4.74539265104e-06,4.29164805248e-06,4.74539265104e-06,1.16418834189e-07,6.15736285633e-06,0.00104876784659,4.74539265104e-06,4.29164805248e-06,4.74539265104e-06,0.569411647819,0.220134034968,0.209371710718
309,0.0329201799789,0.236974849542,0.114125931199,0.189913075148,0.0105590661933,0.00845019502383,0.00540440081354,0.00970787198823,0.138217838009,0.0361205645535,0.141548420265,0.0760576072861,1,0.01,10,15,1,10,20,3.3387585752e-06,3.01951340819e-06,3.3387585752e-06,8.97366322855e-06,0.00265462299918,3.67228769682e-06,3.3387585752e-06,3.01951340819e-06,3.3387585752e-06,0.568497289465,0.219780544844,0.20903550268
310,0.102185016337,0.165109401618,0.053415355571,0.151231299345,0.034853382825,0.0284661429682,0.0743117602684,0.0653188092218,0.156641347832,0.0571910162391,0.00537729149131,0.105899176283,1,0.01,10,15,1,10,20,6.50542719468e-06,5.88339174514e-06,6.50542719468e-06,0.110054214109,1.49661978351e-05,1.20603071721e-05,6.50542719468e-06,5.88339174514e-06,6.50542719468e-06,0.507257750535,0.196105393737,0.186517826622
311,0.145598731855,0.10796519942,0.00126656431401,0.0252923985171,0.154152735823,0.0847033956355,0.108257002493,0.0474951562997,0.242993184693,0.0515703406563,0.0116002543748,0.0191050359189,1,0.01,10,15,1,10,20,0.000775550065929,0.000701393577898,0.000775550065929,0.0536449933646,0.00107704699241,0.000574435067224,0.000775550065929,0.000701393577898,0.000775550065929,0.535940210672,0.207194007233,0.197064319251
312,0.156330130152,0.0304235228914,0.279335493751,0.0783262651253,0.070278541815,0.106388525093,0.0136497527728,0.0527509593927,0.047225329261,0.0612254917214,0.0754497350608,0.0286162529634,1,0.01,10,15,1,10,20,0.00393485055841,0.00355860831287,0.00393485055841,0.00019112095043,0.971678165806,0.00503709688004,0.00393485055841,0.00355860831287,0.00393485055841,4.0144559639e-05,0.000100892789709,9.59601543831e-05
313,0.178988122264,0.0496864359056,0.0547827651294,0.144548162775,0.0238070376888,0.198299340508,0.00366233981811,0.116942809124,0.0415456023874,0.00484649680109,0.0740922180583,0.108798669541,1,0.01,10,15,1,10,20,4.41439015204e-09,3.9922953256e-09,4.41439015204e-09,5.85787672867e-09,0.00594680566648,3.92889213673e-09,4.41439015204e-09,3.9922953256e-09,4.41439015204e-09,0.566638894179,0.219062090884,0.208352173841
314,0.0587369872129,0.200431528342,0.108920926128,0.0347957761649,0.0685319357397,0.0172289011734,0.0394340659744,0.101038703817,0.156141540486,0.0651989946551,0.0342645283336,0.115276111972,1,0.01,10,15,1,10,20,2.11157596726e-06,1.90967145481e-06,2.11157596726e-06,7.66284038896e-08,0.00461362295616,4.82149482523e-06,2.11157596726e-06,1.90967145481e-06,2.11157596726e-06,0.567389083025,0.219352113223,0.208628017026
315,0.190537938358,0.124585366277,0.130429251085,0.0109879104767,0.125689067169,0.0130285717998,0.032254673168,0.0290617571051,0.181283326361,0.0713081768562,0.0610558299858,0.0297781313579,1,0.01,10,15,1,10,20,1.17078123816e-05,1.05883356555e-05,1.17078123816e-05,0.00127578357541,0.0111932072057,0.00021905958739,1.17078123816e-05,1.05883356555e-05,1.17078123816e-05,0.562757444514,0.217561525907,0.20692497129
316,0.0608359546349,0.147132243981,0.146396359735,0.27822064479,0.068958647544,0.0199620246451,0.0107105305142,0.0682699012181,0.00183300965286,0.0678724763352,0.050813036796,0.0789951701537,1,0.01,10,15,1,10,20,3.61063751477e-05,3.26539584771e-05,3.61063751477e-05,0.00931911792524,5.12442954584e-05,0.0109202396221,3.61063751477e-05,3.26539584771e-05,3.61063751477e-05,0.385358616326,0.30451435782,0.289626690595
317,0.01893169329,0.295210393599,0.182063454531,0.000105750546699,0.0634738965783,0.00913726518046,0.0039285102686,0.026956153219,0.268698487483,0.0429617118566,0.0417756130553,0.0467570703917,1,0.01,10,15,1,10,20,2.12958885075e-06,1.92596198375e-06,2.12958885075e-06,3.09909199844e-07,1.10282494278e-06,0.0130144368774,2.12958885075e-06,1.92596198375e-06,2.12958885075e-06,0.562602304572,0.217501548944,0.206867926593
318,0.0678570574532,0.0106917954093,0.0121070312329,0.0630199738981,0.151883841523,0.107612927929,0.16713156209,0.124376656875,0.0144745190777,0.209753163739,0.0696195887388,0.00147188203522,1,0.01,10,15,1,10,20,6.53538763924e-06,5.91048743416e-06,6.53538763924e-06,0.0031624553495,5.84201504033e-05,0.00374677087602,6.53538763924e-06,5.91048743416e-06,6.53538763924e-06,0.566035366074,0.218828767458,0.208130257566
319,0.109360636923,0.0372431506066,0.0361545044897,0.0975640535702,0.0655393418831,0.108140485407,0.0144719489026,0.235397010121,0.0312175728327,0.0778709972861,0.0313932320267,0.155647065951,1,0.01,10,15,1,10,20,6.62575842275e-08,5.99221715088e-08,6.62575842275e-08,0.0240356651374,0.00111017415305,0.00102850661619,6.62575842275e-08,5.99221715088e-08,6.62575842275e-08,0.555108415209,0.214604418003,0.204112436006
320,0.23139602798,0.00146883920647,0.0385146730371,0.0680024697236,0.0240505581216,0.0927723605491,0.0702071713875,0.239957360999,0.120690299155,0.00119001528989,0.0889949195756,0.0227553049741,1,0.01,10,15,1,10,20,6.80456708065e-06,6.15392849593e-06,6.80456708065e-06,0.00863404669919,0.00145730064703,0.023597294135,6.80456708065e-06,6.15392849593e-06,6.80456708065e-06,0.550802738947,0.212939847402,0.202529246044
321,0.146102636891,0.0246440258732,0.0348408214343,0.0711188138593,0.109916423702,0.144873179317,0.0609732638586,0.00989397216694,0.0101454099416,0.0326051096617,0.322378116261,0.0325082270336,1,0.01,10,15,1,10,20,5.58115461039e-07,5.04749618749e-07,5.58115461039e-07,0.0247848475957,1.80503352547e-06,0.000324172767601,5.58115461039e-07,5.04749618749e-07,5.58115461039e-07,0.395209441144,0.297100856813,0.282575634685
322,0.0039745043664,0.126067644923,0.00498261385072,0.0760954949786,0.0307711965908,0.0653200206542,0.0315683509172,0.181020688809,0.070302910058,0.173346894666,0.182307866874,0.0542418133128,1,0.01,10,15,1,10,20,8.30501897478e-08,7.5109102934e-08,8.30501897478e-08,4.17162673363e-05,0.000375112145972,0.000707005876943,8.30501897478e-08,7.5109102934e-08,8.30501897478e-08,0.569387871797,0.220124843179,0.209362968315
323,0.035705795431,0.0319524233409,0.065030212338,0.0108224796525,0.0797878818919,0.109309709643,0.223080135439,0.053050946448,0.188327697788,0.0647937117379,0.0394750428269,0.098663963463,1,0.01,10,15,1,10,20,4.62876828808e-09,4.18617506911e-09,4.62876828808e-09,0.000169946382012,1.30730614288e-11,0.00534629448001,4.62876828808e-09,4.18617506911e-09,4.62876828808e-09,0.566884333364,0.219156977454,0.208442421419
324,0.00570575273222,0.0404636038563,0.0656572382783,0.13180871887,0.072055429328,0.088032150453,0.112127786727,0.078356226219,0.0155615613991,0.0180349067311,0.0296298883078,0.342566737098,1,0.01,10,15,1,10,20,5.81143005363e-06,5.25575317067e-06,5.81143005363e-06,1.16030329951e-07,1.58964474117e-05,9.98051561932e-07,5.81143005363e-06,5.25575317067e-06,5.81143005363e-06,0.569999825581,0.220361423966,0.209587982698
325,0.0404196264457,0.0577428879151,0.0458914392089,0.111547817775,0.295074478088,0.047507124661,0.0449872476524,0.0611652562232,0.0546861687624,0.121567526952,0.0704244615821,0.0489859647338,1,0.01,10,15,1,10,20,1.61397583764e-06,1.45965081706e-06,1.61397583764e-06,0.0335067713126,0.00153562894143,0.000860677723231,1.61397583764e-06,1.45965081706e-06,1.61397583764e-06,0.549557633339,0.212458490685,0.202071422794
326,0.00342667497932,0.13597529744,0.00275731588879,0.0268861712873,0.241878869673,0.152513316547,0.0103884884176,0.0687456267379,0.0723016279579,0.0671382408234,0.210899167235,0.00708920301257,1,0.01,10,15,1,10,20,2.71333522368e-05,2.45389173979e-05,2.71333522368e-05,1.96450142667e-05,2.85542563525e-05,7.50485665374e-05,2.71333522368e-05,2.45389173979e-05,2.71333522368e-05,0.569868666907,0.220310718139,0.209539755873
327,0.134573475371,0.0794124383427,0.0476032120076,0.077103159374,0.0874715859482,0.064574856048,0.222572195955,0.0598878879086,0.0326905198513,0.0432310957737,0.00361016312562,0.147269410294,1,0.01,10,15,1,10,20,5.73875719631e-07,5.19002914117e-07,5.73875719631e-07,0.00410228707848,8.66531084286e-08,0.0104139479707,5.73875719631e-07,5.19002914117e-07,5.73875719631e-07,0.561752143539,0.217172877447,0.206555323803
328,0.0078178422996,0.0851351756057,0.0231486240125,0.312767542996,0.00460250333779,0.0137069325189,0.236096970482,0.0677036736566,0.0266858252203,0.00083287887961,0.168679323425,0.0528227075668,1,0.01,10,15,1,10,20,7.88826031535e-10,7.13400123221e-10,7.88826031535e-10,0.0657880444219,1.92201931621e-06,0.00635398746949,7.88826031535e-10,7.13400123221e-10,7.88826031535e-10,0.376139692168,0.282770480622,0.268945868717
329,0.0570458739312,0.000325258725055,0.173274283129,0.10692904732,0.00956363704653,0.0162581925783,0.260605875938,0.0842954002739,0.00239934525564,0.0431413266014,0.0542949400876,0.191866819113,1,0.01,10,15,1,10,20,4.18443040734e-05,3.78432385452e-05,4.18443040734e-05,0.0110964928983,0.00469081341208,1.5492029381e-06,4.18443040734e-05,3.78432385452e-05,4.18443040734e-05,0.398891218182,0.299868702169,0.285208160442
330,0.268289235388,0.0911747431056,0.023165891929,0.0699797014918,0.0261899342522,0.0813082295626,0.0695407729656,0.120981726447,0.0792290256699,0.147412891307,0.0131901226355,0.00953772524596,1,0.01,10,15,1,10,20,1.53357132658e-12,1.3869344185e-12,1.53357132658e-12,7.96461995085e-12,0.00750365805699,4.75373923113e-15,1.53357132658e-12,1.3869344185e-12,1.53357132658e-12,0.56575146372,0.218719011061,0.208025867145
331,0.00808721315466,0.0285374096672,0.0808115041303,0.0739616829216,0.118349783728,0.00145716406866,0.0381323921651,0.0558247746856,0.0720851600003,0.454890947228,0.0571645878334,0.0106973804163,1,0.01,10,15,1,10,20,6.38133016628e-11,5.77116061709e-11,6.38133016628e-11,0.00836748849294,0.000290012023723,0.000705865860063,6.38133016628e-11,5.77116061709e-11,6.38133016628e-11,0.564691376282,0.218309182203,0.207636074767
332,0.0141871482142,0.000262898987572,0.148495987517,0.00677910631923,0.0537030873192,0.123816596497,0.0511094995804,0.0470546298575,0.0911861720443,0.212795052843,0.0331729893831,0.217436831437,1,0.01,10,15,1,10,20,3.47952263904e-06,3.14681790434e-06,3.47952263904e-06,3.00688805076e-06,5.77254464258e-06,0.000229769125438,3.47952263904e-06,3.14681790434e-06,3.47952263904e-06,0.569881263857,0.220315588109,0.20954438775
333,0.280682433601,0.0174625360446,0.00373601709019,0.0566678366681,0.121673399754,0.23504198962,0.0116849807814,0.104399859998,0.0152759918306,0.147718699512,0.00154121707462,0.00411503802555,1,0.01,10,15,1,10,20,1.51391532619e-07,1.36915788408e-07,1.51391532619e-07,0.0696756360872,1.96109541617e-10,0.00447505844438,1.51391532619e-07,1.36915788408e-07,1.51391532619e-07,0.527760234466,0.20403163573,0.194056555679
334,0.0859929449075,0.0847742785292,0.149620722388,0.197265954246,0.0835655914502,0.0143828197126,0.00420416015131,0.0599226661057,0.064890102865,0.121648262999,0.09877677414,0.0349557225055,1,0.01,10,15,1,10,20,2.23769907366e-08,2.02373493148e-08,2.23769907366e-08,2.55480486165e-08,0.00167805577566,0.00111866180464,2.23769907366e-08,2.02373493148e-08,2.23769907366e-08,0.568434466538,0.219756257556,0.209012402795
335,0.0311886579399,0.165026763763,0.0952046852038,0.154482169201,0.0574680849619,0.0131865522823,0.116044550355,0.0171191717006,0.143973395394,0.127906899706,0.0136186473576,0.0647804221343,1,0.01,10,15,1,10,20,8.80627966399e-05,7.96424147563e-05,8.80627966399e-05,0.000355467296178,0.000542296222,2.45723306375e-07,8.80627966399e-05,7.96424147563e-05,8.80627966399e-05,0.404821152253,0.304323827352,0.289445475137
336,0.0348788475759,0.0227822351714,0.0189714231925,0.188703536506,0.00281220699388,0.00636024909686,0.0577155503143,0.174190993898,0.000399990720785,0.173401501727,0.218515358141,0.101268106662,1,0.01,10,15,1,10,20,6.89565117531e-08,6.23630331847e-08,6.89565117531e-08,0.020573583684,0.00132450571087,6.53481271917e-08,6.89565117531e-08,6.23630331847e-08,6.89565117531e-08,0.557545958239,0.215546769964,0.205008716502
337,0.0758335656697,0.0359995286786,0.133617952325,0.0926372384319,0.0760861933899,0.074168829042,0.0635237796747,0.190313631688,0.176501979272,0.0280886909989,0.003029547415,0.0501990634149,1,0.01,10,15,1,10,20,8.7725008106e-06,7.9336924861e-06,8.7725008106e-06,0.0107026373808,0.0295849244138,0.0123968338822,8.7725008106e-06,7.9336924861e-06,8.7725008106e-06,0.5399680965,0.2087511843,0.198545366134
338,0.0381772919552,0.0312067227151,0.0772006757,0.120448023475,0.0335449590358,0.153077915952,0.0404919837545,0.0150002347566,0.0074594245147,0.209475824982,0.266439655836,0.00747728732324,1,0.01,10,15,1,10,20,1.05356791974e-06,9.52827941413e-07,1.05356791974e-06,7.35757338321e-07,0.000179032172462,1.79670908373e-07,1.05356791974e-06,9.52827941413e-07,1.05356791974e-06,0.569922700819,0.220331607601,0.209559624052
339,0.0229943327525,0.0475160033703,0.173265953035,0.197231904085,0.0470901450466,0.135589693141,0.0162748968249,0.0958424313585,0.0392148115902,0.0755217805032,0.0129105798476,0.136547468446,1,0.01,10,15,1,10,20,4.92903074876e-08,4.45772705635e-08,4.92903074876e-08,3.86746989477e-05,0.000256383870142,0.00405638564069,4.92903074876e-08,4.45772705635e-08,4.92903074876e-08,0.567548153086,0.219413609567,0.208686506821
340,0.0147743250204,0.0351523593305,0.137496662572,0.00303315159918,0.0110714212243,0.100466623404,0.0762093110394,0.0334690212445,0.205764639773,0.0616619067032,0.254759459134,0.0661411189547,1,0.01,10,15,1,10,20,2.49764147128e-06,2.25882217643e-06,2.49764147128e-06,0.000584736751416,2.52416068701e-05,2.37112978915e-06,2.49764147128e-06,2.25882217643e-06,2.49764147128e-06,0.569671437743,0.22023446952,0.209467235039
341,0.0143183529815,0.00599697545539,0.0888439460381,0.128743858588,0.121287692258,0.190196473713,0.114073531812,0.0164350279753,0.108785590623,0.0985730532377,0.00158164414998,0.111163853168,1,0.01,10,15,1,10,20,1.4810876176e-05,1.33946909287e-05,1.4810876176e-05,0.0304153768606,7.85300070457e-07,0.00453009511367,1.4810876176e-05,1.33946909287e-05,1.4810876176e-05,0.550059351578,0.212652454509,0.202255903752
342,0.0838456232803,0.0744501424734,0.0217372005721,0.011163635288,0.0138425583215,0.201890477035,0.0422137697128,0.0216922823579,0.0752123992632,0.231655126534,0.0823990643708,0.139897720791,1,0.01,10,15,1,10,20,3.46260306808e-08,3.13151614764e-08,3.46260306808e-08,2.05894185351e-09,0.00069695356491,1.67418203545e-09,3.46260306808e-08,3.13151614764e-08,3.46260306808e-08,0.569631364302,0.220218977164,0.209452500101
343,0.042805168538,0.117965319914,0.162877770014,0.048459382526,0.124763337354,0.110634369005,0.0627456108924,0.0659774611995,0.0161739657884,0.0424720718464,0.178556509438,0.0265690334841,1,0.01,10,15,1,10,20,1.15504914607e-05,1.04460574346e-05,1.15504914607e-05,0.00716222607387,4.81987844001e-05,0.0114437919942,1.15504914607e-05,1.04460574346e-05,1.15504914607e-05,0.386058637368,0.305067378004,0.290152673695
344,0.112955405842,0.0753973398664,0.01170072876,0.119699824281,0.0120040136444,0.00112622180259,0.1585881479,0.188433653278,0.0358059265925,0.223900193937,0.00457445585154,0.0558140882446,1,0.01,10,15,1,10,20,7.12734826088e-11,6.44584600949e-11,7.12734826088e-11,0.0349850331876,0.000868274068371,0.000619809965129,7.12734826088e-11,6.44584600949e-11,7.12734826088e-11,0.549238038473,0.212334935595,0.201953908296
345,0.0906134174675,0.0176832041966,0.0358824572846,0.00717915317911,0.0821047538243,0.0477351845134,0.383129948856,0.088941618044,0.0574298681952,0.0616609548024,0.0975786180107,0.0300608216258,1,0.01,10,15,1,10,20,1.44009054895e-06,1.30239207886e-06,1.44009054895e-06,7.19445951983e-08,0.00478388064002,1.31115319091e-06,1.44009054895e-06,1.30239207886e-06,1.44009054895e-06,0.567296258311,0.219316227271,0.208593885533
346,0.0334534911515,0.0227974053389,0.245787367302,0.0386322445306,0.0448248787115,0.12194754955,0.0583066191811,0.0796947024717,0.00882552945609,0.19268749279,0.14138272765,0.0116599918665,1,0.01,10,15,1,10,20,3.93195227157e-06,3.5559871542e-06,3.93195227157e-06,9.77001097138e-08,3.83923332223e-06,4.55924124405e-08,3.93195227157e-06,3.5559871542e-06,3.93195227157e-06,0.570013475174,0.220366700886,0.20959300163
347,0.131175129164,0.164762617365,0.129027597786,0.066490172719,0.126310782393,0.182791237601,0.0774533211362,0.0767696221549,0.0130281103928,0.0183882253587,0.00336840024168,0.0104347836881,1,0.01,10,15,1,10,20,0.000141852934963,0.000128289251668,0.000141852934963,0.000130710943714,0.182963627615,0.000159323748183,0.000141852934963,0.000128289251668,0.000141852934963,0.465099207777,0.179806938724,0.171016200949
348,0.00136748540132,0.14603738352,0.0744497844286,0.0070525544108,0.220874631211,0.00594249065351,0.20079476073,0.0397926963513,0.133221512011,0.105734466726,0.00385392341423,0.0608783111422,1,0.01,10,15,1,10,20,0.000101511768247,9.18054236051e-05,0.000101511768247,0.00872889325864,0.00328729595308,0.000181862864114,0.000101511768247,9.18054236051e-05,0.000101511768247,0.56273940213,0.217554550738,0.206918337136
349,0.151790179766,0.178495794558,0.0130329465955,0.0345620478035,0.0274298324597,0.0271420728472,0.044260476296,0.142174048069,0.0787988291337,0.25702848272,0.029217911675,0.0160673780756,1,0.01,10,15,1,10,20,0.000315402057102,0.000285243966864,0.000315402057102,0.0261659716358,0.00171204458603,0.00158470107056,0.000315402057102,0.000285243966864,0.000315402057102,0.552189820808,0.213476092012,0.203039273725
350,0.0979202535936,0.00811848173656,0.0233588219978,0.0212721207686,0.137072801481,0.00394602651227,0.184164697731,0.0515124177951,0.151538493723,0.033642399228,0.0499345734235,0.237518912009,1,0.01,10,15,1,10,20,9.92623472607e-06,8.97710875859e-06,9.92623472607e-06,3.03182031606e-06,9.31803989735e-06,1.17602827879e-05,9.92623472607e-06,8.97710875859e-06,9.92623472607e-06,0.569982153809,0.220354592074,0.209581484817
351,0.144283451668,0.048164070433,0.0334939675261,0.0629323988526,0.0238790299521,0.0277663075786,0.00553624136487,0.222789592504,0.189830730154,0.0671892145575,0.129813189522,0.0443218058865,1,0.01,10,15,1,10,20,0.000603454556027,0.000545753483553,0.000603454556027,0.0370267723462,0.000421619150489,0.00272457794937,0.000603454556027,0.000545753483553,0.000603454556027,0.387680225138,0.291445096484,0.277196383741
352,0.031669344128,0.0570668516322,0.0688036134874,0.00264719155078,0.0782516965642,0.0731199091934,0.0773638909775,0.0352400103998,0.40626177219,0.0305701005182,0.107641664169,0.0313639551898,1,0.01,10,15,1,10,20,1.28506956299e-05,1.16219387791e-05,1.28506956299e-05,1.17671114638e-05,0.00201343434539,0.00538920684993,1.28506956299e-05,1.16219387791e-05,1.28506956299e-05,0.565759787911,0.218722229186,0.208028927937
353,0.122832370562,0.0886344304405,0.193023450163,0.0852835088154,0.103450017014,0.0563683772287,0.0215645954475,0.0708087528755,0.0200408195035,0.0884716524904,0.0299370099462,0.119585015514,1,0.01,10,15,1,10,20,5.8666741986e-05,5.30571498513e-05,5.8666741986e-05,0.000451767752809,0.00345536575411,8.18393712941e-05,5.8666741986e-05,5.30571498513e-05,5.8666741986e-05,0.403636397818,0.303434357083,0.288599490953
354,0.0428920810402,0.0902370385406,0.138922758204,0.0219736741325,0.0753776873891,0.034235388833,0.154444963352,0.0430036917674,0.0728222824653,0.153689292636,0.0364787139981,0.135922427642,1,0.01,10,15,1,10,20,2.50747732937e-10,2.26771755018e-10,2.50747732937e-10,0.000367909039445,0.000429672417269,0.00236747777612,2.50747732937e-10,2.26771755018e-10,2.50747732937e-10,0.404109042173,0.303789052131,0.288936845006
355,0.102734956917,0.103908152066,0.00551191876399,0.122979008694,0.0343526066186,0.157636267273,0.0120076765966,0.0230871560901,0.283098867003,0.0167735834676,0.122040473804,0.0158693327061,1,0.01,10,15,1,10,20,9.76890249904e-13,8.83482031264e-13,9.76890249904e-13,0.180762812072,1.44600771382e-06,5.14097700255e-08,9.76890249904e-13,8.83482031264e-13,9.76890249904e-13,0.466987908625,0.180537108787,0.171710673092
356,0.0380261540209,0.280321942629,0.194897563994,0.0312739559426,0.0577784625468,0.109638056624,0.0877367105304,0.0897333201269,0.035365236445,0.0174331496192,0.020075938723,0.0377195087979,1,0.01,10,15,1,10,20,5.25222173921e-07,4.75001519491e-07,5.25222173921e-07,0.289836618634,4.65412709481e-07,8.95309255292e-07,5.25222173921e-07,4.75001519491e-07,5.25222173921e-07,0.404811040242,0.156499586949,0.148848342561
357,0.00189498095326,0.140758301062,0.0861879547357,0.313194644008,0.0664022635191,0.0365549808228,0.135300007458,0.0169559885087,0.0469661055497,0.0339872266512,0.117851570446,0.00394597628505,1,0.01,10,15,1,10,20,3.27820379981e-11,2.96474875478e-11,3.27820379981e-11,2.37091602223e-08,0.000244292082029,0.000353067247004,3.27820379981e-11,2.96474875478e-11,3.27820379981e-11,0.569688239038,0.220240964886,0.209473412847
358,0.0626727699078,0.073869321065,0.0331201285492,0.0660296043751,0.212272890732,0.0590513872279,0.0631842761241,0.0445110320706,0.125250313626,0.0381305645144,0.150309372812,0.0715983389961,1,0.01,10,15,1,10,20,4.34360799043e-05,3.92828120741e-05,4.34360799043e-05,0.0188554388536,0.000195217447637,2.14208660868e-06,4.34360799043e-05,3.92828120741e-05,4.34360799043e-05,0.559024297608,0.216118294645,0.205552299416
359,0.0141284488113,0.0151935407741,0.195315148233,0.0654724359832,0.235749687409,0.0122145867158,0.0650671707055,0.015781667771,0.193640479453,0.0942291485469,0.0455946283223,0.0476130572743,1,0.01,10,15,1,10,20,2.61641626484e-07,2.36623997069e-07,2.61641626484e-07,0.125512893151,0.00026911784513,0.000200138614157,2.61641626484e-07,2.36623997069e-07,2.61641626484e-07,0.343851297279,0.271724811951,0.258440221345
360,0.201366296244,0.0604256134169,0.0513793371227,0.29022803322,0.0173452329814,0.0323343695211,0.0818618516485,0.0184035655361,0.101443995509,0.00953393399922,0.0753860377228,0.060291733078,1,0.01,10,15,1,10,20,0.000102727824482,9.2905203066e-05,0.000102727824482,2.83755651393e-08,0.000171289837642,9.24857291036e-05,0.000102727824482,9.2905203066e-05,0.000102727824482,0.569538240291,0.220182975504,0.209418258558
361,0.0942560539727,0.0174759320384,0.0646377465603,0.0309704776353,0.0420127814492,0.126640617368,0.0564388779514,0.0863060380511,0.179423948736,0.0757248998012,0.146300676343,0.0798119500934,1,0.01,10,15,1,10,20,4.96487404144e-06,4.49014308775e-06,4.96487404144e-06,1.17576606065e-08,0.000176614834982,4.7354500766e-06,4.96487404144e-06,4.49014308775e-06,4.96487404144e-06,0.569908943575,0.220326289063,0.209554565536
362,0.0528517543968,0.149465104631,0.0233536387367,0.0781380472818,0.11048705721,0.0386628181224,0.15460615492,0.023700390846,0.0530211842253,0.0710815957347,0.0725912963258,0.17204095757,1,0.01,10,15,1,10,20,7.31334681346e-07,6.61405976642e-07,7.31334681346e-07,0.00699918483759,0.00372554166078,4.64945272069e-09,7.31334681346e-07,6.61405976642e-07,7.31334681346e-07,0.401041765593,0.301484393896,0.286744861212
363,0.130921968776,0.176950059813,0.0357495256439,0.11320361267,0.151081341252,0.0659063760151,0.0442891730739,0.0414634537691,0.0351848436773,0.0858573740064,0.00252653046007,0.116865740843,1,0.01,10,15,1,10,20,5.26260556145e-05,4.75940613762e-05,5.26260556145e-05,0.000147771570123,5.00267605871e-05,0.00344464948368,5.26260556145e-05,4.75940613762e-05,5.26260556145e-05,0.567778211204,0.21950254983,0.208771098806
364,0.228704379086,0.00850199356584,0.00218184968156,0.0811838496392,0.0318472091877,0.169471974378,0.255232529156,0.00830261042661,0.0110211191688,0.0564138314137,0.0400618912604,0.107076763036,1,0.01,10,15,1,10,20,1.32181781684e-08,1.19542833997e-08,1.32181781684e-08,3.46652774732e-07,1.20367505405e-08,0.00497613255284,1.32181781684e-08,1.19542833997e-08,1.32181781684e-08,0.567191977739,0.219275912495,0.208555541742
365,0.0610981972087,0.0180225291625,0.2559731365,0.0436780830172,0.159782611442,0.163834065064,0.0244814114736,0.0457062500896,0.0505995200829,0.0106959575843,0.0909832166579,0.075145021717,1,0.01,10,15,1,10,20,8.58692301646e-11,7.76585925556e-11,8.58692301646e-11,0.0209948676722,0.00462218281032,0.00143016756248,8.58692301646e-11,7.76585925556e-11,8.58692301646e-11,0.39442535204,0.296511929482,0.282015499934
366,0.0554435160841,0.0873329424249,0.214674205525,0.081796882926,0.126414109312,0.110105442066,0.0765055307718,0.0785928444848,0.0161635628727,0.0178540928693,0.0375515156027,0.0975653550599,1,0.01,10,15,1,10,20,0.000195329206991,0.000176652233529,0.000195329206991,0.000480965585842,0.000513849401508,3.15461833244e-05,0.000195329206991,0.000176652233529,0.000195329206991,0.392577402914,0.31021396751,0.295047647111
367,0.0145058146432,0.0136043858573,0.174958184603,0.183906485785,0.0748838479734,0.000738958952074,0.111877294046,0.0844562136469,0.0249419109527,0.0500327207614,0.243934528737,0.022159654042,1,0.01,10,15,1,10,20,4.08148930421e-05,3.69122576607e-05,4.08148930421e-05,6.25267497697e-05,0.000501748460249,5.65732417258e-05,4.08148930421e-05,3.69122576607e-05,4.08148930421e-05,0.569539718437,0.220183546954,0.20941880207
368,0.0640638431134,0.0936571649611,0.201945938557,0.168368408361,0.0404358719792,0.039808651858,0.0141709058502,0.090173241078,0.0401357727493,0.0548152360416,0.093514836262,0.0989101291885,1,0.01,10,15,1,10,20,1.26824833862e-09,1.14698106411e-09,1.26824833862e-09,0.0428796302264,0.000640867885484,0.00126768543097,1.26824833862e-09,1.14698106411e-09,1.26824833862e-09,0.544498207526,0.21050252118,0.200211080383
369,0.136990119417,0.027922665959,0.0376393204402,0.0777302925268,0.112915385467,0.0576807518075,0.130625269855,0.216456076451,0.0506793869984,0.0260802339077,0.00987777956715,0.115402717603,1,0.01,10,15,1,10,20,7.93942649041e-05,7.18027500378e-05,7.93942649041e-05,0.0414920032011,0.000179968514712,0.000133695958793,7.93942649041e-05,7.18027500378e-05,7.93942649041e-05,0.545935444237,0.21105815561,0.200739549918
370,0.0125951002142,0.0155497833719,0.0957403095957,0.0112487152028,0.222193285407,0.0911861742375,0.0534109609454,0.233902563561,0.0244635607837,0.0444829048007,0.116983147897,0.078243493983,1,0.01,10,15,1,10,20,2.81097068844e-12,2.542191504e-12,2.81097068844e-12,0.0098010951455,0.00189084636737,0.00132161209084,2.81097068844e-12,2.542191504e-12,2.81097068844e-12,0.562610664768,0.217504780989,0.206871000623
371,0.278467159502,0.0338579406822,0.00338192684476,0.0436441403021,0.00168267540152,0.0246299707181,0.0637070242974,0.486155822199,0.0098684335597,0.0426863550756,0.0035911625267,0.00832738889189,1,0.01,10,15,1,10,20,2.56088816961e-05,2.31602135669e-05,2.56088816961e-05,0.343276871886,0.00502824341401,6.26768946808e-05,2.56088816961e-05,2.31602135669e-05,2.56088816961e-05,0.256287651001,0.202549202467,0.192646598384
372,0.169945381721,0.129384149335,0.0706003746954,0.0574300318745,0.1606408093,0.0319289489986,0.0495787163724,0.00438308320534,0.0934461033126,0.0906957451244,0.042876221281,0.0990904347799,1,0.01,10,15,1,10,20,2.3061196248e-07,2.08561325149e-07,2.3061196248e-07,0.000149675510672,0.00106882826055,0.00331610836615,2.3061196248e-07,2.08561325149e-07,2.3061196248e-07,0.567443141714,0.219373012264,0.208647894315
373,0.0114771873352,0.00910448441225,0.1157118889,0.0577761241382,0.165057357071,0.110083577377,0.0615632712143,0.306805668645,0.044549288423,0.011151690067,0.0726735430735,0.034045919344,1,0.01,10,15,1,10,20,4.3126424825e-05,3.9002765571e-05,4.3126424825e-05,0.0199556093258,0.00499661479876,0.0196959400306,4.3126424825e-05,3.9002765571e-05,4.3126424825e-05,0.544435228197,0.210478173428,0.200187922989
374,0.123636389319,0.0477172244037,0.106309115893,0.137559915257,0.00510430194576,0.0175074579051,0.27508605822,0.00605876093721,0.0176069441632,0.0776201979861,0.0839010496899,0.10189258428,1,0.01,10,15,1,10,20,8.35719516169e-05,7.55809750158e-05,8.35719516169e-05,0.000394426956703,0.00283989755556,7.85006319638e-07,8.35719516169e-05,7.55809750158e-05,8.35719516169e-05,0.403883556439,0.303619911063,0.288775973223
375,0.0282937872589,0.0997940641181,0.00254626114893,0.00473609223579,0.0101017522416,0.0168110994559,0.323723957409,0.0997251177055,0.0434158365268,0.169976988888,0.157490306892,0.0433847361193,1,0.01,10,15,1,10,20,2.36129671269e-06,2.13551442074e-06,2.36129671269e-06,0.00389034508237,0.000582211336784,3.98352322897e-07,2.36129671269e-06,2.13551442074e-06,2.36129671269e-06,0.391662796384,0.309490747447,0.294359785182
376,0.0949834560227,0.0397065041911,0.180536138539,0.226253942375,0.0310779216686,0.110886121336,0.00240472103333,0.0846520184706,0.0473859455332,0.168526537615,0.00222360837499,0.0113630848401,1,0.01,10,15,1,10,20,3.95681226111e-05,3.57847008313e-05,3.95681226111e-05,0.0102318515568,0.0125183751551,8.84872676516e-05,3.95681226111e-05,3.57847008313e-05,3.95681226111e-05,0.556879024256,0.215288933881,0.204763485991
377,0.0199757728758,0.0351347422044,0.00306947620397,0.185212566844,0.0232253468742,0.140954681254,0.207051579817,0.058457684716,0.0205927057523,0.242266900515,0.0238592540501,0.0401992888941,1,0.01,10,15,1,10,20,3.06893855937e-07,2.7754930224e-07,3.06893855937e-07,0.0497806574957,8.72784445147e-07,7.14417805807e-05,3.06893855937e-07,2.7754930224e-07,3.06893855937e-07,0.541610015412,0.209386043091,0.199149186762
378,0.000428856182223,0.0412334587338,0.115871155373,0.161966992202,0.00593803375375,0.0618319031121,0.277482503406,0.00198743970124,0.230777701567,0.0391042154758,0.0287922889706,0.0345854515227,1,0.01,10,15,1,10,20,0.000480582059448,0.000434629800136,0.000480582059448,3.2975510066e-06,0.000477591597122,9.42236597915e-05,0.000480582059448,0.000434629800136,0.000480582059448,0.568109648452,0.219630683174,0.208892967728
379,0.00529506920304,0.0579574416426,0.164080591701,0.03192716742,0.0479238177715,0.0474848637289,0.0085790912726,0.293294206372,0.0521822592007,0.0691144026038,0.126147641736,0.0960134473481,1,0.01,10,15,1,10,20,9.32240768504e-05,8.43101840628e-05,9.32240768504e-05,0.000687520680687,0.000561115647273,0.000140617050484,9.32240768504e-05,8.43101840628e-05,9.32240768504e-05,0.568928170193,0.219947122949,0.209193936804
380,0.16905650928,0.0682697910095,0.0135678322733,0.0512125426475,0.0726080791483,0.0111824822036,0.0435800631126,0.0475177900339,0.229924181018,0.0779062197789,0.0519263756219,0.163248133873,1,0.01,10,15,1,10,20,0.000216787230289,0.000196058485164,0.000216787230289,0.0627200959555,0.000247111620942,0.000955396237935,0.000216787230289,0.000196058485164,0.000216787230289,0.532873223995,0.20600831292,0.195936593379
381,0.0798758195038,0.0690850815085,0.246753842369,0.155033277455,0.0207112217446,0.0988085734459,0.00360155132346,0.0308815740048,0.165627268885,0.0999020477944,0.00598715991986,0.0237325820452,1,0.01,10,15,1,10,20,2.89193271259e-06,2.6154121074e-06,2.89193271259e-06,0.0819244320758,3.85792196759e-06,0.00503223093291,2.89193271259e-06,2.6154121074e-06,2.89193271259e-06,0.520449190682,0.201205192727,0.191368297105
382,0.12551921159,0.0782151790668,0.0372069679223,0.221857656453,0.119610603379,0.00373921312608,0.266510213831,0.0397708078232,0.00275452476477,0.0487267002242,0.0257921984723,0.0302967233472,1,0.01,10,15,1,10,20,0.000601946143579,0.000544389302373,0.000601946143579,0.110531271285,0.000548844961671,0.00168346104053,0.000601946143579,0.000544389302373,0.000601946143579,0.503757140413,0.194752060987,0.185230658134
383,0.189994526816,0.0505349337276,0.018420030036,0.0210649756332,0.0976609958089,0.0577288441872,0.036324241417,0.00738549594514,0.038101368632,0.0403318660767,0.177300618082,0.265152103638,1,0.01,10,15,1,10,20,8.21491876105e-10,7.42942527515e-10,8.21491876105e-10,2.45360385476e-11,7.40594084673e-10,0.000710498480103,8.21491876105e-10,7.42942527515e-10,8.21491876105e-10,0.569623756935,0.220216036163,0.209449702885
384,0.024219929904,0.00795365080135,0.0109387601817,0.0155134051178,0.153407968337,0.00226627365726,0.218635789767,0.104915846393,0.15191007019,0.0147670830235,0.255107823891,0.0403633987364,1,0.01,10,15,1,10,20,2.44349832653e-08,2.20985608683e-08,2.44349832653e-08,0.0650306179708,4.39641441541e-08,1.81014572923e-05,2.44349832653e-08,2.20985608683e-08,2.44349832653e-08,0.339027791024,0.305427814833,0.290495488814
385,0.0436092072969,0.02075775683,0.0883591773664,0.0475767085356,0.0448029075519,0.496336668599,0.0523083663534,0.0513360278811,0.0149722164545,0.0330413202533,0.0164798795694,0.0904197633086,1,0.01,10,15,1,10,20,2.49439720479e-08,2.25588811997e-08,2.49439720479e-08,0.000331738728556,3.19028682262e-08,0.0110277405018,2.49439720479e-08,2.25588811997e-08,2.49439720479e-08,0.56355343397,0.217869254721,0.207217655282
386,0.00298755945132,0.0567961654282,0.055478674144,0.0674205867216,0.0429753447188,0.0412997305803,0.0134527095804,0.184366495654,0.0137660829041,0.00569292416552,0.240916098266,0.274847628386,1,0.01,10,15,1,10,20,3.0589972586e-07,2.76650228818e-07,3.0589972586e-07,9.39080803961e-10,2.27737501858e-07,0.000369374829833,3.0589972586e-07,2.76650228818e-07,3.0589972586e-07,0.569817067148,0.220290769719,0.209520782727
387,0.114337128935,0.279552013381,0.0610808791984,0.0122299762883,0.159284870637,0.0120274547423,0.19604142233,0.0793542194431,0.00879258724011,0.0445388938098,0.0132511627389,0.0195093912567,1,0.01,10,15,1,10,20,1.01182684202e-05,9.15078058935e-06,1.01182684202e-05,0.0114249816223,1.66965183197e-05,0.0397424444944,1.01182684202e-05,9.15078058935e-06,1.01182684202e-05,0.540818839234,0.209080080682,0.198858182815
388,0.00590207128013,0.141499313996,0.220728760823,0.1287308782,0.00686619299637,0.0812845683736,0.133177027489,0.0519153107495,0.0393647747678,0.0374755552517,0.0449229735767,0.108132572496,1,0.01,10,15,1,10,20,7.56456301471e-08,6.84125519578e-08,7.56456301471e-08,0.00480394553233,0.00179435637702,0.00872674324345,7.56456301471e-08,6.84125519578e-08,7.56456301471e-08,0.56129279763,0.216995294729,0.20638642308
389,0.0226853221165,0.00420352820966,0.0127086739275,0.0592804355551,0.22367785674,0.00583653646339,0.00910049258486,0.311878841578,0.238969605177,0.0655918563236,0.0195060837431,0.0265607675804,1,0.01,10,15,1,10,20,0.000228821123819,0.000206941722765,0.000228821123819,0.0416436350474,0.00803702830857,0.000735016029216,0.000228821123819,0.000206941722765,0.000228821123819,0.384408668492,0.288987523245,0.274858960937
390,0.176297064372,0.0826339032162,0.0609336898523,0.115480607989,0.0102975891095,0.108850122678,0.162670011248,0.208753081702,0.029971479991,0.0316521565165,0.00231164298184,0.0101486503446,1,0.01,10,15,1,10,20,2.34811191454e-12,2.12359032562e-12,2.34811191454e-12,0.421912772387,1.23307424587e-06,4.57103982469e-05,2.34811191454e-12,2.12359032562e-12,2.34811191454e-12,0.329499589086,0.127384247132,0.121156447909
391,0.141239455773,0.0785409071782,0.0164717134977,0.0626160025859,0.0892330294258,0.0289624105175,0.02067343482,0.0279267269197,0.122599711592,0.0811564191257,0.207461549133,0.123118639431,1,0.01,10,15,1,10,20,6.74899504694e-07,6.10367014478e-07,6.74899504694e-07,1.15648900068e-08,0.000732670772853,5.16644693208e-10,6.74899504694e-07,6.10367014478e-07,6.74899504694e-07,0.569608879658,0.220210284621,0.209444232535
392,0.0795814540069,0.0464431209679,0.116027443471,0.222587932794,0.0250584821129,0.0973284361971,0.0478351403767,0.0203891083505,0.00499168050413,0.0580773166263,0.0845666118588,0.197113272734,1,0.01,10,15,1,10,20,1.8702036387e-09,1.69137864746e-09,1.8702036387e-09,7.51558982506e-11,2.41993150999e-09,0.00142634004723,1.8702036387e-09,1.69137864746e-09,1.8702036387e-09,0.569215702192,0.220058282563,0.209299661839
393,0.00538694146473,0.273430269639,0.0396084184715,0.0715822312046,0.202445970627,0.0774190737309,0.0802880719148,0.0046478288239,0.0344375931811,0.0126150356276,0.00111558504865,0.197022980266,1,0.01,10,15,1,10,20,1.18330885105e-10,1.07016331409e-10,1.18330885105e-10,0.0851494845063,1.39345988354e-09,0.00177082605803,1.18330885105e-10,1.07016331409e-10,1.18330885105e-10,0.37014786388,0.278268158725,0.26466366475
394,0.06271093398,0.0717843813304,0.0245709381875,0.00631183552241,0.00879680328148,0.0052203562484,0.18142401814,0.175947776481,0.042299756151,0.0117043865401,0.402020372261,0.00720844187732,1,0.01,10,15,1,10,20,7.4574487318e-07,6.74438295834e-07,7.4574487318e-07,0.0122616345456,0.000649498432434,1.19891295965e-05,7.4574487318e-07,6.74438295834e-07,7.4574487318e-07,0.400150894417,0.300814209539,0.286107442081
395,0.0272337779681,0.279259041637,0.155099034277,0.00213360301233,0.0438828835446,0.045827382907,0.0138942011044,0.0119848423341,0.0911754827204,0.254217631431,0.0728173597296,0.00247475933455,1,0.01,10,15,1,10,20,7.81747887457e-09,7.06998776592e-09,7.81747887457e-09,0.0465300890936,1.71471275824e-06,0.000259159828095,7.81747887457e-09,7.06998776592e-09,7.81747887457e-09,0.543356543579,0.210061154917,0.199791292459
396,0.0159368667761,0.100160124649,0.230005022239,0.0722554595937,0.0580723338186,0.128134237755,0.133903750409,0.086869862502,0.109175410319,0.0519582213544,0.0026373410819,0.0108913695023,1,0.01,10,15,1,10,20,0.000119561876277,0.000108129617759,0.000119561876277,0.240131800944,8.2706460319e-05,0.00115100424148,0.000119561876277,0.000108129617759,0.000119561876277,0.432047591407,0.167029213327,0.158863176879
397,0.473559072522,0.00570715915208,0.0929309994425,0.032675009847,0.0992825689569,0.104249603711,0.0400411099376,0.00792712654804,0.0417023771022,0.00643532621006,0.0841574954984,0.0113321510726,1,0.01,10,15,1,10,20,1.41127867667e-07,1.27633513803e-07,1.41127867667e-07,0.0560105953651,3.40792416579e-08,0.024981912154,1.41127867667e-07,1.27633513803e-07,1.41127867667e-07,0.523860218931,0.202523893204,0.192622526488
398,0.00245606932787,0.0466457138729,0.0582006310152,0.0580844204575,0.173508069532,0.142473504329,0.069403019842,0.0298274311759,0.312742628413,0.00672923590374,0.084123105178,0.0158061709527,1,0.01,10,15,1,10,20,6.38614264064e-10,5.77551293264e-10,6.38614264064e-10,1.97398459198e-05,0.00885667339714,0.00972585846243,6.38614264064e-10,5.77551293264e-10,6.38614264064e-10,0.559424932587,0.21627317977,0.205699612227
399,0.0275466726874,0.0433304420337,0.00630164842844,0.0779961770984,0.272209863438,0.0497149138058,0.174549374344,0.0939609379836,0.00359668513754,0.0525719733775,0.0497076776689,0.148513633997,1,0.01,10,15,1,10,20,0.000112181001516,0.000101454486928,0.000112181001516,0.00668214233688,0.000446239845111,0.00281665430336,0.000112181001516,0.000101454486928,0.000112181001516,0.563988358257,0.218037396062,0.207377576215
400,0.0260435223922,0.0589269543645,0.0154985874403,0.0719824891248,0.209050762816,0.00867175671237,0.0959199353124,0.203552390524,0.0101006100932,0.00130017143477,0.245159544219,0.0537932755657,1,0.01,10,15,1,10,20,1.34118062841e-05,1.21293971968e-05,1.34118062841e-05,0.0170095102217,1.61927873591e-05,3.42046835724e-05,1.34118062841e-05,1.21293971968e-05,1.34118062841e-05,0.560259717883,0.21659590702,0.206006561385
401,0.0356028386445,0.111962818773,0.117005282272,0.0567963802299,0.210304648264,0.0401060529695,0.0182833630923,0.0726429634889,0.101162850907,0.141206611652,0.0778725773927,0.0170536123146,1,0.01,10,15,1,10,20,4.90778017853e-05,4.43850842155e-05,4.90778017853e-05,0.000547862049602,0.00323068697233,0.000444996452619,4.90778017853e-05,4.43850842155e-05,4.90778017853e-05,0.567458717668,0.219379033914,0.208653621567
402,0.149121187574,0.00549063557577,9.38969348369e-06,0.00351997722298,0.189859179391,0.0515187769053,0.0824820430675,0.244744449247,0.0944981615104,0.010034266649,0.0534033637973,0.115318569366,1,0.01,10,15,1,10,20,1.92683274214e-07,1.74259299353e-07,1.92683274214e-07,0.0656033658914,0.00211274307215,2.43080187603e-07,1.92683274214e-07,1.74259299353e-07,1.92683274214e-07,0.531427858154,0.205449535775,0.195405134776
403,0.206374071544,0.00584236045331,0.0761529930938,0.0217710589278,0.10273276066,0.203921138089,0.122234020758,0.0987779463158,0.0240209727927,0.0514448002787,0.0580187065879,0.0287091704982,1,0.01,10,15,1,10,20,1.17642611048e-10,1.06393868689e-10,1.17642611048e-10,0.185476932456,1.3423249391e-07,6.58290399873e-08,1.17642611048e-10,1.06393868689e-10,1.17642611048e-10,0.46430146355,0.179498531518,0.17072287173
404,0.0227771718185,0.11874368396,0.00093351370652,0.0150173301577,0.00521374625511,0.0817476451742,0.0120787390951,0.0697298167133,0.222260306876,0.00478940333799,0.121292579223,0.325416063683,1,0.01,10,15,1,10,20,5.45640468931e-08,4.93467459501e-08,5.45640468931e-08,0.0181250788711,1.9549798536e-05,1.57969680988e-05,5.45640468931e-08,4.93467459501e-08,5.45640468931e-08,0.559676619,0.216370481513,0.2057921569
405,0.0968485184013,0.0225231940116,0.177195403303,0.111282242079,0.0562089929092,0.206749042607,0.0236828811813,0.0205649093994,0.0705599034398,0.00166228799629,0.118948609007,0.0937740156667,1,0.01,10,15,1,10,20,9.93339664459e-07,8.98358586932e-07,9.93339664459e-07,0.00902343153769,0.00955525672788,0.00111714973336,9.93339664459e-07,8.98358586932e-07,9.93339664459e-07,0.558798281349,0.216030916961,0.205469193615
406,0.0118707872464,0.0828750917615,0.112780375101,0.0482912181959,0.0277324760763,0.311143772625,0.188616809132,0.0329165951227,0.0709950957531,0.0071731509342,0.0337250818541,0.0718795461987,1,0.01,10,15,1,10,20,4.39348358181e-05,3.97338779823e-05,4.39348358181e-05,0.0275444167992,0.0129128005841,0.012127122541,4.39348358181e-05,3.97338779823e-05,4.39348358181e-05,0.372629320382,0.294463712542,0.280067420053
407,0.138010176399,0.0023225073372,0.134906527089,0.189101084879,0.0318632403194,0.0535315759238,0.087593635812,0.155720222559,0.00120323516298,0.0542325087774,0.106743108941,0.0447721768002,1,0.01,10,15,1,10,20,7.89093786657e-09,7.13642276154e-09,7.89093786657e-09,0.000353272225902,0.00574808884721,5.05092002213e-09,7.89093786657e-09,7.13642276154e-09,7.89093786657e-09,0.402917658526,0.302894706088,0.288086223425
408,0.121817455047,0.0940746068573,0.019197050241,0.0676395769425,0.298653617767,0.023674158842,0.0273326775562,0.0198087733671,0.090591266518,0.0247124474857,0.0638061209873,0.148692248389,1,0.01,10,15,1,10,20,1.33209076083e-05,1.20471900638e-05,1.33209076083e-05,1.76850944474e-05,0.00262258476979,0.000642430501741,1.33209076083e-05,1.20471900638e-05,1.33209076083e-05,0.568113423336,0.219632142541,0.208894355747
409,0.0783875837735,0.0311313334569,0.0375323043919,0.234024195781,0.163418599101,0.0256554948983,0.0422147451827,0.0402731536707,0.118622959968,0.0817311795325,0.141197730824,0.00581071942072,1,0.01,10,15,1,10,20,3.70142942766e-05,3.34750642629e-05,3.70142942766e-05,1.9125784819e-09,1.87449342674e-06,0.000192579544497,3.70142942766e-05,3.34750642629e-05,3.70142942766e-05,0.569795358828,0.220282377301,0.209512800614
410,0.0171340398326,0.0507999867118,0.00219622000579,0.000151753581169,0.10380734692,0.113250629875,0.0786537984087,0.0791833936626,0.0916292798531,0.0964427267706,0.050359923734,0.316390900645,1,0.01,10,15,1,10,20,3.12257912047e-05,2.82400458435e-05,3.12257912047e-05,0.000356679737102,0.000722076764094,0.000628317562085,3.12257912047e-05,2.82400458435e-05,3.12257912047e-05,0.404626991781,0.304177883981,0.289306666918
411,0.0678124801301,0.0563635023106,0.0313825198458,0.134694845884,0.00974061857403,0.150556863941,0.0190616167387,0.132703127894,0.150834591467,0.0985008685416,0.0222075287053,0.126141435968,1,0.01,10,15,1,10,20,4.47517340679e-08,4.04726661166e-08,4.47517340679e-08,0.0719666833721,2.63781001308e-06,0.00104772297261,4.47517340679e-08,4.04726661166e-08,4.47517340679e-08,0.528406801003,0.204281597777,0.194294297113
412,0.123777612564,0.0279786652,0.0125184097568,0.287936440817,0.00244591787447,0.115300208597,0.00182489755023,0.0969727154171,0.0431028558812,0.00104823318067,0.0809607044871,0.206133338675,1,0.01,10,15,1,10,20,1.6039143102e-08,1.45055135199e-08,1.6039143102e-08,0.0721826509274,2.04113981084e-08,0.00038354704816,1.6039143102e-08,1.45055135199e-08,1.6039143102e-08,0.375968372008,0.282641819048,0.26882349739
413,0.176478245518,0.0530325247423,0.268818277217,0.0151472705739,0.106270264625,0.0269929738687,0.0208623450852,0.215130518445,0.0289305728926,0.0202335017666,0.0188385047728,0.0492650004929,1,0.01,10,15,1,10,20,1.80455802711e-08,1.63200993304e-08,1.80455802711e-08,0.0390162979073,0.0101920537842,0.0200599096647,1.80455802711e-08,1.63200993304e-08,1.80455802711e-08,0.530543803459,0.205107761019,0.195080069343
414,0.055037725833,0.0576195249832,0.104425954452,0.157972512493,0.0680054810637,0.0311287793661,0.290335278411,0.0176680080177,0.0664288757892,0.0470595872475,0.00861210369007,0.0957061686536,1,0.01,10,15,1,10,20,1.41661995314e-09,1.28116569272e-09,1.41661995314e-09,0.16194073309,6.26811653378e-06,1.09916164155e-10,1.41661995314e-09,1.28116569272e-09,1.41661995314e-09,0.477714310871,0.184683926324,0.175654753261
415,0.0069650658513,0.202559590307,0.117507136479,0.0401015621008,0.142453276838,0.0813623708269,0.0652728222095,0.0536563586828,0.0359983847041,0.010020181906,0.166957784349,0.0771454657458,1,0.01,10,15,1,10,20,2.08841384009e-06,1.88872404218e-06,2.08841384009e-06,0.0365020902994,0.0022667722118,0.00323477099775,2.08841384009e-06,1.88872404218e-06,2.08841384009e-06,0.546078570264,0.211113488005,0.200792177119
416,0.20700151897,0.0703597984139,0.0973900576855,0.0409228352277,0.0250518215676,0.00125281226852,0.0493690867293,0.0391922497087,0.0230381991299,0.197974692756,0.139717242098,0.108729685445,1,0.01,10,15,1,10,20,7.78991928359e-06,7.04506336584e-06,7.78991928359e-06,0.00731885756081,1.46102141687e-05,7.79653814091e-05,7.78991928359e-06,7.04506336584e-06,7.78991928359e-06,0.565778240886,0.218729363089,0.208035713065
417,0.0878514234883,0.0604705048358,0.0458352362265,0.0236611512121,0.109252002572,0.0691802969128,0.11824534385,0.0344791504982,0.0872405099773,0.26349960251,0.0689120430174,0.0313727348988,1,0.01,10,15,1,10,20,4.21106103532e-06,3.80840811711e-06,4.21106103532e-06,2.71571379854e-10,7.57395240936e-09,7.18542197751e-06,4.21106103532e-06,3.80840811711e-06,4.21106103532e-06,0.570010720785,0.220365636042,0.209591988846
418,0.0151553266992,0.0610445348408,0.0397635483309,0.0293200976009,0.0386335406578,0.0339013286215,0.151711767717,0.133583164093,0.0536323614084,0.246846424786,0.14634664725,0.050061257995,1,0.01,10,15,1,10,20,6.58562158176e-05,5.95591811133e-05,6.58562158176e-05,0.0200247996619,0.000267353497033,0.00031845841339,6.58562158176e-05,5.95591811133e-05,6.58562158176e-05,0.558062062566,0.215746295436,0.2051984872
419,0.0275708325135,0.0219409279061,0.0593237716504,0.133257639704,0.0874318367139,0.117479136211,0.0175031155811,0.143887754844,0.177426534799,0.0728648041375,0.0832482799583,0.0580653659817,1,0.01,10,15,1,10,20,9.32115164422e-09,8.42988246547e-09,9.32115164422e-09,0.0350340314746,0.00475421392351,0.000530753053247,9.32115164422e-09,8.42988246547e-09,9.32115164422e-09,0.547045744919,0.211487396863,0.201147805622
420,0.23132535525,0.0179860739048,0.125867138495,0.181997752261,0.0416071154566,0.0809859799058,0.084983958203,0.149615107987,0.00477267903995,0.00704011746426,0.058574026961,0.0152446950713,1,0.01,10,15,1,10,20,0.000100945690721,9.12934732375e-05,0.000100945690721,0.000423075282599,0.0322614830329,0.000103304613953,0.000100945690721,9.12934732375e-05,0.000100945690721,0.38028658146,0.300515679123,0.285823506778
421,0.131452216372,0.0233974422001,0.117201083434,0.125433125654,0.0529445577663,0.0222157605155,0.112051062421,0.149884380682,0.0263731873965,0.207860297669,0.00392743580017,0.0272594500903,1,0.01,10,15,1,10,20,2.68457667842e-05,2.42788302695e-05,2.68457667842e-05,0.0469430252769,1.60689586004e-06,9.38275264667e-05,2.68457667842e-05,2.42788302695e-05,2.68457667842e-05,0.543126598888,0.209972258505,0.199706742181
422,0.155293434085,0.0801967309994,0.0779861382692,0.023952817354,0.0344587345458,0.0812727393911,0.0224171360572,0.139994463101,0.233786722682,0.0783684588165,0.00387546366239,0.0683971610355,1,0.01,10,15,1,10,20,7.40848189179e-05,6.70009822597e-05,7.40848189179e-05,0.913884342691,0.0560574846884,0.0295591503069,7.40848189179e-05,6.70009822597e-05,7.40848189179e-05,3.91501874585e-05,1.51354275382e-05,1.43954584605e-05
423,0.0170885714891,0.0633560885206,0.102987933749,0.136455528502,0.035533291557,0.0354514318428,0.0403475924225,0.0706875668423,0.0616923875198,0.0845532567019,0.00412176568278,0.34772458517,1,0.01,10,15,1,10,20,3.66862281442e-12,3.31783671333e-12,3.66862281442e-12,0.0434555782375,2.86163077855e-09,1.33495703314e-06,3.66862281442e-12,3.31783671333e-12,3.66862281442e-12,0.545257072474,0.210795897692,0.200490113756
424,0.041796739032,0.0966638072304,0.0431839824652,0.00238551469217,0.0204306142142,0.0723100040348,0.172476787816,0.247491442615,0.0388551574049,0.211823855481,0.0518152541222,0.000766840892334,1,0.01,10,15,1,10,20,2.31169050436e-07,2.09065145511e-07,2.31169050436e-07,0.00666230304303,0.00792678241948,9.0473362424e-07,2.31169050436e-07,2.09065145511e-07,2.31169050436e-07,0.561711285136,0.217157081625,0.206540300236
425,0.0549013657406,0.0345743979077,0.10673313759,0.0405611768565,0.122048924988,0.148578733339,0.0389821926122,0.0806783429955,0.183034063887,0.113762043369,0.0729581102493,0.00318751046523,1,0.01,10,15,1,10,20,3.97911186231e-05,3.59863744272e-05,3.97911186231e-05,6.31430380931e-07,4.99197422658e-06,6.87224434706e-05,3.97911186231e-05,3.59863744272e-05,3.97911186231e-05,0.569854630524,0.220305291686,0.209534594718
426,0.035639040533,0.00100609212631,0.0368140857892,0.200675118029,0.121079155266,0.134363369185,0.0602269907237,0.0860162190808,0.0278533989883,0.0922326822729,0.191491997653,0.0126018503519,1,0.01,10,15,1,10,20,2.3952395791e-08,2.16621174069e-08,2.3952395791e-08,0.0402788095464,0.000396953501586,0.000812777439323,2.3952395791e-08,2.16621174069e-08,2.3952395791e-08,0.54637902387,0.211229643101,0.200902653408
427,0.00536852860041,0.242645037578,0.214124473692,0.0216943987268,0.00452881436311,0.0263302405195,0.15643203785,0.0113287986981,0.123197728028,0.130079722007,0.036551062952,0.0277191569846,1,0.01,10,15,1,10,20,9.44094285002e-10,8.53821948474e-10,9.44094285002e-10,0.104056010181,3.06171889623e-07,0.000692741955905,9.44094285002e-10,8.53821948474e-10,9.44094285002e-10,0.510318785229,0.197288787018,0.18764336396
428,0.0537023196535,0.422616422263,0.125151296564,0.0139251798942,0.102215167764,0.00337808158607,0.0512315572333,0.0153375036787,0.122761062613,0.0111384062948,0.0753600806065,0.0031829218489,1,0.01,10,15,1,10,20,0.000953832801425,0.000862629288164,0.000953832801425,0.000668565932155,0.000220985346974,0.000927134414993,0.000953832801425,0.000862629288164,0.000953832801425,0.565834906011,0.218751269776,0.208056548736
429,0.0426625022031,0.000610778083032,0.0642924964624,0.10823570514,0.120349626199,0.144335404241,0.0577553486297,0.0461455015461,0.0241815779474,0.321154213883,0.00082161634428,0.0694552293205,1,0.01,10,15,1,10,20,2.94792802139e-06,2.66605326096e-06,2.94792802139e-06,0.0183599344514,0.000664603098621,8.20127921112e-06,2.94792802139e-06,2.66605326096e-06,2.94792802139e-06,0.55916979499,0.216174543803,0.20560579856
430,0.106174678574,0.0408369052486,0.153205591832,0.14081088049,0.100448271062,0.0108302703594,0.0138276015175,0.00284982518753,0.0121497537708,0.0855773934282,0.00278689967515,0.330501928855,1,0.01,10,15,1,10,20,6.83928559717e-06,6.18532729994e-06,6.83928559717e-06,4.53158899524e-06,1.69420939769e-08,1.4628593503e-05,6.83928559717e-06,6.18532729994e-06,6.83928559717e-06,0.569995187162,0.220359630757,0.209586277159
431,0.08342406723,0.110518979527,0.167011027572,0.25168607782,0.015932400611,0.00713108375116,0.0989698564511,0.176351236001,0.0548322469923,0.00207386234533,0.00143592372508,0.0306332379733,1,0.01,10,15,1,10,20,0.0163906024535,0.0148233670576,0.0163906024535,0.000402377968605,0.035827134415,0.0295574014423,0.0163906024535,0.0148233670576,0.0163906024535,0.478256380745,0.184893490053,0.175854071447
432,0.0413305450095,0.185146740473,0.0530618781806,0.0497763864748,0.196959735297,0.127896257037,0.0235857374431,0.0188531482171,0.0693076733725,0.0482378004694,0.135207371473,0.0506367265524,1,0.01,10,15,1,10,20,9.77099854239e-06,8.83671593667e-06,9.77099854239e-06,0.0154926204486,0.00158116388269,2.83586239173e-05,9.77099854239e-06,8.83671593667e-06,9.77099854239e-06,0.560247697875,0.216591260096,0.206002141648
433,0.0457982360733,0.086741812438,0.0085235393058,0.0225642466861,0.18794014516,0.0207110704102,0.222334295353,0.130005358116,0.164146654796,0.0828375901428,0.000182727827914,0.0282143236919,1,0.01,10,15,1,10,20,1.85284193321e-06,1.67567703222e-06,1.85284193321e-06,0.026530269243,0.0380519868318,0.000173213564269,1.85284193321e-06,1.67567703222e-06,1.85284193321e-06,0.533110149238,0.206099908008,0.196023710394
434,0.130013444526,0.00730008154829,0.0362186125351,0.0638827751151,0.06098265624,0.150037799416,0.157575819932,0.0708555103989,0.0319946245936,0.16914083034,0.0397503347868,0.0822475105684,1,0.01,10,15,1,10,20,5.58797505067e-07,5.05366447142e-07,5.58797505067e-07,0.0426273946566,5.88100840054e-07,1.1792297923e-07,5.58797505067e-07,5.05366447142e-07,5.58797505067e-07,0.545727670822,0.210977830594,0.200663151981
435,0.045345356898,0.132784192788,0.176123567078,0.0543989235051,0.0538829847447,0.107273010991,0.00421152926554,0.0723395050603,0.0820399421706,0.126448594367,0.0254374731642,0.119714919967,1,0.01,10,15,1,10,20,5.46518389394e-05,4.9426143503e-05,5.46518389394e-05,0.000105571159388,3.86734910606e-07,0.000159850787251,5.46518389394e-05,4.9426143503e-05,5.46518389394e-05,0.56969628494,0.220244075425,0.209476371311
436,0.0717166616409,0.0248830079178,0.0762068957735,0.0321965054898,0.0939019851284,0.0945304321285,0.246981448533,0.260634266676,0.0106573267562,0.0476167846216,0.0033495859782,0.0373250993559,1,0.01,10,15,1,10,20,1.5260582023e-06,1.38013968358e-06,1.5260582023e-06,9.55982946729e-06,3.9126183694e-06,0.000241669949384,1.5260582023e-06,1.38013968358e-06,1.5260582023e-06,0.569870770046,0.220318277443,0.209546945602
437,0.191797465761,0.00197798727498,0.0592641623324,0.0811503293525,0.154503761673,0.00701078386543,0.00215347143604,0.153050124235,0.000632649548134,0.221827368551,0.0181151043636,0.108516791607,1,0.01,10,15,1,10,20,1.01461691631e-05,9.17601352111e-06,1.01461691631e-05,0.0155017091613,5.41280265012e-07,3.43095973754e-05,1.01461691631e-05,9.17601352111e-06,1.01461691631e-05,0.56113888292,0.216935791439,0.206329828899
438,0.05112839922,0.116793980529,0.0176242037165,0.104290628609,0.0447679296802,0.126245302586,0.14933242289,0.0540911510991,0.0335668920005,0.118951617747,0.0582171745118,0.124990297411,1,0.01,10,15,1,10,20,4.40381389817e-07,3.98273035118e-07,4.40381389817e-07,0.0277643272881,0.000686371434327,1.16982736575e-06,4.40381389817e-07,3.98273035118e-07,4.40381389817e-07,0.553808923006,0.214102035477,0.203634614896
439,0.0356414587824,0.175779913773,0.236762353281,0.158956269203,0.00368279281052,0.0323379561773,0.0582069796162,0.223019902725,0.0102498245224,0.0337796687049,0.0109710029778,0.020611877426,1,0.01,10,15,1,10,20,1.29378718655e-10,1.17007794039e-10,1.29378718655e-10,2.91766303123e-10,2.79067109502e-10,3.89117277961e-10,1.29378718655e-10,1.17007794039e-10,1.29378718655e-10,0.570028762791,0.22037261187,0.209598623627
440,0.0407381743181,0.00330725015947,0.365051260126,0.0768126333626,0.039061955823,0.0712901842178,0.0616294719991,0.015107737549,0.09196945267,0.0100139983298,0.109478359071,0.115539522374,1,0.01,10,15,1,10,20,7.55171820564e-09,6.8296385807e-09,7.55171820564e-09,1.42819240542e-08,7.87597774649e-05,4.19856982577e-09,7.55171820564e-09,6.8296385807e-09,7.55171820564e-09,0.569983833784,0.220355241551,0.209582102541
441,0.0687317881155,0.0509872444458,0.0385253164907,0.0768986196835,0.00342604030365,0.0392794068634,0.0208685938178,0.0114123512901,0.110689024038,0.0777396338878,0.375078661641,0.126363319422,1,0.01,10,15,1,10,20,2.22601041088e-10,2.01316391438e-10,2.22601041088e-10,0.000779416605926,0.00253856386836,5.34140451643e-05,2.22601041088e-10,2.01316391438e-10,2.22601041088e-10,0.216600435498,0.399786847759,0.38024132093
442,0.336642560046,0.00940238732917,0.223742610184,0.00909527387799,0.114986787829,0.0353059398336,0.0767757997577,0.00433777104106,0.0569916919315,0.112495210701,0.00224956827689,0.0179743991909,1,0.01,10,15,1,10,20,1.46865084103e-10,1.32822149507e-10,1.46865084103e-10,0.000375650554666,0.0149534153661,1.08659222497e-10,1.46865084103e-10,1.32822149507e-10,1.46865084103e-10,0.387392374109,0.306122422145,0.291156136864
443,0.0856628499243,0.0170713808837,0.00897928170369,0.212398037745,0.0069880841754,0.156663994504,0.251734641574,0.00684035168523,0.012001990467,0.071842655685,0.0703649365668,0.0994517950862,1,0.01,10,15,1,10,20,5.46144125766e-06,4.93922957714e-06,5.46144125766e-06,0.00905983606003,0.000551814062787,0.00727221691017,5.46144125766e-06,4.93922957714e-06,5.46144125766e-06,0.560386391074,0.216644878763,0.206053138905
444,0.0940495883212,0.0703958634404,0.094823035037,0.0226689461835,0.0227599661646,0.104093543061,0.107234002037,0.0406108337457,0.027965094676,0.370761099598,0.0164224526892,0.0282155750463,1,0.01,10,15,1,10,20,6.49834358639e-07,5.87698545678e-07,6.49834358639e-07,2.64793509414e-08,0.000431792457954,0.000172978975627,6.49834358639e-07,5.87698545678e-07,6.49834358639e-07,0.56968184131,0.220238509007,0.209471077035
445,0.0416006314209,0.118095449715,0.117280567928,0.0826095884044,0.0276032074562,0.106270888139,0.190197848064,0.156520816997,0.0169838745231,0.00968449073036,0.051315115798,0.0818375208237,1,0.01,10,15,1,10,20,1.39231835001e-10,1.25918775846e-10,1.39231835001e-10,0.0248060808272,0.0275461590722,1.99228121376e-10,1.39231835001e-10,1.25918775846e-10,1.39231835001e-10,0.54018648145,0.208835611727,0.198625665915
446,0.0398225953523,0.197202868982,0.129966964952,0.0231118503557,0.0806433448215,0.134422384516,0.19121711899,0.00418966537027,0.148560916002,0.00354070805208,0.0418948563234,0.00542672628277,1,0.01,10,15,1,10,20,1.40818236529e-05,1.27353488952e-05,1.40818236529e-05,0.04390620448,6.76049422586e-05,0.0734313122982,1.40818236529e-05,1.27353488952e-05,1.40818236529e-05,0.347179074271,0.274374058982,0.260959947035
447,0.00959356610069,0.030464818629,0.227234091381,0.124699688619,0.128748580294,0.0324891593659,0.01552812631,0.0673781601103,0.00837952822288,0.00603272493904,0.121808850882,0.227642705145,1,0.01,10,15,1,10,20,1.3143222307e-06,1.18864946623e-06,1.3143222307e-06,2.41652176559e-08,1.23959380963e-10,0.00144734217923,1.3143222307e-06,1.18864946623e-06,1.3143222307e-06,0.569199372207,0.220051969406,0.209293657331
448,0.0654380932492,0.0402677149148,0.0216383750241,0.153095624198,0.199337119806,0.0514609330099,0.119870808462,0.236657073859,0.059873988846,0.00428793305705,0.0196126345729,0.028459701001,1,0.01,10,15,1,10,20,0.000465907831975,0.000421358691844,0.000465907831975,0.208380587793,0.00572885425316,0.00213787086892,0.000465907831975,0.000421358691844,0.000465907831975,0.445218879407,0.172121221515,0.163706237451
449,0.0394142297677,0.163253433813,0.0520911846213,0.0247271441972,0.317939800861,0.0476611600492,0.0911545843216,0.0797873894991,0.0847053233547,0.0175800126236,0.0163172366642,0.0653685002273,1,0.01,10,15,1,10,20,0.000946114997937,0.000855649445031,0.000946114997937,0.00246278430827,6.66154779685e-07,0.000995690862116,0.000946114997937,0.000855649445031,0.000946114997937,0.401758598607,0.302026262887,0.287260238299
450,0.103382358889,0.0592043765784,0.00764884431382,0.101954225567,0.154346996207,0.0825531839259,0.132058018215,0.0848846815824,0.0519360823877,0.0368041827019,0.140158344459,0.0450687051725,1,0.01,10,15,1,10,20,4.46142842358e-09,4.03483589522e-09,4.46142842358e-09,2.69978456094e-07,0.00410290639806,4.38028807458e-09,4.46142842358e-09,4.03483589522e-09,4.46142842358e-09,0.567689818832,0.219468377418,0.208738597079
451,0.0229592912502,0.0267663018767,0.0466465382221,0.0235829564293,0.0315441072317,0.00874431494897,0.155663227928,0.0672585916121,0.0494445401999,0.178360755961,0.341968378665,0.0470609956754,1,0.01,10,15,1,10,20,1.04126766717e-06,9.41703813478e-07,1.04126766717e-06,0.0146988011583,3.69021888775e-05,6.20841563546e-06,1.04126766717e-06,9.41703813478e-07,1.04126766717e-06,0.561622003105,0.217122565272,0.206507471383
452,0.0548928414482,0.0784929181814,0.00868123717018,0.188981222545,0.0402848866109,0.177096162553,0.109553324128,0.0728960601478,0.086968074702,0.0227923288511,0.0304160342708,0.128944909392,1,0.01,10,15,1,10,20,1.18088852323e-05,1.067974413e-05,1.18088852323e-05,0.0569860746404,0.00320517044552,0.00151046486677,1.18088852323e-05,1.067974413e-05,1.18088852323e-05,0.53481791402,0.206760128349,0.196651652649
453,0.0522543783481,0.127530648672,0.0862985134024,0.0310392370641,0.0378027693185,0.0309502711796,0.0128333009955,0.0704354544493,0.304640158535,0.125175249646,0.0312578060851,0.089782212304,1,0.01,10,15,1,10,20,2.96357307914e-05,2.68020237075e-05,2.96357307914e-05,2.30018763705e-08,0.000103294051132,2.51970021963e-05,2.96357307914e-05,2.68020237075e-05,2.96357307914e-05,0.569857379229,0.220306354333,0.209535605412
454,0.146564384167,0.0227583159583,0.142729897225,0.0247220998282,0.132152107212,0.0104052878518,0.0101921755454,0.173347634707,0.00683911811101,0.0290291467363,0.205544826604,0.0957150060533,1,0.01,10,15,1,10,20,1.38310680445e-08,1.25085700176e-08,1.38310680445e-08,0.0255925137535,2.91889360217e-12,0.00135480970916,1.38310680445e-08,1.25085700176e-08,1.38310680445e-08,0.554667969359,0.214434142031,0.203950484803
455,0.110829064145,0.0144673341595,0.186149899065,0.376742321343,0.0680703272934,0.0234665293005,0.0372063204111,0.0237382869416,0.0194583181269,0.0811216399139,0.0237900223977,0.0349599369026,1,0.01,10,15,1,10,20,2.70839262278e-06,2.44942174013e-06,2.70839262278e-06,4.15476805136e-06,0.00935448938694,0.000624589916467,2.70839262278e-06,2.44942174013e-06,2.70839262278e-06,0.564329066149,0.218169113429,0.207502853937
456,0.0290607590133,0.092380851162,0.107230403008,0.00633060818547,0.0397103235784,0.106993265698,0.092891648594,0.100992480324,0.0475221670905,0.125633724804,0.00947406761996,0.241779700923,1,0.01,10,15,1,10,20,6.5478839654e-12,5.92178888754e-12,6.5478839654e-12,7.33240686861e-10,0.000434691636544,0.000820890614057,6.5478839654e-12,5.92178888754e-12,6.5478839654e-12,0.569313046223,0.220095915679,0.209335455076
457,0.172611981925,0.194126841468,0.0624586222648,0.110117888959,0.117072326942,0.00262906601242,0.183478151056,0.0685180436869,0.0221450868845,0.0436949135159,0.0171786157464,0.00596846153845,1,0.01,10,15,1,10,20,0.000765587678663,0.000692383773431,0.000765587678663,0.137388512785,0.000458951329991,0.00172981445658,0.000765587678663,0.000692383773431,0.000765587678663,0.487930715654,0.188633579297,0.179411308216
458,0.0189050098226,0.13242968959,0.00110948616756,0.0391115356278,0.0431579294048,0.145943430773,0.0915112387997,0.00884750674377,0.061517465519,0.21415447816,0.21201088431,0.0313013450816,1,0.01,10,15,1,10,20,8.24738426614e-05,7.458786496e-05,8.24738426614e-05,0.000355099102384,0.000723456990563,3.8254621519e-05,8.24738426614e-05,7.458786496e-05,8.24738426614e-05,0.404745615122,0.304267039463,0.2893914636
459,0.0817981668686,0.0197117410239,0.0829194195592,0.0666862285334,0.0616222377912,0.0062574480739,0.0395477086627,0.0430105145854,0.426982905916,0.0664042208698,0.0668551710253,0.0382042370907,1,0.01,10,15,1,10,20,1.14251075516e-05,1.03326624747e-05,1.14251075516e-05,1.6558301568e-07,0.00186371142537,0.00172394233521,1.14251075516e-05,1.03326624747e-05,1.14251075516e-05,0.567945774044,0.219567329474,0.208832711382
460,0.00373026641337,0.0253730145349,0.0293300728096,0.0277551469614,0.00729076610195,0.170367422341,0.10728020128,0.204815990595,0.0160353748342,0.0673679036433,0.326395873171,0.0142579673148,1,0.01,10,15,1,10,20,2.76256490252e-07,2.49841417889e-07,2.76256490252e-07,0.0151489142997,0.000281462636688,0.000324363731038,2.76256490252e-07,2.49841417889e-07,2.76256490252e-07,0.561047194572,0.216900344806,0.206296115246
461,0.135973153247,0.00188937977858,0.0157365340949,0.208845949543,0.122645017653,0.00285752025988,0.102899705732,0.0522041671966,0.00762454818904,0.0444770732122,0.23852842252,0.0663185285748,1,0.01,10,15,1,10,20,6.68816963583e-05,6.04866073327e-05,6.68816963583e-05,0.0116708307033,0.000386648181902,0.00375509354049,6.68816963583e-05,6.04866073327e-05,6.68816963583e-05,0.560793687361,0.216802339144,0.206202901069
462,0.0459855565915,0.155563375705,0.00250681702436,0.0232652718387,0.302222102752,0.0112434444739,0.0978512819447,0.0704788118064,0.0685957132689,0.131281688733,0.0311697970059,0.0598361388554,1,0.01,10,15,1,10,20,1.40425330503e-07,1.26998151784e-07,1.40425330503e-07,0.113831551261,0.000243785370954,1.20590449032e-05,1.40425330503e-07,1.26998151784e-07,1.40425330503e-07,0.359132383046,0.269989580472,0.256789825107
463,0.0425682190183,0.0103564101849,0.0284247656673,0.117139292955,0.0678753931152,0.124122039224,0.109441963162,0.236477487585,0.00294484624849,0.0217741461288,0.0281938276204,0.210681609091,1,0.01,10,15,1,10,20,2.2005726048e-07,1.99015841853e-07,2.2005726048e-07,0.00414307259322,0.00748524480064,7.73500443853e-09,2.2005726048e-07,1.99015841853e-07,2.2005726048e-07,0.563399556208,0.217809765716,0.207161074686
464,0.0366583055579,0.0482841383846,0.0745252672786,0.0460237976403,0.0922911284295,0.0524611668251,0.0154444208566,0.0663703541486,0.378839166679,0.0158296885128,0.118997155436,0.054275410251,1,0.01,10,15,1,10,20,7.57901363399e-05,6.85432407683e-05,7.57901363399e-05,9.6618440887e-07,0.000107555109764,0.000352237407552,7.57901363399e-05,6.85432407683e-05,7.57901363399e-05,0.56951516548,0.220174054803,0.209409773989
465,0.0948561199908,0.00599340082612,0.208347377475,0.105299923552,0.148163020749,0.0881312247906,0.0353885385167,0.131140939505,0.0189208481381,0.0620375300725,0.069774247596,0.0319468287891,1,0.01,10,15,1,10,20,1.1967168333e-06,1.0822892529e-06,1.1967168333e-06,1.02586743754e-05,0.00679914781729,0.0017048544328,1.1967168333e-06,1.0822892529e-06,1.1967168333e-06,0.565171428501,0.218494769963,0.207812589166
466,0.0386337368336,0.0610141914139,0.0029619109742,0.217954214295,0.0140460971749,0.00331661400155,0.147743473619,0.190987079205,0.13329073968,0.146791520716,0.0138461981275,0.0294142239597,1,0.01,10,15,1,10,20,3.01354010124e-07,2.72539164988e-07,3.01354010124e-07,0.01622862559,0.0139828374622,1.10877520437e-06,3.01354010124e-07,2.72539164988e-07,3.01354010124e-07,0.381534868284,0.301495441087,0.286755368307
467,0.0284959842395,0.0947782365318,0.0638674640921,0.141606264956,0.0104511057532,0.16617521806,0.0465227672283,0.073215749251,0.11268440898,0.076751590658,0.106784666348,0.0786665439034,1,0.01,10,15,1,10,20,1.32299261455e-05,1.19649080597e-05,1.32299261455e-05,9.35507831751e-06,0.00210988543074,0.000341981357153,1.32299261455e-05,1.19649080597e-05,1.32299261455e-05,0.568581990965,0.219813290368,0.20906664728
468,0.0051975314264,0.0138011435571,0.0986318244358,0.0605084740833,0.0505506831464,0.212807311863,0.017103470812,0.157442554803,0.0631842981949,0.0291693164516,0.0367555755408,0.254847815686,1,0.01,10,15,1,10,20,3.25072424568e-07,2.93989673859e-07,3.25072424568e-07,0.000277223527741,0.00254966686809,6.7305356451e-07,3.25072424568e-07,2.93989673859e-07,3.25072424568e-07,0.568415895794,0.219749078123,0.209005574364
469,0.039746515492,0.130621875593,0.0296311417435,0.0675002436516,0.0993429684449,0.184137698432,0.0279426657602,0.0051905309172,0.0129456067593,0.0237366486849,0.142848567525,0.236355536996,1,0.01,10,15,1,10,20,2.05602641805e-08,1.85943343823e-08,2.05602641805e-08,0.0165640929744,0.000435238016551,0.000605476479387,2.05602641805e-08,1.85943343823e-08,2.05602641805e-08,0.386500238419,0.30541322367,0.290481611011
470,0.0765827881835,0.0976086327422,0.0628714807105,0.140248013473,0.0530329730854,0.203944130675,0.11679854859,0.0483394716322,0.0716975236626,0.0703191692495,0.0503391473777,0.00821812061888,1,0.01,10,15,1,10,20,0.000186092492301,0.00016829871433,0.000186092492301,4.2631277716e-05,0.0070144378523,0.000103665047,0.000186092492301,0.00016829871433,0.000186092492301,0.565330757695,0.218556366487,0.207871174244
471,0.084199916478,0.0984171020997,0.00704286121376,0.023169964026,0.0850398580964,0.0346790974775,0.241363599854,0.174862713192,0.0429424569736,0.0868174660986,0.0507959191232,0.0706690453665,1,0.01,10,15,1,10,20,1.91316962662e-06,1.73023631677e-06,1.91316962662e-06,0.0159078412196,0.00894488401972,2.75416604197e-06,1.91316962662e-06,1.73023631677e-06,1.91316962662e-06,0.555854091626,0.214892695841,0.204386619977
472,0.0227283034472,0.0450034263251,0.0152747892421,0.160204694386,0.0822208654973,0.0847795204407,0.0110424993974,0.124690025267,0.043337577725,0.0379219505099,0.0337787028905,0.339017644872,1,0.01,10,15,1,10,20,7.53114980747e-07,6.81103689008e-07,7.53114980747e-07,3.12554239083e-07,0.000281551380372,0.000761735012204,7.53114980747e-07,6.81103689008e-07,7.53114980747e-07,0.569431389557,0.220141667106,0.209378969722
473,0.274315194891,0.0133651249711,0.0472983166145,0.00542481055611,0.0105568673793,0.0182569349098,0.0803720798848,0.0346921033279,0.00166668875441,0.379699543173,0.100023455545,0.0343288799924,1,0.01,10,15,1,10,20,1.61528033675e-06,1.46083058268e-06,1.61528033675e-06,8.43514926355e-07,0.000214411415862,9.08334112365e-06,1.61528033675e-06,1.46083058268e-06,1.61528033675e-06,0.569895536938,0.220321106069,0.209549635938
474,0.180615973714,0.164650127025,0.0428965310391,0.0152322641701,0.128330261713,0.00686522169289,0.11124103941,0.0453184056392,0.0152566731299,0.0968530326393,0.0942525894954,0.0984878803309,1,0.01,10,15,1,10,20,3.50917544444e-07,3.17363537001e-07,3.50917544444e-07,1.12258716626e-07,0.00175902803272,5.28238488386e-07,3.50917544444e-07,3.17363537001e-07,3.50917544444e-07,0.569024541039,0.219984379832,0.209229372202
475,0.0486875726741,0.0734886038337,0.11348491825,0.0595116039148,0.284430133675,0.0138080458092,0.0319471536896,0.0836343626812,0.116119534179,0.154330343847,0.0121588897836,0.00839883766309,1,0.01,10,15,1,10,20,1.24187048984e-07,1.1231254105e-07,1.24187048984e-07,0.0263914745661,0.00275652982971,0.00210116617457,1.24187048984e-07,1.1231254105e-07,1.24187048984e-07,0.552215427362,0.213485991483,0.203048689212
476,0.013336163574,0.116856189545,0.0731292300504,0.146740224274,0.000238534549813,0.394327894788,0.0390405206054,0.00265520073654,0.0859435771475,0.0771067486406,0.0112722056001,0.0393535104877,1,0.01,10,15,1,10,20,3.01099091135e-11,2.72308620824e-11,3.01099091135e-11,0.206944170592,6.80234863247e-11,5.75552957432e-07,3.01099091135e-11,2.72308620824e-11,3.01099091135e-11,0.452064306493,0.174767657548,0.166223289571
477,0.00868435906699,0.0500099351175,0.122542283537,0.222110499181,0.120055705273,0.0753835538388,0.119514461367,0.0913842133202,0.0575457161593,0.00873899135277,0.117795319061,0.00623496272688,1,0.01,10,15,1,10,20,9.73791373284e-07,8.80679462796e-07,9.73791373284e-07,0.110444983014,0.00412460959582,0.000719733433092,9.73791373284e-07,8.80679462796e-07,9.73791373284e-07,0.504307308178,0.194964755354,0.185432953901
478,0.0053336849733,0.117681965038,0.140472937907,0.167983259658,0.0448050644558,0.0777220632842,0.000313017547928,0.0550795747713,0.100867856097,0.0341194224557,0.0756024689694,0.180018684842,1,0.01,10,15,1,10,20,3.38616869043e-08,3.06239026658e-08,3.38616869043e-08,8.79244306755e-06,0.00282755797801,3.96557892362e-08,3.38616869043e-08,3.06239026658e-08,3.38616869043e-08,0.568411828609,0.219747505753,0.209004078866
479,0.0734387721998,0.0100409588482,0.0274113643392,0.00750132135524,0.192168120363,0.0606981422456,0.0401639166594,0.483354399659,0.0152486131456,0.0590394222985,0.00636095613597,0.0245740127501,1,0.01,10,15,1,10,20,1.75744569404e-06,1.58940238349e-06,1.75744569404e-06,0.0360412107449,0.000634311875324,0.0453492889601,1.75744569404e-06,1.58940238349e-06,1.75744569404e-06,0.523266443457,0.202294340136,0.192404196239
480,0.170793804077,0.012767851902,0.209458436594,0.0300088497617,0.0210154807991,0.0221568795281,0.0477725870791,0.14380864371,0.101423470066,0.169830118216,0.0690872204625,0.0018766578048,1,0.01,10,15,1,10,20,7.06869319517e-05,6.39279941944e-05,7.06869319517e-05,0.0486966010063,0.00107122745977,0.00754473078921,7.06869319517e-05,6.39279941944e-05,7.06869319517e-05,0.537124901381,0.207652007604,0.197499928044
481,0.10924649338,0.0996103120939,0.0543197408301,0.00127765752768,0.00342005474563,0.22477223023,0.00529786790165,0.236355660778,0.0212298619707,0.199846553229,0.0237111342577,0.0209124330566,1,0.01,10,15,1,10,20,3.98856411592e-08,3.60718589146e-08,3.98856411592e-08,0.0318582917139,5.12287777752e-08,0.0017786823903,3.98856411592e-08,3.60718589146e-08,3.98856411592e-08,0.550854560597,0.212959881606,0.202548300778
482,0.00765516740006,0.00907935456785,0.0855231364618,0.0688837144994,0.0545542759248,0.0265999150277,0.0290062932003,0.127380933799,0.280595044802,0.216988133374,0.0425308047067,0.0512032262362,1,0.01,10,15,1,10,20,8.77237299051e-06,7.9335768879e-06,8.77237299051e-06,0.00324241129155,0.00170819261179,0.000644424065389,8.77237299051e-06,7.9335768879e-06,8.77237299051e-06,0.566810391027,0.219128391413,0.208415232946
483,0.0670008431651,0.115208915541,0.0640983926482,0.064770220125,0.359899338608,0.0698787952631,0.00475823154169,0.146292338855,0.0174165471743,0.0465209717725,0.0271641247105,0.0169912805956,1,0.01,10,15,1,10,20,4.72712709754e-05,4.2751290133e-05,4.72712709754e-05,0.000779501237152,0.0244784834863,0.000300100826387,4.72712709754e-05,4.2751290133e-05,4.72712709754e-05,0.383256329428,0.302858863849,0.288052133508
484,0.026036641518,0.20676020736,0.0462619432106,0.0423140479064,0.0711360557596,0.0299960181292,0.131767617653,0.0646544928378,0.0778617164222,0.153118052336,0.00351447190325,0.146578734964,1,0.01,10,15,1,10,20,9.47037027903e-06,8.56483312405e-06,9.47037027903e-06,0.0127474046659,0.000149269143083,4.18973076329e-05,9.47037027903e-06,8.56483312405e-06,9.47037027903e-06,0.562622049016,0.217509182129,0.206875186592
485,0.0791367503378,0.142372207141,0.156346931815,0.00890957680632,0.156191346512,0.0518611013352,0.0718640297143,0.0933800409943,0.0322645401429,0.0404952401405,0.110567682204,0.0566105528567,1,0.01,10,15,1,10,20,4.47759573777e-12,4.04945732438e-12,4.47759573777e-12,6.25551929199e-05,0.00190310571662,0.00323383848271,4.47759573777e-12,4.04945732438e-12,4.47759573777e-12,0.567064900432,0.219226784522,0.208508815628
486,0.204297945161,0.0720123935893,0.0423319509738,0.027662306093,0.0494736631347,0.0179737773004,0.0151137629845,0.105155719895,0.226361842511,0.151505807529,0.0326719210248,0.055438909803,1,0.01,10,15,1,10,20,7.79169972268e-05,7.04667356304e-05,7.79169972268e-05,0.00284978881831,0.000236581791645,6.57988520773e-08,7.79169972268e-05,7.04667356304e-05,7.79169972268e-05,0.568011411278,0.21959270477,0.208856846083
487,0.0222912732207,0.18258701095,0.0158765474941,0.073861136163,0.12799052414,0.0956881779893,0.063491208554,0.168967880808,0.102130269163,0.0148802007139,0.0139749637569,0.118260807048,1,0.01,10,15,1,10,20,0.000683765449413,0.00061838521596,0.000683765449413,0.0315002932033,0.00293341290953,0.000373726549771,0.000683765449413,0.00061838521596,0.000683765449413,0.547923468201,0.211826723901,0.201470543006
488,0.0425857939427,0.155043101923,0.0466250054654,0.114127873791,0.0367412496838,0.00897694282744,0.0852901601507,0.185497921957,0.0200819865512,0.250406511651,0.00567711449648,0.04894633756,1,0.01,10,15,1,10,20,5.64742577211e-06,5.10743063824e-06,5.64742577211e-06,0.0252911873229,1.23168215331e-05,7.95769914666e-05,5.64742577211e-06,5.10743063824e-06,5.64742577211e-06,0.555540978734,0.214771646676,0.20427148889
489,0.0106839134193,0.0324933410534,0.0659331382985,0.0964932903857,0.150510793903,0.0802667626736,0.0250558058399,0.0714705267394,0.131112916421,0.19476062719,0.061177867657,0.0800410164188,1,0.01,10,15,1,10,20,6.92483785766e-08,6.26269923081e-08,6.92483785766e-08,0.0353837696057,0.000712453701098,1.51761634698e-08,6.92483785766e-08,6.26269923081e-08,6.92483785766e-08,0.549452641138,0.212417900794,0.202032817337
490,0.0257180311335,0.0162691238674,0.0762586786729,0.0670370683513,0.0851450974406,0.125012282189,0.114565119974,0.0173439902124,0.351639656591,0.0393498839,0.0548665569125,0.0267945107549,1,0.01,10,15,1,10,20,0.000216447781335,0.000195751493615,0.000216447781335,6.66874018579e-07,0.000121520134748,0.00820477816703,0.000216447781335,0.000195751493615,0.000216447781335,0.56456546118,0.218260503537,0.207589775995
491,0.102785131896,0.0716304809698,0.143971273411,0.07417347869,0.0324272284382,0.0372638578469,0.254445929145,0.117615633722,0.0219994772615,0.0710766432888,0.0518778620375,0.0207330032941,1,0.01,10,15,1,10,20,3.071318162e-06,2.77764509236e-06,3.071318162e-06,7.37832801257e-07,3.32279158043e-06,0.00935907195052,3.071318162e-06,2.77764509236e-06,3.071318162e-06,0.564681340133,0.218305302237,0.207632384492
492,0.0474968043744,0.25642066341,0.148325127634,0.0082991450034,0.0954035577377,0.0397524455599,0.00405737996289,0.0129138908895,0.264312600269,0.0335420921549,0.0479330252534,0.0415432677508,1,0.01,10,15,1,10,20,1.3675969761e-08,1.23683019102e-08,1.3675969761e-08,7.01825904516e-13,0.00890337605889,0.00687070282499,1.3675969761e-08,1.23683019102e-08,1.3675969761e-08,0.561037040678,0.21689641932,0.206292381677
493,0.0343838061415,0.240077945136,0.123353340395,0.0284758456363,0.0616609608993,0.0229542085584,0.0325228231273,0.084274323783,0.11889595936,0.092519735733,0.0339099084911,0.126971142739,1,0.01,10,15,1,10,20,0.000204656921493,0.000185088051325,0.000204656921493,0.00106766113998,0.000374543141443,0.00115554078853,0.000204656921493,0.000185088051325,0.000204656921493,0.391937554568,0.30970875869,0.294567137884
494,0.218349519139,0.047010171437,0.0503389865133,0.0762601537106,0.0350520696481,0.0234312498346,0.133669028144,0.0246669008252,0.0181790092948,0.241364602969,0.089784517747,0.0418937907382,1,0.01,10,15,1,10,20,5.08849439358e-06,4.60194311833e-06,5.08849439358e-06,0.0106840641491,0.000915659368719,7.83127110631e-06,5.08849439358e-06,4.60194311833e-06,5.08849439358e-06,0.563395275712,0.21780811088,0.207159500755
495,0.0335264171549,0.0196840277086,0.0104968767313,0.0644660737415,0.0402857487385,0.242571021171,0.144459651578,0.201208169628,0.0648134261681,0.0742172733817,0.0283100769635,0.0759612370343,1,0.01,10,15,1,10,20,4.58497503003e-07,4.14656923152e-07,4.58497503003e-07,0.00020180708559,0.00664687008219,4.0490508789e-07,4.58497503003e-07,4.14656923152e-07,4.58497503003e-07,0.566123072709,0.218862674765,0.208162507149
496,0.0108715578284,0.111845035303,0.0219490666944,0.0511194015764,0.00790048846818,0.130637449891,0.0237374558001,0.271288305725,0.179733689991,0.0520528163146,0.0370596525862,0.101805079821,1,0.01,10,15,1,10,20,1.12327623738e-05,1.01587089437e-05,1.12327623738e-05,6.59983209602e-05,0.000343987722492,0.0058857414159,1.12327623738e-05,1.01587089437e-05,1.12327623738e-05,0.566402825413,0.21897082691,0.208265371751
497,0.121406723409,0.000222031746647,0.240651816186,0.0920218317659,0.0269562855433,0.153218929856,0.0299360573604,0.135424900598,0.0608333814739,0.117788786947,0.0123742999498,0.00916495516388,1,0.01,10,15,1,10,20,1.34605220634e-05,1.21734548744e-05,1.34605220634e-05,0.0489520258772,0.00254388995522,0.00451697730979,1.34605220634e-05,1.21734548744e-05,1.34605220634e-05,0.538055234401,0.208011673519,0.197842009939
498,0.0786834880298,0.0355673109516,0.132210439773,0.109197880929,0.105282992033,0.0469985625646,0.128822397086,3.8214755602e-05,0.118897112601,0.0398150934653,0.0661479856182,0.138338522192,1,0.01,10,15,1,10,20,1.61872441429e-05,1.46394534466e-05,1.61872441429e-05,5.46913034367e-08,2.53591376344e-09,3.00960664498e-05,1.61872441429e-05,1.46394534466e-05,1.61872441429e-05,0.569957977819,0.220345245658,0.209572595346
499,0.0659077408033,0.00571917438943,0.0602922008613,0.108719428383,0.0462150706542,0.0625689561815,0.00337464300594,0.254403137885,0.146990888335,0.146776004531,0.0975363457028,0.00149640926829,1,0.01,10,15,1,10,20,2.78012109383e-05,2.51429168361e-05,2.78012109383e-05,1.07118412091e-05,3.52343609533e-05,5.07090968744e-05,2.78012109383e-05,2.51429168361e-05,2.78012109383e-05,0.56988161403,0.220315723486,0.209544516508
500,0.0595994641004,0.0860085488557,0.000301920378454,0.0523235755908,0.0124208019898,0.321975572726,0.0195586108783,0.141054003543,0.0812122327502,0.0717565490642,0.118421216596,0.0353675035272,1,0.01,10,15,1,10,20,2.11231441823e-07,1.91033929663e-07,2.11231441823e-07,0.103785343147,4.92832946494e-05,8.0503407614e-08,2.11231441823e-07,1.91033929663e-07,2.11231441823e-07,0.510839295512,0.197490015829,0.187834754721
501,0.0323519210611,0.160596011889,0.154704909806,0.00202836484056,0.0959656755443,0.000914686425334,0.410728062858,0.0912832511704,0.0167621659301,0.0215554739855,0.0113630930271,0.00174638346319,1,0.01,10,15,1,10,20,1.55962532103e-05,1.41049718407e-05,1.55962532103e-05,4.92354162643e-06,9.7199238707e-07,2.49680142103e-05,1.55962532103e-05,1.41049718407e-05,1.55962532103e-05,0.569954863149,0.220348237464,0.209575440882
502,0.0169460971811,0.243656353808,0.0318231998804,0.0783689804107,0.00088552989905,0.0595939667884,0.0598623307005,0.208454875177,0.00913164089105,0.0767449992273,0.011348771893,0.203183254144,1,0.01,10,15,1,10,20,2.67181980246e-09,2.416345937e-09,2.67181980246e-09,1.3114273318e-07,3.8117225337e-06,0.00195428487651,2.67181980246e-09,2.416345937e-09,2.67181980246e-09,0.568912509675,0.219941068606,0.209188178457
503,0.18893824256,0.00463142034336,0.0955079040148,0.0449698362674,0.0237778451274,0.159560570159,0.165511991838,0.0924079265418,0.0669019971069,0.0716095960152,0.0537531034672,0.0324295665596,1,0.01,10,15,1,10,20,4.53424526443e-06,4.10069014084e-06,4.53424526443e-06,0.14412324376,6.02109249961e-05,0.000208516133455,4.53424526443e-06,4.10069014084e-06,4.53424526443e-06,0.487706174286,0.188546771804,0.17932874473
504,0.0869399294116,0.0794024252968,0.155011534017,0.171940575692,0.0475633387724,0.0228080538687,0.0335214067303,0.0431662385814,0.0944935657396,0.178028960025,0.0534440283355,0.03367994353,1,0.01,10,15,1,10,20,9.36166830953e-05,8.46652501132e-05,9.36166830953e-05,0.000315621765258,7.24947963034e-05,0.000304706198361,9.36166830953e-05,8.46652501132e-05,9.36166830953e-05,0.569323855695,0.220100094611,0.209339429701
505,0.0203081052069,0.0233247999698,0.0849391463357,0.0820224531077,0.156565168331,0.0166433667382,0.0240542310019,0.0246745062146,0.0856855929896,0.437042145762,0.042584356018,0.0021561283245,1,0.01,10,15,1,10,20,2.25080153732e-06,2.03558456475e-06,2.25080153732e-06,4.46479668415e-06,0.000656789113631,2.62028509938e-06,2.25080153732e-06,2.03558456475e-06,2.25080153732e-06,0.569642884505,0.220223430864,0.209456736061
506,0.0316491935838,0.0371101504627,0.0447040818145,0.189598785528,0.00477446315873,0.259938494405,0.0215915585494,0.0129102573813,0.174648905993,0.196027896953,0.0255796295838,0.00146658258688,1,0.01,10,15,1,10,20,2.64424166597e-07,2.39140476469e-07,2.64424166597e-07,2.28105917869e-09,2.59731030737e-07,0.00377209566267,2.64424166597e-07,2.39140476469e-07,2.64424166597e-07,0.567877536725,0.219540948988,0.208807620634
507,0.0724918537656,0.196809576004,0.0371444280196,0.201110263014,0.0138908119588,0.0639271830028,0.18446500031,0.0478347219149,0.0433041711646,0.0146097123774,0.00798483386029,0.116427444608,1,0.01,10,15,1,10,20,0.000160305866723,0.000144977752383,0.000160305866723,1.04814391044e-07,0.000578634767404,0.00013732999303,0.000160305866723,0.000144977752383,0.000160305866723,0.569089785608,0.220009603324,0.209253362521
508,0.00209235066065,0.145233678029,0.0484037750941,0.0678128146819,0.0728417470571,0.346241680779,0.111971705501,0.150277860848,0.0141417734311,0.00873240826418,0.0284938247072,0.00375638094641,1,0.01,10,15,1,10,20,0.017379095125,0.0157173421109,0.017379095125,0.00890261361945,0.0262641249123,0.000814893099538,0.017379095125,0.0157173421109,0.017379095125,0.491973188918,0.190196395854,0.180897718875
509,0.0459477535659,0.0111468101868,0.0107545688906,0.199315223432,0.0218974374703,0.0612019185273,0.16179022488,0.0296692007375,0.0253700210885,0.0468899466508,0.349631345546,0.0363855490245,1,0.01,10,15,1,10,20,1.54400129823e-05,1.39636709791e-05,1.54400129823e-05,1.66497264847e-05,3.52516292049e-05,0.00054042439841,1.54400129823e-05,1.39636709791e-05,1.54400129823e-05,0.56963999755,0.22022231477,0.209455674532
510,0.0391250734019,0.0345740066245,0.236145211483,0.0900683352378,0.201355436789,0.0207438234592,0.0249073554397,0.00426889411308,0.18073696653,0.102733236149,0.0650690189104,0.000272641862925,1,0.01,10,15,1,10,20,7.86110173545e-05,7.10943949936e-05,7.86110173545e-05,2.7407923551e-05,3.60765115695e-05,0.000166662273863,7.86110173545e-05,7.10943949936e-05,7.86110173545e-05,0.569637280553,0.220221264381,0.209454675497
511,0.115608742931,0.157788610513,0.00135092962186,0.0680170587185,0.170516809047,0.00289671221464,0.126980228689,0.159354610079,0.0379666285684,0.01679631535,0.00632500087765,0.136398353391,1,0.01,10,15,1,10,20,3.75239647014e-05,3.39360010592e-05,3.75239647014e-05,0.0079809358331,0.0145049777885,0.00116549813875,3.75239647014e-05,3.39360010592e-05,3.75239647014e-05,0.395710910477,0.297481777598,0.282937932303
512,0.242899453466,0.00641176611718,0.0701440925375,0.0336770252876,0.0961523985261,0.0827643176128,0.031846316695,0.108456408936,0.0729438232089,0.112037956274,0.0113944023681,0.13127203897,1,0.01,10,15,1,10,20,9.86196100069e-10,8.91898075346e-10,9.86196100069e-10,0.0550000990045,0.00285524128472,6.63822280037e-10,9.86196100069e-10,8.91898075346e-10,9.86196100069e-10,0.537049552864,0.207622877934,0.19747222252
513,0.101087593444,0.0438729025245,0.111567779821,0.0076360536473,0.00820422177014,0.135082164332,0.0146264817724,0.0968202441568,0.14523412979,0.126439746562,0.138025721083,0.0714029610968,1,0.01,10,15,1,10,20,4.33860277921e-12,3.9237545841e-12,4.33860277921e-12,0.0634444721274,0.000708904583686,6.6692491511e-12,4.33860277921e-12,3.9237545841e-12,4.33860277921e-12,0.379379590812,0.285205342208,0.271261690237
514,0.0444166133611,0.0977550710368,0.18253691197,0.0839397503953,0.105781371727,0.0233149996795,0.00674541150981,0.152377368396,0.0967502932439,0.0735179208578,0.0121452839609,0.120719003862,1,0.01,10,15,1,10,20,1.55891494877e-05,1.40985473613e-05,1.55891494877e-05,3.19626104033e-05,5.27090203031e-06,0.00391385639983,1.55891494877e-05,1.40985473613e-05,1.55891494877e-05,0.567724911551,0.219481944231,0.208751500613
515,0.0845121255294,0.19462425109,0.0194452636938,0.0869471233986,0.0779917757785,0.0483010641056,0.028727747482,0.208108495292,0.0842439172017,0.0981158838112,0.0316376378663,0.0373447147509,1,0.01,10,15,1,10,20,6.73809113226e-05,6.09380883979e-05,6.73809113226e-05,1.60440012199e-05,7.96917815986e-05,2.05511386133e-05,6.73809113226e-05,6.09380883979e-05,6.73809113226e-05,0.569739368615,0.220260731535,0.209492213107
516,0.0316856078971,0.122324868563,0.0706179210827,0.00375766294986,0.0186224398994,0.217722074315,0.231464936209,0.0279151526415,0.0192007800172,0.0178606344455,0.113743822486,0.125084099494,1,0.01,10,15,1,10,20,5.84077114534e-06,5.28228872807e-06,5.84077114534e-06,1.39221149651e-07,4.61115545617e-06,0.000383295115318,5.84077114534e-06,5.28228872807e-06,5.84077114534e-06,0.569785504475,0.220281016258,0.209511506113
517,0.00233050127045,0.0870433584525,0.00689355636925,0.0979086931394,0.0598928742234,0.214716004751,0.083870568648,0.203269000237,0.0873111503386,0.00577759377757,0.0410793499081,0.109907348885,1,0.01,10,15,1,10,20,4.55761194073e-05,4.12182254404e-05,4.55761194073e-05,0.0557908588854,0.000121543922531,0.0239560174049,4.55761194073e-05,4.12182254404e-05,4.55761194073e-05,0.524350557808,0.202713457777,0.192802823273
518,0.0998550092688,0.0102289054553,0.10427646372,0.0897195782663,0.0104742970361,0.127777132498,0.0134302166571,0.231670494036,0.0675150138458,0.10968249468,0.0957064108992,0.039663983638,1,0.01,10,15,1,10,20,1.97877384715e-12,1.78956759786e-12,1.97877384715e-12,0.0210259715746,3.64336128777e-11,0.000345483721459,1.97877384715e-12,1.78956759786e-12,1.97877384715e-12,0.557846420352,0.215662928368,0.205119195936
519,0.286152931056,0.0766485922489,0.143665258506,0.0855825148757,0.0135892325757,0.0101892179289,0.0443929865816,0.0279264789505,0.0837961940684,0.0379778770063,0.0568023446509,0.133276371551,1,0.01,10,15,1,10,20,6.34312910471e-07,5.73661226177e-07,6.34312910471e-07,0.0265857570477,0.00102818863639,0.00185263615428,6.34312910471e-07,5.73661226177e-07,6.34312910471e-07,0.553229865105,0.213878172209,0.203421696274
520,0.11084583995,0.130496044886,0.006393335999,0.00284417887791,0.040754231919,0.0346932062746,0.168881941043,0.000538744943557,0.112259064044,0.145422871354,0.172595977537,0.0742745631734,1,0.01,10,15,1,10,20,7.48259591331e-06,6.76712561854e-06,7.48259591331e-06,0.941203097732,0.0107054680531,5.77266245301e-05,7.48259591331e-06,6.76712561854e-06,7.48259591331e-06,0.027355818908,0.0105757351805,0.0100586888673
521,0.0497214722859,0.240759456656,0.0879612732717,0.121098993744,0.0663037795621,0.0286666085925,0.0799719518446,0.0135523940009,0.0646546545972,0.104277873808,0.00927888395848,0.133752657678,1,0.01,10,15,1,10,20,1.87926756553e-10,1.69957590041e-10,1.87926756553e-10,0.0369756963853,5.85552229009e-11,0.000502104069442,1.87926756553e-10,1.69957590041e-10,1.87926756553e-10,0.548665339644,0.212113530799,0.201743327952
522,0.255915523523,0.0105376694995,0.120979566114,0.0180150425218,0.234393534363,0.0288287668438,0.19119867491,0.026780302232,0.0177595109632,0.0316360009095,0.0599584139194,0.00399699420227,1,0.01,10,15,1,10,20,3.45464453266e-06,3.12431859086e-06,3.45464453266e-06,0.00297478685376,0.0283326640306,9.25711351899e-06,3.45464453266e-06,3.12431859086e-06,3.45464453266e-06,0.552165901399,0.21346684479,0.203030478598
523,0.0533979022131,0.0933514110612,0.09526883333,0.121560515978,0.0539383040245,0.0024208082622,0.0587242763268,0.230066852195,0.00561464720131,0.0108307479736,0.00557515946232,0.269250541971,1,0.01,10,15,1,10,20,4.14773549617e-06,3.75113763461e-06,4.14773549617e-06,0.00303155215357,0.00227354606285,0.0026350302461,4.14773549617e-06,3.75113763461e-06,4.14773549617e-06,0.565488929216,0.218617515456,0.207929333648
524,0.00280361341225,0.0935430519102,0.162993439366,0.137780153269,0.288332917955,0.0434686599958,0.0110521447029,0.0692668057558,0.0717894629969,0.00105995996181,0.109060432493,0.00884935818088,1,0.01,10,15,1,10,20,6.2592706819e-07,5.66077220734e-07,6.2592706819e-07,0.000350181081086,0.0140111215294,0.00187769340819,6.2592706819e-07,5.66077220734e-07,6.2592706819e-07,0.398803096911,0.299805870552,0.285148400655
525,0.0753323638508,0.142752111777,0.21653445905,0.0360534195481,0.035070504393,0.069486502103,0.0261485011011,0.00466668935978,0.0442265632147,0.10015220457,0.231730402415,0.0178462786173,1,0.01,10,15,1,10,20,1.11885854502e-06,1.01187561258e-06,1.11885854502e-06,0.0303297818673,0.000220949372626,4.50232249126e-06,1.11885854502e-06,1.01187561258e-06,1.11885854502e-06,0.552607697898,0.213637642922,0.203192926432
526,0.0652656554819,0.0930690082641,0.240387761619,0.0840890007562,0.00244026067612,0.0294760272963,0.0432119383834,0.127755795562,0.0279413266781,0.0589110389435,0.15855910909,0.06889307725,1,0.01,10,15,1,10,20,1.81200525889e-11,1.63874507596e-11,1.81200525889e-11,0.0162621860079,0.0072604228869,0.000699765221457,1.81200525889e-11,1.63874507596e-11,1.81200525889e-11,0.556221314607,0.215034663918,0.204521647253
527,0.090764668186,0.00862468758806,0.133934976958,0.0189131188329,0.0524701288851,0.20560164385,0.00703486000786,0.00535054729456,0.292982213413,0.0838410029519,0.0412746185372,0.0592075334953,1,0.01,10,15,1,10,20,4.8723313714e-09,4.4064491558e-09,4.8723313714e-09,0.0990637922381,0.00607034937781,0.00112259355955,4.8723313714e-09,4.4064491558e-09,4.8723313714e-09,0.50945935304,0.196956531301,0.187327352182
528,0.137349043291,0.0729846514975,0.136671299772,0.284082166534,0.00335841920486,0.00421407659107,0.00686090388397,0.00427444525798,0.117393192114,0.109033488633,0.0413586673451,0.0824196458742,1,0.01,10,15,1,10,20,2.18970612637e-07,1.98033097023e-07,2.18970612637e-07,0.00124748946647,0.00508118307019,1.98908859783e-07,2.18970612637e-07,1.98033097023e-07,2.18970612637e-07,0.566420400843,0.218977621556,0.208271834207
529,0.0290136179066,0.0129431842364,0.0845647508169,0.119783274047,0.0240627643818,0.157310717577,0.0108333265196,0.013908171218,0.0938753415412,0.0124412355826,0.25050782503,0.190755791143,1,0.01,10,15,1,10,20,4.27728284998e-07,3.86829793926e-07,4.27728284998e-07,5.25519158313e-07,0.000803982544956,4.55998470668e-06,4.27728284998e-07,3.86829793926e-07,4.27728284998e-07,0.569566156324,0.220193767818,0.209428523237
530,0.03206176315,0.0405503250795,0.180778494465,0.299084066384,0.13074361819,0.060651119945,0.0647835573702,0.0710818200833,0.0295421965622,0.0148207042931,0.0701433557994,0.00575897867812,1,0.01,10,15,1,10,20,1.12110588631e-06,1.01390806776e-06,1.12110588631e-06,0.239793782472,0.00219683555556,1.05861038317e-06,1.12110588631e-06,1.01390806776e-06,1.12110588631e-06,0.432082836006,0.167042838858,0.158876136259
531,0.00231368089807,0.0261820489395,0.0327248875037,0.0864268145074,0.00705006957623,0.0139793957689,0.0368284749876,0.409394987127,0.177292231756,0.0861253693573,0.0477240430238,0.073957996554,1,0.01,10,15,1,10,20,1.0548429777e-06,9.53981080981e-07,1.0548429777e-06,0.000768655451315,0.00367994858894,0.00225212580137,1.0548429777e-06,9.53981080981e-07,1.0548429777e-06,0.390787778213,0.308801310189,0.293704054422
532,0.163697330286,0.0402855484741,0.0235005912672,0.191986065845,0.0122261786909,0.267137856388,0.0350781960913,0.162086586212,0.0815963496544,0.00209293817463,0.001520541079,0.0187918178375,1,0.01,10,15,1,10,20,1.61320950469e-05,1.45895775928e-05,1.61320950469e-05,8.82216144113e-08,2.9789064295e-05,0.002333658234,1.61320950469e-05,1.45895775928e-05,1.61320950469e-05,0.568628065439,0.219831102719,0.209083588787
533,0.237892452271,0.141570464764,0.0162034471574,0.024909491826,0.0972851127094,0.047659909762,0.174995652518,0.015007462135,0.109179839551,0.0178290248282,0.0930300400152,0.0244371024624,1,0.01,10,15,1,10,20,2.75589635589e-05,2.49238326485e-05,2.75589635589e-05,0.0824342199811,0.000307133924283,5.57194011282e-07,2.75589635589e-05,2.49238326485e-05,2.75589635589e-05,0.522772243081,0.202103282712,0.192222479588
534,0.101938806726,0.0467787112344,0.0253596457885,0.0130342223215,0.0122946005687,0.0304333728048,0.337368032298,0.167727958916,0.150939423262,0.0829258204214,0.00976325159074,0.0214361540685,1,0.01,10,15,1,10,20,3.19850412197e-05,2.89266979475e-05,3.19850412197e-05,2.78994397153e-06,0.0131965690155,0.00522469870554,3.19850412197e-05,2.89266979475e-05,3.19850412197e-05,0.559420614157,0.216271510269,0.205698024348
535,0.104572328845,0.0551572731255,0.00026368801032,0.187842257539,0.0804340235636,0.00750780688081,0.0451459386062,0.0419590296158,0.100316330149,0.115917059678,0.0930748334096,0.167809430577,1,0.01,10,15,1,10,20,2.40729905738e-10,2.17711811668e-10,2.40729905738e-10,0.000775088852211,0.00271106759852,1.38588759693e-10,2.40729905738e-10,2.17711811668e-10,2.40729905738e-10,0.392056081704,0.309801969079,0.294655791229
536,0.0270753092395,0.215280427086,0.013012787985,0.0394789867919,0.0518822465577,0.131412482298,0.0115607857634,0.182869559701,0.193455382637,0.101075110155,0.0269161851617,0.00598073662471,1,0.01,10,15,1,10,20,0.00047629447772,0.000430752188076,0.00047629447772,0.00200217481929,0.000692397194621,0.00397684883062,0.00047629447772,0.000430752188076,0.00047629447772,0.564648774393,0.218292712351,0.207620410124
537,0.0207029069403,0.279743765614,0.0362644572643,0.0577455995843,0.043553455834,0.104495525916,0.0294355378917,0.218773816355,0.0675584663084,0.0991470354142,0.0181152531354,0.0244641797424,1,0.01,10,15,1,10,20,0.000152976239331,0.000138348968753,0.000152976239331,0.000392170599203,0.00597777702438,0.00240288170776,0.000152976239331,0.000138348968753,0.000152976239331,0.401472941384,0.301810552462,0.287055073928
538,0.0154910012264,0.0973828184221,0.00207130390226,0.13442157845,0.0311352915862,0.0149562104893,0.0309863009254,0.0894455729348,0.400996137895,0.0318484078422,0.103366800739,0.0478985755883,1,0.01,10,15,1,10,20,2.75177957709e-10,2.4886601239e-10,2.75177957709e-10,0.075668493296,2.95875623265e-10,0.00312121222431,2.75177957709e-10,2.4886601239e-10,2.75177957709e-10,0.362422050396,0.286395028894,0.272393213296
539,0.062922041984,0.0190429222441,0.0389576072849,0.185883483158,0.0789846219991,0.06314025121,0.0185383890122,0.0072778934407,0.0341331567883,0.00609610833859,0.26870359349,0.21631993105,1,0.01,10,15,1,10,20,1.55580336302e-12,1.40704067375e-12,1.55580336302e-12,0.0362435742807,0.000124223193914,3.32003115116e-09,1.55580336302e-12,1.40704067375e-12,1.55580336302e-12,0.549298072097,0.21235814454,0.201975982559
540,0.00634620498179,0.0138464275885,0.119182144769,0.00779857598139,0.131371627059,0.0645132785386,0.0157527081573,0.135914150606,0.0279181153022,0.00246094328926,0.0775050734976,0.397390750229,1,0.01,10,15,1,10,20,2.83612889541e-06,2.56494413542e-06,2.83612889541e-06,2.41771997734e-06,0.000113139421502,0.00047377545442,2.83612889541e-06,2.56494413542e-06,2.83612889541e-06,0.569683437246,0.220239108518,0.209471647236
541,0.167749819458,0.103337455189,6.42142854628e-05,0.269630096414,0.0165143282249,0.00573453567206,0.126439387066,0.13426596575,0.000277127375088,0.00740525358761,0.0913605356973,0.0772212812802,1,0.01,10,15,1,10,20,3.72930512989e-06,3.37271671171e-06,3.72930512989e-06,0.0936882976722,0.000178131345072,1.44049845076e-05,3.72930512989e-06,3.37271671171e-06,3.72930512989e-06,0.516501640495,0.199679073347,0.189916789502
542,0.0806277082228,0.00446795929335,0.0176012475568,0.0793005098214,0.0733098566181,0.0915927888669,0.333254659196,0.0159595433761,0.00967584201734,0.0546792578516,0.141219291038,0.0983113361414,1,0.01,10,15,1,10,20,1.53560264254e-07,1.38877150425e-07,1.53560264254e-07,0.0057310425216,0.00346652773087,0.000350992647351,1.53560264254e-07,1.38877150425e-07,1.53560264254e-07,0.564585300685,0.218268173472,0.207597070948
543,0.0849047395022,0.0337405831151,0.0307493064705,0.00563032261795,0.0361578904291,0.150680351031,0.0294543194449,0.0411139297146,0.338012297926,0.125320263984,0.0132669902516,0.110969005513,1,0.01,10,15,1,10,20,2.73968015198e-10,2.47771762071e-10,2.73968015198e-10,3.02891375626e-07,0.000428799191739,0.0026295791395,2.73968015198e-10,2.47771762071e-10,2.73968015198e-10,0.568285009016,0.219698673835,0.208957634335
544,0.0411554133441,0.0360487607117,0.198984823672,0.223866215387,0.055196205305,0.124404450051,0.0871956051256,0.0738421024493,0.0318535679679,0.047638073634,0.0308162136817,0.0489985686704,1,0.01,10,15,1,10,20,2.9636581641e-06,2.68027932007e-06,2.9636581641e-06,0.105031272451,0.00490215863238,1.30458861955e-05,2.9636581641e-06,2.68027932007e-06,2.9636581641e-06,0.507346297062,0.196139625745,0.186550385032
545,0.0506750437395,0.0932271398118,0.135583213109,0.026706180302,0.0508028816667,0.0858881499867,0.0368907557065,0.222856125785,0.0179216597626,0.193027390053,0.0684517002332,0.0179697598444,1,0.01,10,15,1,10,20,8.2166342091e-06,7.43097669561e-06,8.2166342091e-06,0.0420503814105,0.000100817059137,0.00246074089452,8.2166342091e-06,7.43097669561e-06,8.2166342091e-06,0.544571469365,0.210530844142,0.200238018639
546,0.159313126345,0.117383720819,0.0188064617928,0.0980278890125,0.0507898360454,0.0180660640413,0.00429646046666,0.115383299651,0.0122378572279,0.137167143351,0.126433742428,0.142094398819,1,0.01,10,15,1,10,20,1.13999417704e-07,1.03099029933e-07,1.13999417704e-07,0.0227216276534,0.000563685935903,7.89362587127e-06,1.13999417704e-07,1.03099029933e-07,1.13999417704e-07,0.556750589058,0.215239280948,0.204716260584
547,0.0242194093956,0.011473179119,0.0837023585488,0.0553274078026,0.0233509331061,0.00539724633837,0.265783728018,0.0817319431076,0.190809516858,0.223633694051,0.021368147745,0.0132024359095,1,0.01,10,15,1,10,20,5.48728469385e-06,4.96260191759e-06,5.48728469385e-06,0.000773965354345,0.00152643916017,2.68253223631e-05,5.48728469385e-06,4.96260191759e-06,5.48728469385e-06,0.392499892903,0.310152150547,0.294988852371
548,0.0401317158701,0.110176224013,0.027613412076,0.0665818478785,0.0999072524866,0.0773110687956,0.105292705366,0.362063549878,0.0424146884774,0.0357591324242,0.00783856580282,0.0249098369325,1,0.01,10,15,1,10,20,0.00224316105158,0.0020286746464,0.00224316105158,0.00631658759398,0.00312917736833,0.00309961013542,0.00224316105158,0.0020286746464,0.00224316105158,0.555450068895,0.214736501013,0.204238061495
549,0.037636617684,0.0126869120084,0.146479167209,0.0781347565944,0.0967693501362,0.0547644118044,0.0477282018033,0.0116030599553,0.00803371994478,0.0147830290145,0.138881785628,0.352498988218,1,0.01,10,15,1,10,20,2.49214540588e-05,2.25385163339e-05,2.49214540588e-05,0.936867382579,0.00409093195557,0.00292650322714,2.49214540588e-05,2.25385163339e-05,2.49214540588e-05,0.0319047490221,0.0123343475037,0.0117313228635
550,0.0532028592868,0.0295617911647,0.172532059374,0.0498843069094,0.116657623853,0.111898405586,0.088662381181,0.263802691358,0.0107100646031,0.0737910481111,7.58321634688e-05,0.0292209364101,1,0.01,10,15,1,10,20,5.38377878588e-05,4.86899302977e-05,5.38377878588e-05,0.000148475135797,0.0050553244761,0.0134081683442,5.38377878588e-05,4.86899302977e-05,5.38377878588e-05,0.559241141888,0.21620212645,0.205632032695
551,0.0502918397773,0.0266926022574,0.0734998277097,0.406280902174,0.00553929217199,0.0113154295203,0.029241012582,0.20230699596,0.0606609726733,0.104687739214,0.0046046918334,0.0248786941262,1,0.01,10,15,1,10,20,8.06330676244e-08,7.29231010124e-08,8.06330676244e-08,1.54328326449e-09,0.00734610542111,0.00355125891552,8.06330676244e-08,7.29231010124e-08,8.06330676244e-08,0.563816685662,0.21797102759,0.207314452489
552,0.143772618917,0.163694783277,0.0662331905943,0.00742614913648,0.0373879409681,0.0454204917106,0.190917720601,0.0232645647968,0.0268300404992,0.00294010795963,0.251537312783,0.0405750787565,1,0.01,10,15,1,10,20,2.70963215523e-07,2.45054275106e-07,2.70963215523e-07,0.0021923729417,0.000158632660924,0.00387871928995,2.70963215523e-07,2.45054275106e-07,2.70963215523e-07,0.566476745074,0.218999404185,0.208292551887
553,0.0413470432044,0.11614326985,0.0154172207188,0.0165721591741,0.142224572838,0.0917280767888,0.118314138454,0.00682766079272,0.0994071345241,0.154137546634,0.135308965985,0.0625722110361,1,0.01,10,15,1,10,20,1.42286011012e-08,1.28680917884e-08,1.42286011012e-08,2.4974595455e-08,0.000390910432417,0.00110568951232,1.42286011012e-08,1.28680917884e-08,1.42286011012e-08,0.569175598295,0.220042778432,0.209284915703
554,0.0073808425812,0.00639375076681,0.18282800776,0.0482213021469,0.0464821022847,0.304256961612,0.0614002231033,0.0427145830965,0.0509335675405,0.116960672095,0.0532483759961,0.0791796110175,1,0.01,10,15,1,10,20,6.17551684728e-05,5.5850267406e-05,6.17551684728e-05,0.000385252332389,0.000779346281559,0.00309944225409,6.17551684728e-05,5.5850267406e-05,6.17551684728e-05,0.391608326671,0.309448914146,0.294319997106
555,0.0730035565317,0.0446889503879,0.028876358239,0.0778333633264,0.163880524743,0.254516291453,0.0946327528702,0.00574821971747,0.0990519634129,0.0308867281328,0.0968651317098,0.0300161594764,1,0.01,10,15,1,10,20,6.481084877e-06,5.86137698937e-06,6.481084877e-06,0.000381366197627,7.97079025243e-07,0.00978123229638,6.481084877e-06,5.86137698937e-06,6.481084877e-06,0.389411708537,0.307715714978,0.292671533819
556,0.0699849290914,0.0566850473001,0.00694311935003,0.171337032348,0.0219128494415,0.0914823758382,0.0389774326693,0.431027415808,0.0380954205314,0.0248816665482,0.0453315720548,0.00334113901898,1,0.01,10,15,1,10,20,0.00026111180492,0.000236144835943,0.00026111180492,0.163382193593,0.000235831120408,0.00594628564001,0.00026111180492,0.000236144835943,0.00026111180492,0.472507646644,0.18267103458,0.173740271531
557,0.0344485227942,0.0724725995077,0.158524208193,0.063704813173,0.0741228322558,0.0354265621661,0.0975849450705,0.175439235084,0.0241687765511,0.0688437353744,0.0975378543065,0.0977259155238,1,0.01,10,15,1,10,20,5.1388176488e-05,4.64745456832e-05,5.1388176488e-05,0.000380909306098,3.01040341817e-05,0.000664083361281,5.1388176488e-05,4.64745456832e-05,5.1388176488e-05,0.392887858169,0.310458407177,0.295280136155
558,0.0584836957794,0.00794408248692,0.0137421005361,0.114813160628,0.171685776248,0.030485613591,0.255948646502,0.154957101863,0.00532479228695,0.0247905400518,0.0357125242622,0.126111965764,1,0.01,10,15,1,10,20,6.08787066632e-09,5.50576110559e-09,6.08787066632e-09,0.104278209578,0.00102353443128,2.95589251376e-07,6.08787066632e-09,5.50576110559e-09,6.08787066632e-09,0.510003552955,0.197166918502,0.18752745358
559,0.0149412676506,0.0537663159971,0.121941051833,0.0393003050709,0.0242161307985,0.0993252215613,0.0626035933727,0.244797758916,0.137740546015,0.0180278515442,0.140760993564,0.0425789636769,1,0.01,10,15,1,10,20,6.61197745211e-09,5.97975388805e-09,6.61197745211e-09,0.112485639178,3.47707291484e-09,8.54850243134e-08,6.61197745211e-09,5.97975388805e-09,6.61197745211e-09,0.505908642115,0.195583829625,0.186021761712
560,0.207933085383,0.000117847044888,0.015682968732,0.107089624426,0.332795482078,0.0297222705619,0.0389601751058,0.00120932022887,0.00406350713356,0.173531957654,0.0216431588215,0.0672506028304,1,0.01,10,15,1,10,20,6.1530383801e-05,5.5646976178e-05,6.1530383801e-05,0.000345144421543,0.000223993018026,0.00190878928597,6.1530383801e-05,5.5646976178e-05,6.1530383801e-05,0.568412538043,0.21974778002,0.209004339724
561,0.0944600012927,0.00801588150439,0.0164227870492,0.0286193473383,0.0360149801444,0.0466574656192,0.105592710457,0.0479573241302,0.167946569062,0.181406027253,0.261244974009,0.00566193214169,1,0.01,10,15,1,10,20,1.835203329e-07,1.65972499474e-07,1.835203329e-07,0.0119697461428,1.09846333963e-07,0.00407978284558,1.835203329e-07,1.65972499474e-07,1.835203329e-07,0.398883883437,0.299862833249,0.285202578453
562,0.180657504268,0.0392090692224,0.159390859607,0.0102551440529,0.0278878146002,0.170764956126,0.0825787488799,0.100818422212,0.0674858386954,0.00710332352607,0.117604284499,0.0362440343108,1,0.01,10,15,1,10,20,2.4070844004e-06,2.17692398476e-06,2.4070844004e-06,0.106263253542,2.32060221669e-06,2.69818917896e-06,2.4070844004e-06,2.17692398476e-06,2.4070844004e-06,0.509444822413,0.196950913773,0.187322009294
563,0.151432016398,0.0134867765773,0.0229400613267,0.00990817137146,0.0906425615395,0.0634341758086,0.166257951895,0.0744628229637,0.146876768444,0.00498486685016,0.124681619711,0.130892207114,1,0.01,10,15,1,10,20,6.68589187829e-08,6.04660077017e-08,6.68589187829e-08,0.00292358834925,0.00281437366894,0.000344737143511,6.68589187829e-08,6.04660077017e-08,6.68589187829e-08,0.39103394292,0.30899484357,0.293888125981
564,0.132044991976,0.121957696244,0.00143280692739,0.143193070912,0.138639378291,0.0535800273574,0.0231520861699,0.0846527395946,0.0158443875864,0.0243658862359,0.0917713934419,0.169365535264,1,0.01,10,15,1,10,20,2.29723637164e-08,2.07757939657e-08,2.29723637164e-08,0.0738519837269,6.04743669419e-09,2.78986499373e-08,2.29723637164e-08,2.07757939657e-08,2.29723637164e-08,0.527930914195,0.204097620361,0.19411931433
565,0.154660579164,0.0534015990165,0.196442812939,0.0322363757098,0.0679048609953,0.0573399965844,0.00937986606506,0.0239091896019,0.0830688389349,0.181437758356,0.0579242985745,0.0822938240583,1,0.01,10,15,1,10,20,1.27799015516e-05,1.15579138836e-05,1.27799015516e-05,2.45272466746e-07,4.30420311951e-05,1.11937629564e-05,1.27799015516e-05,1.15579138836e-05,1.27799015516e-05,0.569955392554,0.220344246197,0.209571644748
566,0.125182659065,0.0778681663242,0.010569854585,0.0443701247913,0.242565265773,0.00291430711564,0.0460748769444,0.0773458248577,0.113004984104,0.00567359309296,0.190375130013,0.0640552133332,1,0.01,10,15,1,10,20,2.89463826211e-05,2.61785895789e-05,2.89463826211e-05,0.0239496613611,0.0105216011906,4.01091761284e-05,2.89463826211e-05,2.61785895789e-05,2.89463826211e-05,0.391328919984,0.294187168944,0.279804396635
567,0.068014302361,0.0114021203802,0.11958049535,0.144880799036,0.0440013184663,0.0111245135942,0.0437900411962,0.0289770716299,0.0319575565341,0.036504336428,0.204103971997,0.255663473027,1,0.01,10,15,1,10,20,5.99627812469e-07,5.42292645274e-07,5.99627812469e-07,0.0179808938756,0.000235536380796,4.92406036549e-06,5.99627812469e-07,5.42292645274e-07,5.99627812469e-07,0.559640083105,0.216356356768,0.205778722713
568,0.0576715637716,0.0191419601294,0.0298972536057,0.0718035670654,0.15075663152,0.0777837770283,0.167964678442,0.00531386810464,0.0731597486453,0.0392801777237,0.156216822307,0.151009951657,1,0.01,10,15,1,10,20,6.7304672052e-08,6.08691389681e-08,6.7304672052e-08,0.0149126813227,9.430014988e-08,0.0011603713687,6.7304672052e-08,6.08691389681e-08,6.7304672052e-08,0.560866385682,0.21683044425,0.20622963212
569,0.0367070584938,0.053451895124,0.0533871282106,0.191887927213,0.0360942367398,0.0541109219299,0.0795369203516,0.0409289384788,0.0855159159538,0.03703593836,0.208924775689,0.122418343456,1,0.01,10,15,1,10,20,3.4637922434e-06,3.13259161649e-06,3.4637922434e-06,0.031910682775,4.0551064611e-06,7.25310492411e-06,3.4637922434e-06,3.13259161649e-06,3.4637922434e-06,0.551820842395,0.213333445287,0.202903600979
570,0.209974576373,0.0194096753946,0.0722567261848,0.0377036775707,0.0436274079154,0.0276979636432,0.0679227313555,0.307833091383,0.0808062611477,0.0126087320645,0.0836507726485,0.0365083843191,1,0.01,10,15,1,10,20,2.27725783533e-06,2.05951116645e-06,2.27725783533e-06,1.5966317562e-06,0.00284808742354,0.00986519410342,2.27725783533e-06,2.05951116645e-06,2.27725783533e-06,0.562773378001,0.217567685779,0.206930830007
571,0.111089812667,0.0290603113396,0.0153798046624,0.027324163882,0.0095307737027,0.110586029996,0.0493341364957,0.0193335444625,0.151705509062,0.034791072595,0.03930398528,0.402560855855,1,0.01,10,15,1,10,20,4.77358090939e-06,4.31714100806e-06,4.77358090939e-06,0.00654919888055,3.98821148165e-06,1.55450846152e-05,4.77358090939e-06,4.31714100806e-06,4.77358090939e-06,0.40271819824,0.302743208471,0.287942132506
572,0.0150332869412,0.0218532399543,0.00794603806165,0.124585028197,0.00396470579224,0.0459661482662,0.172457119329,0.224050102184,0.186509870131,0.036474406851,0.119097070756,0.0420629835355,1,0.01,10,15,1,10,20,2.24083412259e-08,2.02657021353e-08,2.24083412259e-08,0.12322757414,0.00193834634563,7.82812570764e-08,2.24083412259e-08,2.02657021353e-08,2.24083412259e-08,0.49868047081,0.192789425048,0.18336397521
573,0.0228576370337,0.225443582832,0.0171805468915,0.10104023646,0.149562423985,0.0431034043273,0.203038644016,0.0291988268489,0.085403008941,0.0198052145566,0.0124821135651,0.0908843605427,1,0.01,10,15,1,10,20,0.00106192043792,0.000960381809141,0.00106192043792,0.0143913906999,0.00108579467806,0.00551830874292,0.00106192043792,0.000960381809141,0.00106192043792,0.554544537791,0.214386423497,0.203905099222
574,0.159579422861,0.0166522610954,0.0437617284324,0.06369438517,0.0653932090655,0.000494047550242,0.03022903232,0.2342649805,0.0642952187129,0.000997092186837,0.102966141371,0.217672480734,1,0.01,10,15,1,10,20,2.80317037658e-08,2.53513704178e-08,2.80317037658e-08,3.32917850132e-06,5.05743113129e-09,0.00164678848976,2.80317037658e-08,2.53513704178e-08,2.80317037658e-08,0.569088054426,0.220008934051,0.209252725968
575,0.110164798444,0.0663607640668,0.0496792305702,0.095902991425,0.195167765864,0.0836342037131,0.108577151445,0.107945189004,0.0457786779492,0.0387708075505,0.0572123387668,0.0408060812022,1,0.01,10,15,1,10,20,7.78529658454e-07,7.04088267969e-07,7.78529658454e-07,5.01834588756e-09,0.00842806366131,0.00221771198932,7.78529658454e-07,7.04088267969e-07,7.78529658454e-07,0.56395778562,0.218025576708,0.207366334708
576,0.00461621265381,0.105767784716,0.0288257189267,0.0685334640993,0.270920325285,0.0214567059991,0.0173231083059,0.0872338664891,0.0158046919007,0.113321478959,0.222459608451,0.0437370342147,1,0.01,10,15,1,10,20,4.509824289e-07,4.07860424841e-07,4.509824289e-07,0.0217073804924,0.000706953435975,5.57639652761e-05,4.509824289e-07,4.07860424841e-07,4.509824289e-07,4.42279086193e-06,0.501008551184,0.476514308481
577,0.0861060552413,0.179604112701,0.00283352535721,0.0271247782207,0.108227558547,0.0327944956314,0.0362017663444,0.107836244207,0.175307195506,0.0987790044202,0.0925278795459,0.0526573842778,1,0.01,10,15,1,10,20,3.18664019729e-09,2.88194027393e-09,3.18664019729e-09,0.00597630246273,0.00124748060371,0.00468964263096,3.18664019729e-09,2.88194027393e-09,3.18664019729e-09,0.563237758777,0.217747214973,0.207101582042
578,0.204602591799,0.048285600129,0.0429298299871,0.105928514565,0.0215156923582,0.00685737089292,0.0248694067695,0.103759031742,0.0548534701673,0.153171301253,0.191793444705,0.0414337456314,1,0.01,10,15,1,10,20,9.73135223223e-09,8.80086052443e-09,9.73135223223e-09,1.27613290717e-07,0.000449580787356,0.00044943430717,9.73135223223e-09,8.80086052443e-09,9.73135223223e-09,0.569516195233,0.220174452905,0.209410152627
579,0.0105981002759,0.0473858923139,0.0721538754852,0.0139411100587,0.0784040975258,0.130479551896,0.0572127752088,0.0320065617958,0.335863564642,0.0741377105608,0.144773534783,0.00304322545375,1,0.01,10,15,1,10,20,5.2817573714e-07,4.77672669124e-07,5.2817573714e-07,0.0456107998666,3.78421707376e-07,0.00260139943686,5.2817573714e-07,4.77672669124e-07,5.2817573714e-07,0.542544459664,0.209747204,0.199492690562
580,0.211071815895,9.60967242489e-05,0.00436214944861,0.0348290342502,0.00894809142625,0.0900876609809,0.191870280648,0.0598531857623,0.0342952168583,0.0229200697223,0.178113688826,0.163552709458,1,0.01,10,15,1,10,20,2.54544910803e-08,2.30205854615e-08,2.54544910803e-08,0.00950503371309,0.000928989583499,5.36426411463e-09,2.54544910803e-08,2.30205854615e-08,2.54544910803e-08,0.401161832864,0.301573950864,0.286830039752
581,0.0436310769701,0.233646900984,0.164989909,0.146630655577,0.0400476597639,0.0420374072759,0.0629026570482,0.0155918424293,0.104788851526,0.0808324411143,0.0233376796824,0.0415629186292,1,0.01,10,15,1,10,20,1.80156213269e-09,1.62930049982e-09,1.80156213269e-09,1.39963109521e-07,0.000800235727883,0.00152649277056,1.80156213269e-09,1.62930049982e-09,1.80156213269e-09,0.568702275836,0.21985988312,0.209110962118
582,0.0548924067487,0.306985550417,0.0117593760677,0.0391685951154,0.0543588764234,0.050537926825,0.081485269596,0.0134223724912,0.0617881403517,0.202146933105,0.0865941722676,0.0368603805909,1,0.01,10,15,1,10,20,4.94709865681e-11,4.47406734852e-11,4.94709865681e-11,5.24481374697e-10,0.0018711281783,1.99460981984e-10,4.94709865681e-11,4.47406734852e-11,4.94709865681e-11,0.568962167202,0.219960266162,0.209206437447
583,0.10989394829,0.0292865859742,0.00925987905634,0.116831609889,0.163837721488,0.0473376519373,0.0115218838295,0.0874523203405,0.0758242746401,0.0121371749346,0.202615122353,0.134001827268,1,0.01,10,15,1,10,20,1.15049769733e-08,1.0404894948e-08,1.15049769733e-08,0.0229050057915,0.0024930971856,1.52438081454e-08,1.15049769733e-08,1.0404894948e-08,1.15049769733e-08,0.555551068613,0.214775547414,0.204275198922
584,0.0428642678388,0.086461949795,0.00353088602802,0.100228876761,0.138920023675,0.0710618122266,0.102377662097,0.012582770697,0.110393807569,0.0577230603614,0.132126729154,0.141728153796,1,0.01,10,15,1,10,20,1.67721370959e-06,1.51684201492e-06,1.67721370959e-06,5.00120904316e-06,0.000901755028462,0.000606799604504,1.67721370959e-06,1.51684201492e-06,1.67721370959e-06,0.569160440768,0.220036918546,0.209279342305
585,0.0126182239846,0.189370363592,0.066850334215,0.0743570904789,0.11054100966,0.0992330673199,0.0421936024126,0.0995237521317,0.200226436634,0.0137116777446,0.0386233456225,0.0527510962038,1,0.01,10,15,1,10,20,6.82055759573e-05,6.16839003114e-05,6.82055759573e-05,9.25156865677e-07,0.0137704852627,0.000157629588139,6.82055759573e-05,6.16839003114e-05,6.82055759573e-05,0.561862971438,0.217215723414,0.206596075036
586,0.00608780446562,0.148330321939,0.0441223665214,0.0188713904806,0.0112074628493,0.0870937088159,0.0134972191689,0.139284523779,0.39633660265,0.0622147468579,0.0561373887975,0.0168164636746,1,0.01,10,15,1,10,20,0.000114824480017,0.0001038452015,0.000114824480017,0.0177725785097,3.1911655474e-09,2.11669540096e-05,0.000114824480017,0.0001038452015,0.000114824480017,0.559505613568,0.216304370965,0.205729278489
587,0.0635247114773,0.0860901826007,0.0898210997707,0.0420787960484,0.0417952496899,0.287057691096,0.0568164838035,0.0527608639992,0.11485494167,0.100432279925,0.00920023736183,0.0555674625576,1,0.01,10,15,1,10,20,0.000146031142549,0.000132067947715,0.000146031142549,6.19223068063e-05,0.00144615339064,7.614878465e-07,0.000146031142549,0.000132067947715,0.000146031142549,0.5686851512,0.219853172023,0.209104579126
588,0.0604810231499,0.195508693998,0.0996657071985,0.0237581738029,0.0147323977923,0.11040038421,0.0385397922808,0.0438485591103,0.153972685467,0.0947212376214,0.138567420818,0.0258039245503,1,0.01,10,15,1,10,20,1.32007604266e-07,1.19385311063e-07,1.32007604266e-07,0.000504410695814,1.26188799933e-07,0.00387865113798,1.32007604266e-07,1.19385311063e-07,1.32007604266e-07,0.403614524107,0.303417788584,0.288583732486
589,0.0152461974995,0.0381512527467,0.161393824534,0.089320751794,0.235190704477,0.0371013127882,0.0471116034064,0.0521446405564,0.206311021671,0.0555991910899,0.059699070185,0.00273042925187,1,0.01,10,15,1,10,20,1.66682547917e-07,1.50744708552e-07,1.66682547917e-07,0.000124502804954,0.0138292023346,0.001643884829,1.66682547917e-07,1.50744708552e-07,1.66682547917e-07,0.561137137808,0.216935116781,0.206329187224
590,0.00982264082911,0.073010333632,0.0286459475699,0.0226514539048,0.0792423689408,0.186500459242,0.112182787249,0.125042256692,0.0598628956205,0.221877736801,0.0760576312819,0.00510348823819,1,0.01,10,15,1,10,20,1.731874107e-07,1.56627589855e-07,1.731874107e-07,6.54624512606e-06,0.000173325972124,0.00168563822379,1.731874107e-07,1.56627589855e-07,1.731874107e-07,0.568964796598,0.219961282684,0.209207404271
591,0.0239805798357,0.0109341816941,0.12040172932,0.0418028814481,0.0040051414091,0.0810146399513,0.162966496848,0.0211829103004,0.0802211036998,0.22366311119,0.0810135873082,0.148813636995,1,0.01,10,15,1,10,20,1.277433949e-06,1.15528836548e-06,1.277433949e-06,0.00634061099922,9.75508573972e-06,1.48527572613e-06,1.277433949e-06,1.15528836548e-06,1.277433949e-06,0.566403796886,0.218971202481,0.20826572896
592,0.141901585744,0.0447000649591,0.00305843863588,0.202633690296,0.235204728731,0.093804141543,0.190212130672,0.0161369110444,0.0179319830283,0.0210040780082,0.00242253487603,0.0309897124609,1,0.01,10,15,1,10,20,1.52048666895e-08,1.37510088869e-08,1.52048666895e-08,4.83092820998e-08,1.93704701772e-08,2.91914068297e-08,1.52048666895e-08,1.37510088869e-08,1.52048666895e-08,0.570028602217,0.22037260013,0.20959861246
593,0.311828281626,0.0413604436288,0.104520256387,0.0278531620222,0.221701184895,0.103363339967,0.0690119719901,0.00913013880307,0.0299966996821,0.0201149235013,0.023529288807,0.0375903086903,1,0.01,10,15,1,10,20,0.00102444773173,0.000926492165357,0.00102444773173,0.00087049456506,2.62421927578e-05,0.00300354992703,0.00102444773173,0.000926492165357,0.00102444773173,0.564413375992,0.218201707539,0.207533854526
594,0.0825455534147,0.09987547354,0.00832061701128,0.139400832914,0.0888304043714,0.148598754897,0.187632868057,0.0200320213119,0.0453140755862,0.0413585696583,0.0311877908032,0.106903038435,1,0.01,10,15,1,10,20,2.96743141464e-06,2.68369178022e-06,2.96743141464e-06,0.000381920866581,0.00168163632324,9.49392937713e-05,2.96743141464e-06,2.68369178022e-06,2.96743141464e-06,0.392386967686,0.310304010659,0.295133288062
595,0.202956320129,0.0103253603634,0.0256168538773,0.0479491347716,0.155335400144,0.0268189810434,0.209620519222,0.104064802594,0.126800465769,0.0484379292897,0.00915370179781,0.0329205309989,1,0.01,10,15,1,10,20,1.12707791254e-06,1.01930906124e-06,1.12707791254e-06,3.61549660235e-06,0.0272150147669,2.42269962153e-06,1.12707791254e-06,1.01930906124e-06,1.12707791254e-06,0.55450824953,0.214372394487,0.203891756089
596,0.0730103580232,0.134847853265,0.0238601896302,0.00919291306249,0.124353029389,0.0817977150833,0.148701831323,0.204971425506,0.0873582963873,0.0131533440135,0.0457327843396,0.0530202599773,1,0.01,10,15,1,10,20,0.000157152248069,0.000142125676201,0.000157152248069,0.0178672402708,0.0216914857667,0.00163033424864,0.000157152248069,0.000142125676201,0.000157152248069,0.546029458855,0.211094501578,0.200774118936
597,0.026062872723,0.0139366780557,0.069410936712,0.201015358137,0.0552010151688,0.10730357866,0.121623163612,0.09701899648,0.0735875132483,0.0248194845726,0.0751156083906,0.134904794241,1,0.01,10,15,1,10,20,6.63257296897e-08,5.99838010433e-08,6.63257296897e-08,7.3582144422e-08,1.39435413836e-11,9.6731913381e-08,6.63257296897e-08,5.99838010433e-08,6.63257296897e-08,0.570028370263,0.220372529169,0.209598544969
598,0.00658816503048,0.0373108403963,0.0031898574713,0.157059700101,0.345367033171,0.0896769410992,0.0108489984702,0.0423168050124,0.124253091097,0.0809930909872,0.00567406627011,0.0967214108938,1,0.01,10,15,1,10,20,1.85961436089e-07,1.68180189442e-07,1.85961436089e-07,0.0601842784344,8.69145593315e-05,0.00347806486956,1.85961436089e-07,1.68180189442e-07,1.85961436089e-07,0.533689238206,0.206323783286,0.196236640439
599,0.0731584518025,0.0331649416723,0.0299139281014,0.00196288802334,0.117011120824,0.176263009143,0.0285827853826,0.195591902874,0.0312932645255,0.251260908399,0.0589905296645,0.0028062695873,1,0.01,10,15,1,10,20,5.05683966569e-12,4.57331514985e-12,5.05683966569e-12,9.11644483067e-11,0.00136525505026,0.000606205540765,5.05683966569e-12,4.57331514985e-12,5.05683966569e-12,0.568904975348,0.219938155843,0.209185408098
600,0.0376733366893,0.188054413998,0.0270883694775,0.223993045867,0.108338991275,0.00750712787676,0.0375084803944,0.29161868114,0.0185071227336,0.0121813819798,0.0472569478649,0.000272100703281,1,0.01,10,15,1,10,20,2.62277582259e-09,2.37199144072e-09,2.62277582259e-09,0.00033733878278,0.032806146255,0.0235458647421,2.62277582259e-09,2.37199144072e-09,2.62277582259e-09,0.382393941629,0.28748592127,0.273430772086
601,0.0223111330291,0.032887955429,0.0370994050179,0.132074247937,0.030379672254,0.081372636127,0.0805135127188,0.0351718728854,0.161737077011,0.124649338024,0.22206828027,0.0397348692967,1,0.01,10,15,1,10,20,6.08630804321e-09,5.50434789726e-09,6.08630804321e-09,0.0416448225714,1.29972289152e-06,1.35987001195e-05,6.08630804321e-09,5.50434789726e-09,6.08630804321e-09,0.546281505215,0.211191942476,0.200866795961
602,0.151826275227,0.000501561523479,0.0692043515474,0.00094296355256,0.194855587584,0.257215116113,0.087795112215,0.00806503494098,0.0474325289625,0.143387364039,0.0359370032244,0.00283710107222,1,0.01,10,15,1,10,20,1.41530694441e-08,1.27997823116e-08,1.41530694441e-08,0.0767393108298,0.00816283766032,2.22623870488e-07,1.41530694441e-08,1.27997823116e-08,1.41530694441e-08,0.521631924076,0.201662436402,0.191803186196
603,0.105311105235,0.213232184422,0.0321404405296,0.135402208029,0.287476170489,0.0138041358874,0.0885322383837,0.0119952311178,0.0106476543699,0.0177319775631,0.0139115921492,0.0698150618244,1,0.01,10,15,1,10,20,2.7543153121e-08,2.49095339718e-08,2.7543153121e-08,0.129851699128,0.00738175329926,9.21941995418e-08,2.7543153121e-08,2.49095339718e-08,2.7543153121e-08,0.491801605552,0.190130061878,0.180834627958
604,0.178142935324,0.0364697832123,0.104838051706,0.274552331057,0.0271025951949,0.117727594772,0.0524120085204,0.01111576184,0.0341657609091,0.0337323457053,0.0838969443353,0.0458438874229,1,0.01,10,15,1,10,20,4.60506718649e-06,4.16474021767e-06,4.60506718649e-06,0.095911669143,0.0012998994683,0.00108325922203,4.60506718649e-06,4.16474021767e-06,4.60506718649e-06,0.513982637253,0.198705228942,0.188990556223
605,0.130826033049,0.085389837959,0.0851335195651,0.0775714407268,0.143590166392,0.112409609132,0.0226715679789,0.117718548268,0.0185675713103,0.047821885709,0.0303387817621,0.127961038147,1,0.01,10,15,1,10,20,0.000798315428586,0.000721982163816,0.000798315428586,0.0454371269015,0.0031747757871,0.00010401592135,0.000798315428586,0.000721982163816,0.000798315428586,0.539615937525,0.208615039955,0.198415877868
606,0.00161204798818,0.0291259074873,0.189405439118,0.207316796301,0.0170786403659,0.122006816999,0.045438563692,0.0667640908829,0.0661072673007,0.0797859785346,0.141411572369,0.033946878962,1,0.01,10,15,1,10,20,9.02994768882e-08,8.16652282803e-08,9.02994768882e-08,0.0110401286156,1.04973091782e-06,0.00760188785775,9.02994768882e-08,8.16652282803e-08,9.02994768882e-08,0.559401381668,0.216264075006,0.205690952594
607,0.126376780021,0.0510156890449,0.0377513247827,0.172455828457,0.000104763906511,0.350630242568,0.00610491984946,0.031110960809,0.0318013360371,0.0712057753995,0.0444730254701,0.0769693536538,1,0.01,10,15,1,10,20,1.86716796425e-06,1.68863323789e-06,1.86716796425e-06,0.0547997764213,9.0944892974e-06,0.00307044304829,1.86716796425e-06,1.68863323789e-06,1.86716796425e-06,0.53702970833,0.207615206055,0.197464925718
608,0.0696853430335,0.0864380432864,0.182116615977,0.0864550728507,0.0476731978885,0.0239276794656,0.0185422462418,0.0605321967142,0.0784996078702,0.121869676031,0.12834818027,0.0959121403703,1,0.01,10,15,1,10,20,1.32623422327e-07,1.19942245879e-07,1.32623422327e-07,0.0166166234824,2.93521683137e-07,0.000911558473403,1.32623422327e-07,1.19942245879e-07,1.32623422327e-07,0.560036590302,0.216509646097,0.205924517746
609,0.316587907683,0.0570907737118,0.0247534273368,0.140707208065,0.00556883160308,0.0173182729537,0.0322242145701,0.0160640617037,0.0283555241792,0.18649862398,0.0700059776097,0.104825176604,1,0.01,10,15,1,10,20,2.83807875479e-16,2.56670755329e-16,2.83807875479e-16,0.0621343554057,4.06718483655e-09,1.02840799939e-10,2.83807875479e-16,2.56670755329e-16,2.83807875479e-16,0.53461039243,0.206679900687,0.196575347307
610,0.0276824117619,0.0647953314436,0.0764859016495,0.0126291065463,0.0277873824846,0.139281617652,0.0575238834466,0.106671128722,0.129320507822,0.0309920713803,0.246137720403,0.0806929366875,1,0.01,10,15,1,10,20,2.11394005289e-05,1.91180949147e-05,2.11394005289e-05,0.000745332244516,5.82226778187e-05,0.000362613160345,2.11394005289e-05,1.91180949147e-05,2.11394005289e-05,0.569294019317,0.220088559894,0.209328458915
611,0.10853672143,0.00784364234796,0.260819514245,0.0723281324244,0.0299506161645,0.118790188823,0.226703522351,0.022984780626,0.0543848654024,0.0237736583256,0.0487004099865,0.0251839478741,1,0.01,10,15,1,10,20,0.000262493461304,0.00023739438121,0.000262493461304,0.0706014675211,0.000869493280997,7.89981699463e-08,0.000262493461304,0.00023739438121,0.000262493461304,0.52841905759,0.204286336162,0.19429880384
612,0.0406668217666,0.0902068499477,0.103204171922,0.109789148858,0.0308906471077,0.01459217133,0.00353368072395,0.0446933539396,0.0890293017242,0.0283178523182,0.376924563411,0.0681514369509,1,0.01,10,15,1,10,20,1.33597250084e-08,1.20822958247e-08,1.33597250084e-08,0.000112337609174,1.29430760632e-08,0.000940258428089,1.33597250084e-08,1.20822958247e-08,1.33597250084e-08,0.569428703029,0.220140628497,0.20937798189
613,0.185087931063,0.0785705199861,0.0120083531378,0.0851482324088,0.0416239703504,0.0818368725779,0.0943266278159,0.0227851342657,0.0164743827365,0.0668717857017,0.233942228024,0.0813239619324,1,0.01,10,15,1,10,20,4.17152594162e-06,3.77265328703e-06,4.17152594162e-06,0.0244697066097,7.90091677731e-07,0.000139276491453,4.17152594162e-06,3.77265328703e-06,4.17152594162e-06,0.555986317771,0.214944134151,0.204435543475
614,0.019328791172,0.0317121539208,0.0113606474006,0.226037142626,0.175532848714,0.10161555061,0.02408858756,0.189845537561,0.00587167822223,0.198578493466,0.0151973052961,0.000831263452077,1,0.01,10,15,1,10,20,1.71849373319e-05,1.55417492831e-05,1.71849373319e-05,2.46638276381e-11,1.65578010025e-05,9.53883850912e-09,1.71849373319e-05,1.55417492831e-05,1.71849373319e-05,0.569962418665,0.220346962485,0.209574228237
615,0.0096903690266,0.235499099585,0.0315822767886,0.0619004006467,0.00690254644668,0.038930181603,0.0522042910492,0.136951496025,0.0408643400728,0.106865792046,0.273177924856,0.0054312818544,1,0.01,10,15,1,10,20,2.23369557479e-08,2.02011423886e-08,2.23369557479e-08,0.000495525730024,2.36289906468e-08,0.00252052451983,2.23369557479e-08,2.02011423886e-08,2.23369557479e-08,0.392241087466,0.309948013422,0.294794695483
616,0.0492834547892,0.0560375690635,0.0841448707619,0.0749593590911,0.0251150076531,0.0673890130725,0.0199449745368,0.150851300306,0.196680617037,0.0702701487021,0.119080764208,0.0862429207793,1,0.01,10,15,1,10,20,6.44194642243e-05,5.82598087261e-05,6.44194642243e-05,0.000380016809892,0.0018799830925,0.000395511608542,6.44194642243e-05,5.82598087261e-05,6.44194642243e-05,0.392235658682,0.309943873947,0.294790758386
617,0.0814964195193,0.0314795769143,0.054536423121,0.0732904573613,0.160884992725,0.0219988601616,0.104500689265,0.0496885626668,0.0508435672374,0.213333719707,0.0882409919732,0.069705739348,1,0.01,10,15,1,10,20,1.00577660454e-09,9.09606332608e-10,1.00577660454e-09,0.0128496491309,0.00100524731136,2.2741483449e-10,1.00577660454e-09,9.09606332608e-10,1.00577660454e-09,0.562131071699,0.217319370736,0.206694655053
618,0.0713721420284,0.0469346433663,0.0141929440538,0.0669096621374,0.0773958954944,0.191131794942,0.0549378034807,0.0115401000416,0.176244663651,0.101026533688,0.180457962347,0.00785585476968,1,0.01,10,15,1,10,20,1.95057747481e-06,1.76406730413e-06,1.95057747481e-06,1.02728847129e-07,0.000540371783243,0.00137865244865,1.95057747481e-06,1.76406730413e-06,1.95057747481e-06,0.568928348412,0.219947191848,0.209194002334
619,0.238510881949,0.0305312610511,0.116205538569,0.0142843369726,0.0751364196692,0.109422948682,0.144189404567,0.00474603414559,0.060535275762,0.0489397931179,0.139733499661,0.0177646058538,1,0.01,10,15,1,10,20,2.62071625037e-09,2.37012880052e-09,2.62071625037e-09,0.0601951166877,0.00210572545239,4.56265659303e-09,2.62071625037e-09,2.37012880052e-09,2.62071625037e-09,0.380130398709,0.285769998658,0.271798740707
620,0.164591602092,0.029843200862,0.113736798328,0.0371779048707,0.05523468738,0.0230173432085,0.216654878276,0.0809472231479,0.0643182837415,0.180687587582,0.0230351211495,0.0107553693624,1,0.01,10,15,1,10,20,2.31544461671e-05,2.09404660703e-05,2.31544461671e-05,0.0157463754664,0.00374404382299,0.00244056905454,2.31544461671e-05,2.09404660703e-05,2.31544461671e-05,0.557450802331,0.215509982775,0.204973727833
621,0.0358495016812,0.187225202881,0.185718824603,0.0724354991515,0.0828658783442,0.017791319175,0.0668288930479,0.065140362063,0.0449538336419,0.0811881870468,0.0239371295076,0.136065368857,1,0.01,10,15,1,10,20,3.91984951312e-06,3.5450416364e-06,3.91984951312e-06,0.0209500574845,0.00253654421196,3.19547239082e-05,3.91984951312e-06,3.5450416364e-06,3.91984951312e-06,0.55660953174,0.215184748315,0.204664394044
622,0.198501811571,0.0306959105059,0.0952059290421,0.0743947965737,0.0711763040437,0.00853632183401,0.0353185735333,0.130589076945,0.0570639708104,0.23717138097,0.0460379419336,0.0153079822373,1,0.01,10,15,1,10,20,5.35810339033e-05,4.84577266226e-05,5.35810339033e-05,0.0129468510633,0.000263068805026,0.000730478098828,5.35810339033e-05,4.84577266226e-05,5.35810339033e-05,0.561904921312,0.217231941198,0.206611499934
623,0.366550445009,0.102673962387,0.0229034702528,0.0796553112781,0.11337633305,0.00608219165478,0.0182360637628,0.0297125597063,0.0946468313805,0.0354672691196,0.0990150926267,0.0316804697725,1,0.01,10,15,1,10,20,4.64003237429e-07,4.19636210677e-07,4.64003237429e-07,3.45806236862e-05,5.30561693124e-05,0.00719231077104,4.64003237429e-07,4.19636210677e-07,4.64003237429e-07,0.565877448755,0.218767716763,0.208072191632
624,0.0720408459213,0.0492258319309,0.294917610707,0.0037072534915,0.0501759915972,0.0475458548918,0.0731519501712,0.0105072501086,0.0987838648444,0.0433134398202,0.184618127159,0.0720119793571,1,0.01,10,15,1,10,20,5.58155424309e-06,5.04785760814e-06,5.58155424309e-06,0.000287345576402,0.0017081241177,2.07177769397e-05,5.58155424309e-06,5.04785760814e-06,5.58155424309e-06,0.568860998375,0.219921154384,0.209169237838
625,0.372302401888,0.0244545841658,0.136934874521,0.0388139550118,0.0637315422922,0.00472143440632,0.0722264461182,0.0811120620224,0.0672883784937,0.0425849446924,0.0831193122019,0.0127100641865,1,0.01,10,15,1,10,20,5.11586877454e-05,4.62670001779e-05,5.11586877454e-05,0.155539021652,0.000279120924487,5.14218958812e-05,5.11586877454e-05,4.62670001779e-05,5.11586877454e-05,0.481009234641,0.185957740914,0.176866291221
626,0.0169416463752,0.0214646713345,0.0420048915734,0.168429561382,0.26405160239,0.128422125938,0.0921364829243,0.0473817115796,0.0779839631861,0.130681950585,0.00182309396997,0.00867829876102,1,0.01,10,15,1,10,20,1.27740111329e-07,1.15525866946e-07,1.27740111329e-07,7.90437721231e-05,0.0104771321913,0.000321809758002,1.27740111329e-07,1.15525866946e-07,1.27740111329e-07,0.563827576931,0.217975238145,0.20731845719
627,0.0350372259217,0.0194183237482,0.0240702019111,0.10442861996,0.122628728344,0.287606629837,0.033313401889,0.138180269233,0.0439258952319,0.0784155674018,0.0222946719345,0.0906804645887,1,0.01,10,15,1,10,20,0.000217937054065,0.000197098365177,0.000217937054065,0.000732707723356,0.0005641735288,0.00037454143786,0.000217937054065,0.000197098365177,0.000217937054065,0.568354380617,0.219725296411,0.208982955336
628,0.0716932954943,0.241391733449,0.162182980566,0.0882503985194,0.00834956060488,0.10223634208,0.0155018663592,0.0357509763309,0.0084532452275,0.0624823655548,0.0169579429407,0.186749292873,1,0.01,10,15,1,10,20,7.20311310315e-06,6.51436637475e-06,7.20311310315e-06,0.055978381772,1.40850323448e-05,7.59749824856e-05,7.20311310315e-06,6.51436637475e-06,7.20311310315e-06,3.34720875562e-06,0.483768883714,0.460117486105
629,0.0608990026897,0.0986684944273,0.0360989725758,0.0723765814872,0.0125428806727,0.191634852196,0.0371399365986,0.0407730825355,0.184183149414,0.0424167206338,0.193684926916,0.029581399853,1,0.01,10,15,1,10,20,3.83667616704e-05,3.46982115309e-05,3.83667616704e-05,2.69805383717e-05,6.11707801064e-05,0.00155806462526,3.83667616704e-05,3.46982115309e-05,3.83667616704e-05,0.568963335633,0.219960717877,0.209206867077
630,0.132321045746,0.0442962355337,0.265607982377,0.020789090036,0.0399624729503,0.109868049699,0.00677222362219,0.0539554685035,0.196369237402,0.0398824366121,0.0403476899467,0.0498280675711,1,0.01,10,15,1,10,20,1.61655269043e-05,1.46198127653e-05,1.61655269043e-05,0.00036119477374,0.00467250000749,0.00973560666057,1.61655269043e-05,1.46198127653e-05,1.61655269043e-05,0.399362733432,0.300226037601,0.285548025792
631,0.0218998935191,0.0992396285096,0.15106706757,0.0158887270299,0.0190435879035,0.0920455299515,0.0645339425782,0.0703250172049,0.314395268394,0.092707339851,0.0389154654751,0.019938532014,1,0.01,10,15,1,10,20,0.000246074878174,0.000222545708931,0.000246074878174,0.0459417194804,0.000221121828628,0.0147711109545,0.000246074878174,0.000222545708931,0.000246074878174,0.534479865181,0.206629438969,0.196527352656
632,0.0717791484928,0.012195373684,0.0214421715028,0.16196258085,0.294698536151,0.185791726361,0.0509357907754,0.0750846577471,0.0178411055803,0.0378704866978,0.0328422628922,0.0375561592653,1,0.01,10,15,1,10,20,2.7434508627e-05,2.48112778389e-05,2.7434508627e-05,0.0241009122998,0.033951577195,0.000131710563318,2.7434508627e-05,2.48112778389e-05,2.7434508627e-05,0.381728969225,0.286978915943,0.272948554183
633,0.102415717439,0.0499016575915,0.0989155132589,0.0306437586101,0.105600005687,0.0780380402372,0.0414864289775,0.0370951133339,0.0551375931949,0.322590563186,0.00549828593168,0.0726773225518,1,0.01,10,15,1,10,20,1.77538125491e-09,1.60562298324e-09,1.77538125491e-09,0.0157683318027,0.000300367444666,0.000471206313269,1.77538125491e-09,1.60562298324e-09,1.77538125491e-09,0.560600536849,0.216727667329,0.206131879949
634,0.0483914840773,0.0962899433111,0.0360175523539,0.0329417249283,0.229443413567,0.232855986233,0.129719770525,0.0875847144041,0.0245804502696,0.0512146157484,0.0114816976764,0.019478646906,1,0.01,10,15,1,10,20,0.00028954135678,0.000261856013045,0.00028954135678,0.000587703786436,0.0193988337554,0.000275941068888,0.00028954135678,0.000261856013045,0.00028954135678,0.557519850484,0.215536676729,0.204999116724
635,0.0144298915227,0.0717652165588,0.256538901878,0.0945048274095,0.0579546385946,0.0150560712435,0.00840070540348,0.00138600434661,0.0339567407662,0.107926232112,0.318345377609,0.0197353925555,1,0.01,10,15,1,10,20,0.000103419981101,9.35311771051e-05,0.000103419981101,0.00102573059259,7.33819364372e-05,0.000409530432512,0.000103419981101,9.35311771051e-05,0.000103419981101,0.392598160865,0.310229773524,0.295062680371
636,0.0869196202017,0.243264200947,0.0662707215079,0.0104524894486,0.0265006157411,0.182581957797,0.0865356513579,0.19013251107,0.00194480110445,0.0171235529022,0.080682445704,0.00759143221837,1,0.01,10,15,1,10,20,0.000119201552896,0.000107803747752,0.000119201552896,0.000465050679691,0.000428179618642,0.0172450745437,0.000119201552896,0.000107803747752,0.000119201552896,0.55929471343,0.21622283716,0.205651730861
637,0.0463416220353,0.00659655782424,0.00459389740007,0.0104938011132,0.154212246581,0.128532347688,0.038533685059,0.0724111140949,0.0343373166855,0.00924217894733,0.294330925126,0.200374307445,1,0.01,10,15,1,10,20,3.70687615242e-09,3.35243234652e-09,3.70687615242e-09,1.04793353137e-11,0.000587882253821,2.32798417437e-09,3.70687615242e-09,3.35243234652e-09,3.70687615242e-09,0.56969364126,0.22024305338,0.209475399235
638,0.0221969128943,0.158517069704,0.0509442680074,0.0318837335808,0.124614265021,0.0571746489895,0.0504701285741,0.140291482365,0.0170611343191,0.192278930547,0.0140668286327,0.140500597365,1,0.01,10,15,1,10,20,3.19902902205e-08,2.89314450497e-08,3.19902902205e-08,0.00665056567875,2.51749829679e-09,0.000918865790325,3.19902902205e-08,2.89314450497e-08,3.19902902205e-08,0.565713863632,0.218704474901,0.208012041656
639,0.0272337953907,0.0681902447369,0.0485630207771,0.0319441217887,0.0147371036707,0.276286937091,0.115849592243,0.0425352354264,0.16059086805,0.0344031986178,0.168374245456,0.0112916367513,1,0.01,10,15,1,10,20,1.5106049226e-10,1.36616401442e-10,1.5106049226e-10,0.0805875982261,5.48570902871e-09,0.00133998795417,1.5106049226e-10,1.36616401442e-10,1.5106049226e-10,0.523327680293,0.202318014242,0.192426712922
640,0.208585301116,0.0315233542882,0.00924029355772,0.171912506027,0.0961229637016,0.00540605256506,0.131540815333,0.0920086914173,0.0394490115277,0.00965730727096,0.140159542686,0.06439416051,1,0.01,10,15,1,10,20,3.42431103407e-05,3.09688551847e-05,3.42431103407e-05,2.28172359601e-08,3.01156032505e-05,7.8162274328e-05,3.42431103407e-05,3.09688551847e-05,3.42431103407e-05,0.569853645643,0.220304910932,0.209534232579
641,0.0265286486059,0.0727165075695,0.020712662037,0.155564167599,0.00513475526393,0.0149324999509,0.0101238502541,0.0446452103524,0.0332568118334,0.394782850536,0.0934257166609,0.128176319337,1,0.01,10,15,1,10,20,5.80518097966e-06,5.25010162018e-06,5.80518097966e-06,0.00492368924074,0.000117208312529,0.00215887088268,5.80518097966e-06,5.25010162018e-06,5.80518097966e-06,0.565905467656,0.218778548845,0.208082494135
642,0.056017442157,0.110365884524,0.202979588531,0.0218322329339,0.0421852530209,0.0761843112241,0.0186819166515,0.136077212905,0.00280613717945,0.154078040035,0.0890324162346,0.0897595646033,1,0.01,10,15,1,10,20,3.22293937641e-06,2.91476860086e-06,3.22293937641e-06,7.47275482533e-08,0.000924321273731,0.000218363265289,3.22293937641e-06,2.91476860086e-06,3.22293937641e-06,0.569366687333,0.220116653284,0.209355178822
643,0.171399603806,0.00146488474917,0.0752112108447,0.206996534954,0.0836140908729,0.0153575666208,0.0712139339868,0.126265781472,0.0997653261576,0.0015064232069,0.0298082962738,0.117396347055,1,0.01,10,15,1,10,20,0.00110915116233,0.00100309642969,0.00110915116233,0.091767522955,0.00727270001131,0.00208549748954,0.00110915116233,0.00100309642969,0.00110915116233,0.50871161525,0.196667456538,0.187052410247
644,0.0185770102674,0.0687308403906,0.0359870371244,0.151448229054,0.0135359055214,0.0320826546676,0.00608714242754,0.024016410235,0.0848183346136,0.138397894838,0.20122316265,0.225095378211,1,0.01,10,15,1,10,20,1.32819074244e-06,1.20119189965e-06,1.32819074244e-06,0.00264830970222,0.00216827045975,2.82577149819e-06,1.32819074244e-06,1.20119189965e-06,1.32819074244e-06,0.567277166796,0.219308846509,0.208586865615
645,0.119366700865,0.0742604189791,0.167356242194,0.0211056280064,0.0090520513705,0.0804202345793,0.117685394454,0.109515467175,0.131567760345,0.0187849839831,0.0912786480215,0.0596064700276,1,0.01,10,15,1,10,20,4.68912135543e-05,4.24075730139e-05,4.68912135543e-05,2.05379772757e-10,7.53028072243e-05,0.00135052028903,4.68912135543e-05,4.24075730139e-05,4.68912135543e-05,0.569060739932,0.219998374292,0.209242682475
646,0.00427771656511,0.109656994544,0.130389130188,0.152945299741,0.00881833398606,0.0890179573328,0.0871455382509,0.0440745909136,0.157745957822,0.113594079175,0.0827781425677,0.019556258915,1,0.01,10,15,1,10,20,7.96983700941e-07,7.20777773205e-07,7.96983700941e-07,0.0278605597532,8.97146052438e-06,9.73511789286e-06,7.96983700941e-07,7.20777773205e-07,7.96983700941e-07,0.394088268181,0.2962558735,0.281771962496
647,0.136837039917,0.0905977892566,0.082344127807,0.0345928006551,0.019061800858,0.107537449911,0.0669479086086,0.120790541955,0.0247327526442,0.00698457648742,0.124423943125,0.185149268776,1,0.01,10,15,1,10,20,7.28395709894e-09,6.58748023542e-09,7.28395709894e-09,0.000380830852784,5.76854758635e-08,0.00155158315597,7.28395709894e-09,6.58748023542e-09,7.28395709894e-09,0.39248375881,0.310379059454,0.295204667731
648,0.131469656527,0.0327305511156,0.013272721549,0.0990619861606,0.0590485253057,0.0920889601743,0.046378601106,0.0167458878075,0.0416642993081,0.151378764271,0.198744770375,0.117415276301,1,0.01,10,15,1,10,20,1.14252511615e-06,1.0332792353e-06,1.14252511615e-06,1.20855936484e-07,1.21622918233e-06,0.000163002444448,1.14252511615e-06,1.0332792353e-06,1.14252511615e-06,0.569931303317,0.220334933319,0.209562787176
649,0.0903484681636,0.00980971065449,0.0483651347771,0.0935414743106,0.0183279070506,0.107780527603,0.0105453306114,0.0284991278505,0.13401126137,0.263833714779,0.0913622488582,0.103575093971,1,0.01,10,15,1,10,20,2.48931873091e-06,2.25129523921e-06,2.48931873091e-06,5.68957082061e-09,0.000354610855346,5.57829949924e-05,2.48931873091e-06,2.25129523921e-06,2.48931873091e-06,0.56978658258,0.220278984412,0.209509573603
650,0.215046346052,0.205562222738,0.105602238038,0.0389332275081,0.00422949597107,0.118729343321,0.0124725035544,0.0655744540469,0.0560569829304,0.024697193469,0.111276996692,0.0418189956791,1,0.01,10,15,1,10,20,9.45534538977e-05,8.55124488352e-05,9.45534538977e-05,8.19043117531e-05,5.39021929472e-05,0.00018226446125,9.45534538977e-05,8.55124488352e-05,9.45534538977e-05,0.569534373197,0.220181480489,0.209416836634
651,0.144104761638,0.129292127709,0.0578050400408,0.0780657769316,0.0146535591172,0.0791701986082,0.111484554378,0.0174166647221,0.00419548956223,0.173589952794,0.107111695186,0.0831101793129,1,0.01,10,15,1,10,20,6.28307071824e-07,5.68229653359e-07,6.28307071824e-07,0.0157912647051,0.000476316666121,0.00115525741759,6.28307071824e-07,5.68229653359e-07,6.28307071824e-07,0.398326421658,0.299443419796,0.284803670069
652,0.0746731479919,0.244863840934,0.0753536404646,0.227352187779,0.0246955137688,0.026311721062,0.247453645243,0.019733350494,0.0224786631108,0.021451121465,0.00100753655859,0.0146256311274,1,0.01,10,15,1,10,20,1.10248826429e-06,9.97070624128e-07,1.10248826429e-06,1.57773068425e-06,0.00417304942944,0.114608626242,1.10248826429e-06,9.97070624128e-07,1.10248826429e-06,0.502315242945,0.194194624713,0.184700474846
653,0.06340992063,0.186009201463,0.0154209125844,0.0331900295188,0.057011981739,0.00364528236035,0.235496185728,0.0702731341743,0.0687043107784,0.0282458688324,0.194352109541,0.0442410626502,1,0.01,10,15,1,10,20,9.99810619162e-09,9.04210802373e-09,9.99810619162e-09,0.0615718044006,0.0037690534982,1.32847078133e-05,9.99810619162e-09,9.04210802373e-09,9.99810619162e-09,0.532774990381,0.205970335893,0.195900473043
654,0.185312107322,0.0716182152682,0.0631265920897,0.0885215006773,0.0736132355959,0.0483760403756,0.0464952123522,0.0704675964074,0.0334204323773,0.130280205214,0.0896871738318,0.0990816884881,1,0.01,10,15,1,10,20,1.12533397161e-06,1.01773187233e-06,1.12533397161e-06,0.054941674244,1.78370613906e-05,0.000268680632547,1.12533397161e-06,1.01773187233e-06,1.12533397161e-06,0.538543380473,0.208200390355,0.198021500434
655,0.242554749265,0.0683364926785,0.00134043864502,0.0174107625902,0.0362929947073,0.0505923925102,0.00240858096043,0.123416375135,0.169901216668,0.130940549814,0.00714907506039,0.149656371966,1,0.01,10,15,1,10,20,2.64879383826e-05,2.39552166772e-05,2.64879383826e-05,7.69450161652e-05,7.67385284308e-05,4.52727880411e-05,2.64879383826e-05,2.39552166772e-05,2.64879383826e-05,0.569827647957,0.22029486025,0.209524673273
656,0.0980791244954,0.128366332274,0.0199002693427,0.0340069988758,0.0280452951479,0.0318731473287,0.156644858422,0.000165362898397,0.380547725471,0.0538452945593,0.0603755830529,0.00815000813251,1,0.01,10,15,1,10,20,0.0004752351005,0.000429794106307,0.0004752351005,0.000909590648573,0.00140215931882,0.00423303399818,0.0004752351005,0.000429794106307,0.0004752351005,0.38976352802,0.307994484789,0.292936674611
657,0.0318597109297,0.146726172979,0.0149480918263,0.433022012207,0.128597828098,0.00916746832562,0.00352753763427,0.00160739353317,0.0627122362358,0.131162265627,0.0150536997246,0.0216155828801,1,0.01,10,15,1,10,20,1.37981666889e-05,1.24788146214e-05,1.37981666889e-05,6.6167949092e-05,5.81685556874e-05,0.00564811232511,1.37981666889e-05,1.24788146214e-05,1.37981666889e-05,0.566692614812,0.219082859233,0.208371926828
658,0.15756053125,0.022452518731,0.0292805718291,0.0407021880329,0.0396340071465,0.0195890683811,0.143534131613,0.0197722339745,0.20965348627,0.0973547196123,0.130483541747,0.0899830014126,1,0.01,10,15,1,10,20,2.71787896829e-05,2.45800102097e-05,2.71787896829e-05,2.22988629928e-05,6.76771463603e-05,9.67286631433e-05,2.71787896829e-05,2.45800102097e-05,2.71787896829e-05,0.569832344235,0.220296675827,0.209526400087
659,0.163391623999,0.12171659496,0.064263644455,0.0321604995098,0.0791002568302,0.108054242212,0.126652932974,0.02349544784,0.0175502361673,0.00570709327929,0.129150453895,0.128756973879,1,0.01,10,15,1,10,20,5.67076748642e-07,5.12854046626e-07,5.67076748642e-07,3.61381628828e-10,5.20331317057e-07,2.13444308942e-07,5.67076748642e-07,5.12854046626e-07,5.67076748642e-07,0.570026301837,0.220371809514,0.209597860497
660,0.0377732864261,0.0267001545396,0.101731619608,0.193766329112,0.0161412960083,0.0618314840001,0.0545547117093,0.00493242920319,0.207673110854,0.0305877300008,0.0436244372285,0.220683411311,1,0.01,10,15,1,10,20,6.05991585216e-06,5.48047927276e-06,6.05991585216e-06,0.0420353821072,5.5985244622e-06,1.16405302334e-05,6.05991585216e-06,5.48047927276e-06,6.05991585216e-06,0.546037495603,0.211097608578,0.200777074035
661,0.000556223423541,0.0232239235912,0.138601908345,0.0311912118054,0.0321637560069,0.0275658548114,0.21383192808,0.026454700737,0.211563014399,0.00326508809453,0.0709616132285,0.220620777478,1,0.01,10,15,1,10,20,7.6007411558e-06,6.87397405809e-06,7.6007411558e-06,2.86777477066e-07,0.000693028371739,0.00101240115128,7.6007411558e-06,6.87397405809e-06,7.6007411558e-06,0.569031290016,0.219986988981,0.20923185379
662,0.138369483176,0.0361797227427,0.0378540462176,0.330932805648,0.0515944054512,0.022514044258,0.0140986966783,0.123742536346,0.0685721610511,0.0194872359373,0.04725712296,0.109397739534,1,0.01,10,15,1,10,20,1.20954116477e-09,1.0938873484e-09,1.20954116477e-09,0.126878136877,2.36302635239e-08,0.00126178320251,1.20954116477e-09,1.0938873484e-09,1.20954116477e-09,0.49698530684,0.192134076171,0.182740666253
663,0.0517763139964,0.0135083008464,0.0955455196576,0.12719153953,0.052190079824,0.198363497175,0.00873137097021,0.017918181581,0.109685189039,0.118963698496,0.140440681735,0.0656856271497,1,0.01,10,15,1,10,20,1.50816565233e-06,1.36395798211e-06,1.50816565233e-06,4.72500891204e-13,2.45271006674e-10,1.43915088746e-06,1.50816565233e-06,1.36395798211e-06,1.50816565233e-06,0.570022950382,0.220370363994,0.209596485649
664,0.132542219974,0.189429798179,0.0236698294786,0.00471555547134,0.153991059335,0.00747252433245,0.0733355923224,0.143009967164,0.0604071573263,0.156544573036,0.0390528390641,0.0158288843167,1,0.01,10,15,1,10,20,6.353693259e-09,5.74616629354e-09,6.353693259e-09,4.0402646488e-11,0.00433837293186,9.58237302967e-05,6.353693259e-09,5.74616629354e-09,6.353693259e-09,0.567501123955,0.219395428147,0.208669214288
665,0.144299464754,0.0721698631538,0.21557409256,0.0229227731688,0.106680308858,0.0338842569706,0.0107784180097,0.226544396033,0.0134037832135,0.0807308736212,0.0526528668702,0.0203589027871,1,0.01,10,15,1,10,20,0.000126018476644,0.000113968851397,0.000126018476644,0.0098090815181,0.0138260206389,0.000918461110013,0.000126018476644,0.000113968851397,0.000126018476644,0.555615259652,0.214800363613,0.20429880186
666,0.0533155378735,0.0524044934035,0.0227457415461,0.0548730127137,0.0264767868313,0.123937807605,0.100051363256,0.0752834366722,0.0443670201801,0.155563449834,0.165811938549,0.125169411536,1,0.01,10,15,1,10,20,0.00010658035489,9.63893625103e-05,0.00010658035489,0.000437328263788,1.91630686198e-05,0.000114219245141,0.00010658035489,9.63893625103e-05,0.00010658035489,0.392960164883,0.310515544425,0.29533447997
667,0.133587644707,0.146155681576,0.141949865245,0.0963962911691,0.221286270723,0.0509828623992,0.0122840976652,0.052656708604,0.0255812400085,0.0309417253904,0.040588288073,0.0475893244394,1,0.01,10,15,1,10,20,4.91000186824e-06,4.4405176779e-06,4.91000186824e-06,0.115005412512,0.00376544950106,0.00157735314498,4.91000186824e-06,4.4405176779e-06,4.91000186824e-06,0.501410562432,0.193844876034,0.184367825334
668,0.0312088364584,0.199288239629,0.047234736363,0.0548944582999,0.0360767229355,0.0443188393742,0.0611494809797,0.144699228459,0.0853228158153,0.111450027228,0.00944691065316,0.174909703804,1,0.01,10,15,1,10,20,2.11105855965e-05,1.90920352064e-05,2.11105855965e-05,9.21172931268e-06,0.000263968267467,0.000747442210341,2.11105855965e-05,1.90920352064e-05,2.11105855965e-05,0.569377080064,0.220120671104,0.209359000212
669,0.0738620940086,0.0425045679509,0.0591010508178,0.287010324638,0.267819659956,0.0262780915092,0.0279173315866,0.0248029578849,0.00916484921136,0.00050618507904,0.132939707388,0.0480931799691,1,0.01,10,15,1,10,20,0.000100605555973,9.09858614683e-05,0.000100605555973,0.000132892400259,0.000314277293204,0.000234180803379,0.000100605555973,9.09858614683e-05,0.000100605555973,0.569307253921,0.22009367638,0.209333325256
670,0.00311868232719,0.190659017469,0.0642379513166,0.0981794157037,0.229075965015,0.199770573534,0.00894140380265,0.040050520628,0.00067382792302,0.0228717830008,0.0757046155777,0.0667162437017,1,0.01,10,15,1,10,20,3.38213796509e-06,3.05874495083e-06,3.38213796509e-06,0.000180699265429,0.00633101691641,0.0017136989258,3.38213796509e-06,3.05874495083e-06,3.38213796509e-06,0.565328842641,0.218555626129,0.207870470081
671,0.0242212493424,0.00925885159657,0.0895176025529,0.169868143169,0.0308945530311,0.107071636547,0.0973048850399,0.0818370621474,0.0474862577599,0.0428351801513,0.0947699688227,0.20493460984,1,0.01,10,15,1,10,20,3.266865644e-08,2.9544947299e-08,3.266865644e-08,0.0466479104487,4.66380521322e-05,7.37400150621e-08,3.266865644e-08,2.9544947299e-08,3.266865644e-08,0.543411378659,0.21008235411,0.199811455226
672,0.0274968113106,0.0283231350405,0.0324637686041,0.105645088525,0.221695006786,0.200604640341,0.015072733151,0.0402187245803,0.050530474488,0.208095988218,0.0461142739418,0.0237393550146,1,0.01,10,15,1,10,20,1.11709920798e-11,1.01028449971e-11,1.11709920798e-11,8.35330485952e-09,1.21664711565e-15,0.00137305041494,1.11709920798e-11,1.01028449971e-11,1.11709920798e-11,0.569246075609,0.220070030314,0.209310835243
673,0.0107610787433,0.197505461381,0.247033745768,0.153487808246,0.0666439647409,0.0307970926107,0.0326903843517,0.0215072226626,0.0297324998006,0.0819973051434,0.0722502103763,0.0555932261755,1,0.01,10,15,1,10,20,1.71812954682e-05,1.55384556468e-05,1.71812954682e-05,0.0068049275689,0.000978268730841,0.00743833062461,1.71812954682e-05,1.55384556468e-05,1.71812954682e-05,0.387397331488,0.306123847223,0.291157492271
674,0.159616379824,0.12962407918,0.0359214536119,0.0654958130299,0.0148828679029,0.0260448028857,0.0636069149956,0.111142554013,0.00927037112195,0.124227239919,0.0399768472565,0.220190676258,1,0.01,10,15,1,10,20,1.15769477288e-06,1.04699840092e-06,1.15769477288e-06,0.0344546141704,6.24284684633e-06,1.83285933554e-05,1.15769477288e-06,1.04699840092e-06,1.15769477288e-06,0.550370803766,0.212772861647,0.2023704242
675,0.0111851990688,0.0926173367814,0.054607110328,0.111147661809,0.0509553679564,0.15131772118,0.110163461278,0.0859791968731,0.0589294367746,0.0175126570793,0.0642494561284,0.191335394743,1,0.01,10,15,1,10,20,4.33929118091e-05,3.92437716226e-05,4.33929118091e-05,5.67436487924e-05,0.000130575045263,5.03176587829e-05,4.33929118091e-05,3.92437716226e-05,4.33929118091e-05,0.569749624116,0.220264696303,0.209495984037
676,0.0390422019341,0.0262203681044,0.0309072264301,0.149974449021,0.286352958235,0.033222288563,0.000220102123959,0.0310951460437,0.191336218412,0.0290280782014,0.117215700862,0.0653852620701,1,0.01,10,15,1,10,20,4.56488412318e-08,4.12839937549e-08,4.56488412318e-08,0.103229786004,4.05795820986e-08,0.00105492873365,4.56488412318e-08,4.12839937549e-08,4.56488412318e-08,0.510583303265,0.197391049455,0.1877406268
677,0.156629077435,0.0801344682167,0.0302610871882,0.0348123228463,0.138872005602,0.02962377797,0.0288002154931,0.0787762711664,0.0972810460584,0.0149603659418,0.0532124488817,0.256636913201,1,0.01,10,15,1,10,20,4.94415654646e-05,4.47140655666e-05,4.94415654646e-05,0.00490544253483,0.00187814015427,2.36362757804e-06,4.94415654646e-05,4.47140655666e-05,4.94415654646e-05,0.565996871001,0.218813885297,0.208116102992
678,0.0606387255836,0.0294272049003,0.0902912321064,0.0960182266725,0.0619697059233,0.265444676643,0.107369318888,0.00208867947336,0.0212545718916,0.0580010098445,0.113880118998,0.0936165290758,1,0.01,10,15,1,10,20,6.66398041023e-09,6.02678443123e-09,6.66398041023e-09,0.000355142157457,8.1320095555e-09,0.00127130993681,6.66398041023e-09,6.02678443123e-09,6.66398041023e-09,0.404559944501,0.304346508837,0.289467047727
679,0.230508223261,0.0603174146791,0.0427033646783,0.0373171115974,0.169059657401,0.0126447523575,0.0088808716028,0.00945329429063,0.0246064994341,0.116863980695,0.028798850213,0.25884597979,1,0.01,10,15,1,10,20,5.42977718873e-08,4.91059316078e-08,5.42977718873e-08,2.96414498278e-07,0.0011632512321,6.29912355333e-08,5.42977718873e-08,4.91059316078e-08,5.42977718873e-08,0.569365293339,0.220116114367,0.209354666253
680,0.0396693959214,0.0101727300647,0.0176417617336,0.287708570162,0.0185837580523,0.0362507502018,0.120698950942,0.0120402344486,0.215805829839,0.0595377340258,0.0562827595192,0.125607525089,1,0.01,10,15,1,10,20,1.43931896265e-06,1.30169427004e-06,1.43931896265e-06,0.0883867611264,0.000193115137198,8.61255711689e-07,1.43931896265e-06,1.30169427004e-06,1.43931896265e-06,0.519530430462,0.200850000846,0.191030470509
681,0.0823218935259,0.204983907684,0.127322808523,0.0511849829343,0.0347391070314,0.0651871368857,0.0961011822997,0.0159164947736,0.00341743866789,0.17462677341,0.0334818971753,0.11071637709,1,0.01,10,15,1,10,20,5.21650556667e-06,4.71771412868e-06,5.21650556667e-06,0.0118153270897,8.0731465264e-07,0.00176413394819,5.21650556667e-06,4.71771412868e-06,5.21650556667e-06,0.562270348371,0.217373214973,0.206745866853
682,0.168257095956,0.0883634516517,0.0171356892064,0.0299763034661,0.0521936051256,0.0699442006109,0.126684345671,0.0142673223087,0.31509183317,0.00119445044732,0.0461312387477,0.0707604636388,1,0.01,10,15,1,10,20,8.12458573842e-06,7.3477297087e-06,8.12458573842e-06,0.136543808375,0.0126730450278,0.00271331828926,8.12458573842e-06,7.3477297087e-06,8.12458573842e-06,0.483397294753,0.186880962822,0.177744376931
683,0.0560439594362,0.126994704598,0.158169563384,8.8529582261e-05,0.0707012697219,0.0458299509265,0.097163775865,0.159928338735,0.0173145434368,0.0283100627066,0.0165628589366,0.222892442671,1,0.01,10,15,1,10,20,4.4256333657e-06,4.0024634865e-06,4.4256333657e-06,0.0111580419614,0.000327643261679,0.00235167214069,4.4256333657e-06,4.0024634865e-06,4.4256333657e-06,0.387972323749,0.306576549466,0.291588061961
684,0.0530625489526,0.00209496899927,0.129311254897,0.0183544279011,0.0103712567265,0.0662704903616,0.00398112481447,0.0944963968496,0.107399544707,0.0936548342097,0.410045369589,0.0109577819927,1,0.01,10,15,1,10,20,4.16329726998e-06,3.76521142391e-06,4.16329726998e-06,0.00706191589856,2.74053038791e-06,0.00237642478325,4.16329726998e-06,3.76521142391e-06,4.16329726998e-06,0.38970323832,0.307943404872,0.292888091984
685,0.303566450906,0.0509974628933,0.0228510475419,0.135141646425,0.116857803982,0.0737612662903,0.0175718226588,0.0395995114164,0.0258726814015,0.0131837545194,0.000315564424854,0.20028098754,1,0.01,10,15,1,10,20,1.62790568081e-05,1.47224871753e-05,1.62790568081e-05,2.84380048787e-07,0.00107663967731,2.07797593858e-05,1.62790568081e-05,1.47224871753e-05,1.62790568081e-05,0.569349139307,0.220109869233,0.209348726443
686,0.0958981253081,0.0194869936733,0.120225912873,0.126838081192,0.0321347886938,0.19607317658,0.0250445182459,0.0540574136541,0.147306113799,0.0292002577007,0.0162998928982,0.137434725382,1,0.01,10,15,1,10,20,0.000139734134938,0.000126373046905,0.000139734134938,0.00973030497501,0.000778092988091,0.00652314651951,0.000139734134938,0.000126373046905,0.000139734134938,0.559857611951,0.216440453226,0.205858707706
687,0.00379856105661,0.297563914806,0.0618481999417,0.0298387382207,0.0931262931597,0.108720474908,0.0843174663968,0.0385253055385,0.0548266862367,0.0170444801605,0.210254011656,0.000135867918379,1,0.01,10,15,1,10,20,1.03589100429e-05,9.36841255942e-06,1.03589100429e-05,1.31305126953e-05,0.000604279595101,0.00323243321996,1.03589100429e-05,9.36841255942e-06,1.03589100429e-05,0.56779994319,0.219510951396,0.208779089621
688,0.0427829465964,0.0571279599792,0.0350696252148,0.0206269050557,0.00424661150838,0.100283871616,0.0461335588411,0.0954076736692,0.36853199346,0.00689104947245,0.0595442899119,0.163353514675,1,0.01,10,15,1,10,20,7.64835744794e-06,6.91703737917e-06,7.64835744794e-06,0.0399727302381,8.16422836225e-06,3.71799334252e-07,7.64835744794e-06,6.91703737917e-06,7.64835744794e-06,0.547212967887,0.211552045114,0.201209293228
689,0.167825608781,0.00286535247608,0.149763272652,0.152933541804,0.00516065439753,0.00505370036909,0.0127793172119,0.0211521632185,0.215408372438,0.0489864684158,0.125515726699,0.0925558215363,1,0.01,10,15,1,10,20,6.21724503401e-06,5.62276496469e-06,6.21724503401e-06,0.00087690271407,0.00182547815121,1.07408236931e-05,6.21724503401e-06,5.62276496469e-06,6.21724503401e-06,0.568455932019,0.219769671166,0.209025160616
690,0.0272344789167,0.164187010517,0.0354296220671,0.25850290949,0.0147092783608,0.0700817281495,0.0164695225819,0.0757111404338,0.00231329958449,0.0587069998585,0.0349660139537,0.241687996086,1,0.01,10,15,1,10,20,4.71323821449e-10,4.26256815643e-10,4.71323821449e-10,0.0481871471687,4.85828270706e-05,0.000651888274499,4.71323821449e-10,4.26256815643e-10,4.71323821449e-10,0.385569536278,0.289856955732,0.275685886982
691,0.040312809903,0.110043246243,0.039545172616,0.139396085446,0.0320978360609,0.0383873250376,0.0576363240367,0.160637965579,0.254645802908,0.00526550741129,0.059643527997,0.0623883967613,1,0.01,10,15,1,10,20,3.32555296168e-08,3.00757048803e-08,3.32555296168e-08,7.54276746351e-08,0.00455984194197,0.00879773330258,3.32555296168e-08,3.00757048803e-08,3.32555296168e-08,0.562414409436,0.217428908852,0.206798837866
692,0.178694688944,0.0481693001821,0.0773328747494,0.0777420300244,0.171443261028,0.0112074343969,0.00369766732085,0.109202939033,0.00797920767035,0.0280467437746,0.0147050064844,0.271778846391,1,0.01,10,15,1,10,20,1.62062347149e-06,1.46566281795e-06,1.62062347149e-06,6.43933703971e-07,0.000456298157763,3.91788799661e-05,1.62062347149e-06,1.46566281795e-06,1.62062347149e-06,0.56974059529,0.220261205766,0.209492664153
693,0.0978433802911,0.0252034864755,0.0708735065815,0.0106702409519,0.0264653034456,0.0398888952502,0.296833054053,0.199471377169,0.0619239816721,0.0975270641485,0.0719744106207,0.00132529934155,1,0.01,10,15,1,10,20,4.06680409098e-05,3.67794472245e-05,4.06680409098e-05,0.125299371206,0.000181281177284,3.028859952e-05,4.06680409098e-05,3.67794472245e-05,4.06680409098e-05,0.498349259524,0.192661379061,0.183242189374
694,0.0720925816316,0.0538439587126,0.139647695253,0.0876885253645,0.0076256295383,0.107640513067,0.0635507874743,0.0470999195154,0.210562148883,0.0660469569607,0.00875857126726,0.135442712332,1,0.01,10,15,1,10,20,1.77932672614e-07,1.6091911967e-07,1.77932672614e-07,0.0790791116679,4.39424432246e-05,7.90000070744e-05,1.77932672614e-07,1.6091911967e-07,1.77932672614e-07,0.52488072643,0.202918420493,0.192997765389
695,0.0135783442197,0.0672467800297,0.102108217302,0.0857604687399,0.0401563991672,0.00977262874526,0.267060491295,0.0218702060026,0.167740663649,0.059429666723,0.0791238352841,0.086152298843,1,0.01,10,15,1,10,20,2.89618219196e-08,2.61925526037e-08,2.89618219196e-08,0.0340431972109,0.000607692955962,0.00195119858225,2.89618219196e-08,2.61925526037e-08,2.89618219196e-08,0.549164425331,0.21230647682,0.201926840867
696,0.20327480505,0.135337150534,0.0629435526744,0.104950697624,0.0130478856263,0.0817590815925,0.0198089454104,0.081214739711,0.172296086603,0.0650025864397,0.00732064321111,0.0530438255242,1,0.01,10,15,1,10,20,0.000252925098821,0.000228740925694,0.000252925098821,0.0516375969119,0.00420932215361,0.00111008098188,0.000252925098821,0.000228740925694,0.000252925098821,0.536724160145,0.2074970814,0.197352576161
697,0.0538262480368,0.093857654253,0.0165818379743,0.174943271106,0.0457836299617,0.0426708538185,0.274809231424,0.011570854477,0.0602756623685,0.0549096150478,0.109718617046,0.0610525244871,1,0.01,10,15,1,10,20,3.0147372462e-13,2.72647432632e-13,3.0147372462e-13,0.116623920659,5.60827482203e-07,0.000159754598398,3.0147372462e-13,2.72647432632e-13,3.0147372462e-13,0.503458390833,0.194636564666,0.185120808413
698,0.0478584518069,0.121039504663,0.0364759733013,0.0194039727029,0.0575461443034,0.382051356922,0.0876081241061,0.0761616381747,0.0858391238255,0.00147248911374,0.0314591310902,0.0530840899906,1,0.01,10,15,1,10,20,5.50240064374e-09,4.97627251172e-09,5.50240064374e-09,0.000370474198707,5.4918872739e-11,0.0298341884664,5.50240064374e-09,4.97627251172e-09,5.50240064374e-09,0.393138525812,0.295553167657,0.28110361185
699,0.00891114395563,0.0619775381363,0.0179858728176,0.0262285190466,0.137657864902,0.0793881195232,0.153398377525,0.0939860016816,0.252488765141,0.0487775219036,0.0410938813823,0.0781063939857,1,0.01,10,15,1,10,20,0.000107578324948,9.72919087421e-05,0.000107578324948,5.8107695865e-07,2.42244024591e-05,0.000576519661358,0.000107578324948,9.72919087421e-05,0.000107578324948,0.569329782703,0.220102385987,0.209341609052
700,0.0130930919429,0.0108158166089,0.0324446099058,0.318894831009,0.0838451458427,0.0798045055127,0.0620012463555,0.0149183847203,0.183503551173,0.0287110895169,0.117823360522,0.0541443668903,1,0.01,10,15,1,10,20,4.91003544244e-05,4.4405480418e-05,4.91003544244e-05,0.00100044915072,0.000533284455157,0.00581168193448,4.91003544244e-05,4.4405480418e-05,4.91003544244e-05,0.402297304828,0.302428888067,0.287643179186
701,0.0586879994244,0.00632636755847,0.0762095398685,0.0470356662479,0.127756587814,0.237270212957,0.0509492300268,0.0366856398761,0.131595549398,0.00627941751574,0.201870111232,0.0193336780803,1,0.01,10,15,1,10,20,1.73654032894e-06,1.57049594603e-06,1.73654032894e-06,0.0681910799365,1.50477734042e-05,0.00593503704206,1.73654032894e-06,1.57049594603e-06,1.73654032894e-06,0.52776041814,0.204031706739,0.194056623216
702,0.0553781516104,0.0462703590284,0.00649155160343,0.122720712451,0.0406416288734,0.090543472508,0.0121966072225,0.446295300529,0.0167845027729,0.0320995331622,0.057672117664,0.0729060625749,1,0.01,10,15,1,10,20,4.39564192777e-06,3.97533976764e-06,4.39564192777e-06,0.0956736975309,5.73893539665e-05,1.02086505116e-05,4.39564192777e-06,3.97533976764e-06,4.39564192777e-06,0.515438917556,0.199268225607,0.189526028055
703,0.0240872098288,0.117327838762,0.00331412218427,0.15530042895,0.294214424032,0.145760937177,0.0167891900972,0.0472727407466,0.0594988528015,0.0220419999618,0.112184351857,0.00220790360182,1,0.01,10,15,1,10,20,2.59189876219e-07,2.34406678076e-07,2.59189876219e-07,0.0933864467291,0.0052821135262,4.58635184289e-08,2.59189876219e-07,2.34406678076e-07,2.59189876219e-07,0.365382881999,0.274688239244,0.261258767065
704,0.189708384551,0.0129009332466,0.139110018673,0.0124901026051,0.0563978636956,0.0422470627895,0.214251383914,0.0025680688957,0.0659523150023,0.00880032627761,0.193591733833,0.0619818065168,1,0.01,10,15,1,10,20,1.57714518878e-05,1.42634183841e-05,1.57714518878e-05,0.00519308759107,4.41833345635e-05,2.37368096278e-07,1.57714518878e-05,1.42634183841e-05,1.57714518878e-05,0.566991012437,0.219198219489,0.208481647136
705,0.321804663079,0.0798565008751,0.00906216915594,0.23121955031,0.0381844129126,0.0168191786786,0.0253265367021,0.0265551587108,0.0456891115406,0.189642112761,0.00171968916045,0.014120916115,1,0.01,10,15,1,10,20,5.09338438861e-05,4.60636554219e-05,5.09338438861e-05,2.51100958415e-07,0.000273414231442,2.29382879188e-07,5.09338438861e-05,4.60636554219e-05,5.09338438861e-05,0.569703986554,0.220247052862,0.209479203182
706,0.0139629334825,0.0183402184788,0.0121705693877,0.00225705305119,0.0867618721757,0.0579727491141,0.196922299907,0.0538579879936,0.214295009456,0.0361166655545,0.116625065069,0.19071757633,1,0.01,10,15,1,10,20,8.16520025993e-07,7.38446075394e-07,8.16520025993e-07,6.43108988621e-06,0.00104615144385,0.0002570727119,8.16520025993e-07,7.38446075394e-07,8.16520025993e-07,0.56927951987,0.22008295442,0.209323127492
707,0.164541111384,0.00483452976166,0.029800229372,0.0259413337332,0.43273613561,0.13522820331,0.0275266969468,0.0392773297394,0.00468348820275,0.00807978602501,0.0483311741404,0.0790199817751,1,0.01,10,15,1,10,20,4.96080860268e-09,4.48646637781e-09,4.96080860268e-09,7.82964288913e-09,0.00543242192914,0.00251198946022,4.96080860268e-09,4.48646637781e-09,4.96080860268e-09,0.565500195089,0.218621875934,0.207933480942
708,0.00250256796168,0.0415966106121,0.0979135579237,0.195050403575,0.177653720847,0.200044058155,0.00137474623098,0.0469607203563,0.0200779871183,0.12149381154,0.0163652642421,0.0789665514379,1,0.01,10,15,1,10,20,1.41095213605e-09,1.27603982054e-09,1.41095213605e-09,0.0937928570634,4.10342160524e-07,0.00109772140698,1.41095213605e-09,1.27603982054e-09,1.41095213605e-09,0.51593816686,0.199461234943,0.189709601189
709,0.107071312535,0.0162840485367,0.029908500456,0.130207697108,0.084347628855,0.150323473746,0.0278020691911,0.315714904237,0.0563716302751,0.00930743201922,0.0499080557858,0.0227532472549,1,0.01,10,15,1,10,20,7.59379613769e-05,6.86769310819e-05,7.59379613769e-05,0.000370450592985,0.0175706263618,0.0166066888238,7.59379613769e-05,6.86769310819e-05,7.59379613769e-05,0.379650853825,0.300013959002,0.285346315688
710,0.0268907138871,0.0622914663524,0.0246367685959,0.0176186038973,0.0356119753591,0.535768721884,0.00275664298944,0.0241955003493,0.0601144660646,0.0183471927003,0.189981120798,0.00178682712198,1,0.01,10,15,1,10,20,5.60947886138e-05,5.07311213237e-05,5.60947886138e-05,0.0191375720941,3.57046172927e-07,0.000649970837524,5.60947886138e-05,5.07311213237e-05,5.60947886138e-05,0.558563353513,0.215940094069,0.205382811043
711,0.22952037768,0.0127470224938,0.105729193919,0.139862074414,0.0177051864699,0.0606684035804,0.081842410734,0.0250508936748,0.0145879374411,0.119713303854,0.0142596240674,0.178313571671,1,0.01,10,15,1,10,20,2.59376629286e-09,2.34575574202e-09,2.59376629286e-09,1.50054472555e-06,1.1729084105e-05,8.20427098245e-09,2.59376629286e-09,2.34575574202e-09,2.59376629286e-09,0.570019989737,0.220370316698,0.209596440665
712,0.0842352437844,0.0573400639352,0.0232576928969,0.00685873176366,0.0269191010975,0.313583224836,0.0110070508374,0.292278933445,0.0167115054409,0.0469092217267,0.0938349742408,0.0270642559957,1,0.01,10,15,1,10,20,8.82390491851e-05,7.98018143988e-05,8.82390491851e-05,0.0089753496926,0.000148519630009,0.000321648545899,8.82390491851e-05,7.98018143988e-05,8.82390491851e-05,0.564352373936,0.218178124199,0.207511424171
713,0.0442592461185,0.0989432082309,0.0195847820863,0.0754700628544,0.296927151874,0.0385248842875,0.0873415926943,0.0446235901912,0.0118609740457,0.0518921677796,0.0965299374368,0.134042402401,1,0.01,10,15,1,10,20,6.33703029943e-06,5.73109661159e-06,6.33703029943e-06,0.0714504518377,9.53313781611e-05,4.17116285504e-05,6.33703029943e-06,5.73109661159e-06,6.33703029943e-06,0.376398522002,0.28290416016,0.269073012679
714,0.195097805915,0.10817157217,0.204280500381,0.00622508789473,0.118020588151,0.0369383554421,0.0440472106132,0.119795824774,0.00508591521817,0.0975302528578,0.0549847277436,0.00982215884006,1,0.01,10,15,1,10,20,2.83140351265e-12,2.56067058395e-12,2.83140351265e-12,0.0440108055306,0.00593775660767,2.86849841214e-09,2.83140351265e-12,2.56067058395e-12,2.83140351265e-12,0.541556645845,0.209365316059,0.199129473072
715,0.0524241969491,0.030196333002,0.258600336289,0.181364713462,0.121316828932,0.0451084316889,0.00416669475419,0.0665359910762,0.0236565929558,0.0184802104952,0.00662251536979,0.191527155026,1,0.01,10,15,1,10,20,5.43313792535e-06,4.91363255074e-06,5.43313792535e-06,4.784073914e-08,0.00287603861133,9.7557546503e-06,5.43313792535e-06,4.91363255074e-06,5.43313792535e-06,0.568365761591,0.219729696285,0.208987140101
716,0.0601963719558,0.0353812618235,0.0978975228378,0.0133039713092,0.129871271338,0.208921244196,0.0515369587615,0.137291180411,0.0707059558012,0.171621019011,0.0137656245768,0.00950761797866,1,0.01,10,15,1,10,20,2.69523658123e-08,2.43752365197e-08,2.69523658123e-08,0.00200918437801,0.00819076702137,3.21084632671e-08,2.69523658123e-08,2.43752365197e-08,2.69523658123e-08,0.56421439142,0.218124780281,0.207460688231
717,0.0325058070675,0.0123481403088,0.0666345585216,0.184965649002,0.0860601943958,0.0240799585978,0.108949240457,0.0226221218835,0.384415566663,0.0335356264529,0.0389862110761,0.00489692557438,1,0.01,10,15,1,10,20,0.000115783161737,0.000104712216062,0.000115783161737,0.172455578348,0.00226840201792,0.000393393429138,0.000115783161737,0.000104712216062,0.000115783161737,0.469823447526,0.181633325596,0.172753296004
718,0.00111426288528,0.0189324529414,0.187277050747,0.104765785814,0.0367935516177,0.0550999384501,0.131408046804,0.116145901962,0.0765309192877,0.144026308612,0.126182590943,0.00172318993662,1,0.01,10,15,1,10,20,1.60188768185e-05,1.44871850564e-05,1.60188768185e-05,0.0269620146802,0.000155053130001,0.00031231268186,1.60188768185e-05,1.44871850564e-05,1.60188768185e-05,0.554340187678,0.214307421925,0.203829960027
719,0.0979291867293,0.155854320439,0.0616705090459,0.00445025055459,0.0615094957714,0.112008826292,0.0542976520623,0.0869536697822,0.0817686729779,0.121787071043,0.125775091757,0.035995253545,1,0.01,10,15,1,10,20,2.87966810013e-12,2.60432021173e-12,2.87966810013e-12,0.0268546951785,0.00148528864537,0.000490083295697,2.87966810013e-12,2.60432021173e-12,2.87966810013e-12,0.382082568454,0.301924199568,0.287163164842
720,0.0133172595465,0.0240644672928,0.0877807333859,0.0260015175378,0.0262560746356,0.299362104155,0.0420668537436,0.0695793851684,0.0760511128076,0.15894042463,0.102545611011,0.0740344560854,1,0.01,10,15,1,10,20,3.78028794109e-06,3.4188246523e-06,3.78028794109e-06,1.04676837783e-07,1.53773897034e-07,0.00153742650665,3.78028794109e-06,3.4188246523e-06,3.78028794109e-06,0.569139722857,0.22002890902,0.209271724364
721,0.0935482629037,0.0412743759475,0.0332921581628,0.131230669627,0.0498122535833,0.272335909196,0.00684365531267,0.0677098450918,0.0788500389805,0.110487245823,0.0576408420716,0.0569747433009,1,0.01,10,15,1,10,20,2.46328694187e-08,2.22775255583e-08,2.46328694187e-08,0.113094010158,4.93899052444e-08,1.03981890595e-07,2.46328694187e-08,2.22775255583e-08,2.46328694187e-08,0.505561756771,0.195449724061,0.185894212551
722,0.140816278595,0.109901590144,0.0308615346201,0.00989394977123,0.00404896227838,0.0113532746354,0.0705818128674,0.10624533651,0.0568126966312,0.0992951249106,0.139506600705,0.220682838331,1,0.01,10,15,1,10,20,9.44416865903e-08,8.54113684859e-08,9.44416865903e-08,3.34967747588e-11,0.000416278919792,0.000242764201211,9.44416865903e-08,8.54113684859e-08,9.44416865903e-08,0.569652778395,0.220227255833,0.209460374028
723,0.285743519019,0.0536269838742,0.0254367943496,0.020762463099,0.156681792741,0.0324872063712,0.115760633898,0.0948381972694,0.0524181933428,0.0919578713836,0.0332789429355,0.0370074017168,1,0.01,10,15,1,10,20,7.38013593529e-05,6.674462651e-05,7.38013593529e-05,5.97863163383e-15,0.000150753895429,7.52146580221e-12,7.38013593529e-05,6.674462651e-05,7.38013593529e-05,0.569698462296,0.220244917189,0.209477171922
724,0.0992971544599,0.0802953609653,0.0327704717526,0.0142817140091,0.000938753556959,0.0699075685097,0.165650567389,0.113953776303,0.168543470342,0.0235841453215,0.00459694797032,0.226180069421,1,0.01,10,15,1,10,20,5.28836873591e-05,4.78270589079e-05,5.28836873591e-05,0.000104296711334,0.000104302322291,0.000164873962195,5.28836873591e-05,4.78270589079e-05,5.28836873591e-05,0.569640767821,0.220222612556,0.20945595776
725,0.136531908861,0.0398985967351,0.146983828941,0.141359052404,0.161942101844,0.00157296642639,0.0784749057618,0.0142218671978,0.108138279945,0.0571246401548,0.0021082682484,0.11164358348,1,0.01,10,15,1,10,20,0.00010406101691,9.41109184008e-05,0.00010406101691,8.02335889318e-05,0.000123695981337,0.000744225892888,0.00010406101691,9.41109184008e-05,0.00010406101691,0.569143725822,0.220030456563,0.209273196248
726,0.000324184368344,0.0497860895042,0.205968803966,0.102970244397,0.0670986976196,0.136205540631,0.111736626468,0.0359925060976,0.105227677437,0.0255996978097,0.0621314600809,0.0969584716202,1,0.01,10,15,1,10,20,1.14686659773e-06,1.03720559341e-06,1.14686659773e-06,0.00502089854772,0.00196354849174,0.00920112571179,1.14686659773e-06,1.03720559341e-06,1.14686659773e-06,0.56079872516,0.216804286753,0.206204753459
727,0.0411376328642,0.247625380242,0.0121990755197,0.0627936862076,0.168350870074,0.0578772855092,0.0679203190716,0.210492220911,0.0767225211913,0.00919269684602,0.0234002023463,0.0222881092168,1,0.01,10,15,1,10,20,2.00339098347e-08,1.81183089468e-08,2.00339098347e-08,0.311752363322,0.00490318541383,0.00693515141714,2.00339098347e-08,1.81183089468e-08,2.00339098347e-08,0.385572691262,0.1490620584,0.141774433812
728,0.234738088135,0.130769996786,0.0937249166928,0.00901979013667,0.00341744943591,0.00288520452268,0.0682684766734,0.130901294472,0.00981035308586,0.163946267585,0.152318732084,0.000199430390882,1,0.01,10,15,1,10,20,4.42676471938e-05,4.00348666249e-05,4.42676471938e-05,0.000108757737849,3.32350491883e-05,4.03633815214e-05,4.42676471938e-05,4.00348666249e-05,4.42676471938e-05,0.569778239021,0.220275758799,0.20950650569
729,0.0156017636014,0.0193551766374,0.164664665772,0.280809424023,0.296024342502,0.0101719561034,0.0468013798797,0.00847275999348,0.00629770277849,0.0730557552294,0.0364742840241,0.0422707894564,1,0.01,10,15,1,10,20,8.74299864533e-05,7.90701125667e-05,8.74299864533e-05,0.00011865634157,0.00376629413736,0.00239152047519,8.74299864533e-05,7.90701125667e-05,8.74299864533e-05,0.566161500772,0.218877531019,0.208176637084
730,0.232650444744,0.0495881130847,0.0598826504694,0.0278064789044,0.0707925301245,0.150610538806,0.0658248413539,0.0559518398383,0.100424371931,0.0290144479219,0.0523803866322,0.105073356189,1,0.01,10,15,1,10,20,6.89117664337e-05,6.23225663198e-05,6.89117664337e-05,0.0136593008427,0.000651160389209,0.000605403513093,6.89117664337e-05,6.23225663198e-05,6.89117664337e-05,0.56129811464,0.21699735028,0.206388378136
731,0.00563536724546,0.119221108639,0.0811517883108,0.0942670934212,0.122721562113,0.358447391587,0.0107485852465,0.0109908270348,0.0195028549271,0.00700043185545,0.105171323832,0.0651416657871,1,0.01,10,15,1,10,20,4.25225889395e-06,3.84566672199e-06,4.25225889395e-06,0.00274069120919,0.0111416840742,7.77074577903e-06,4.25225889395e-06,3.84566672199e-06,4.25225889395e-06,0.562096901959,0.217306160745,0.206682090897
732,0.085390096414,0.0622463096663,0.0596303345629,0.0577791175147,0.0319583271532,0.00239362686157,0.00655609837467,0.121230482044,0.0145704676231,0.0976603986548,0.141341890369,0.319242850761,1,0.01,10,15,1,10,20,2.27528409683e-06,2.05772615273e-06,2.27528409683e-06,0.0067054129446,2.61157940263e-06,1.02908555665e-05,2.27528409683e-06,2.05772615273e-06,2.27528409683e-06,0.56619159781,0.218889166507,0.208187703714
733,0.0493135792359,0.0560530140909,0.124982458337,0.064814609818,0.017440616149,0.237396927827,0.0764072430111,0.247155783308,0.0246593682105,0.0488185338755,0.0142304692119,0.0387273969249,1,0.01,10,15,1,10,20,1.76985088467e-08,1.60062141554e-08,1.76985088467e-08,1.08424270338e-05,0.000343364943271,5.33806613394e-10,1.76985088467e-08,1.60062141554e-08,1.76985088467e-08,0.569818732511,0.220298664881,0.209528291897
734,0.186216142963,0.0116172664872,0.0612477879494,0.132025920654,0.0285834770278,0.0596840111691,0.0251450825157,0.0362395469596,0.245275379687,0.0785698133786,0.0962846911769,0.0391108800328,1,0.01,10,15,1,10,20,1.9519098159e-06,1.76527224953e-06,1.9519098159e-06,7.04252508936e-08,0.00211237702647,0.000652117690914,1.9519098159e-06,1.76527224953e-06,1.9519098159e-06,0.568446419918,0.219760878722,0.209016798033
735,0.164523095388,0.0341476173688,0.295733121672,0.0256821034246,0.0695915771523,0.0155310724013,0.157015559151,0.01075627523,0.0206882425772,0.0445553756915,0.0821675994623,0.0796083604811,1,0.01,10,15,1,10,20,8.70264282545e-09,7.87051417654e-09,8.70264282545e-09,1.2357450446e-10,0.00483660070017,3.15969359862e-08,8.70264282545e-09,7.87051417654e-09,8.70264282545e-09,0.567271716242,0.21930673933,0.208584861456
736,0.0211641150723,0.0348790159891,0.26108068532,0.00966265722777,0.289322930025,0.110515249102,0.0801106231679,0.00399810480193,0.00459520361602,0.116947048211,0.0215191522631,0.0462052152044,1,0.01,10,15,1,10,20,4.26085797453e-06,3.85344357632e-06,4.26085797453e-06,3.00970048982e-06,0.00415814789417,0.00183307461849,4.26085797453e-06,3.85344357632e-06,4.26085797453e-06,0.566597771485,0.219046192888,0.208337053095
737,0.268101840925,0.0256262999655,0.00838288073789,0.0166119290803,0.0617394333209,0.100460009956,0.115605138687,0.231125336633,0.0392579508959,0.0119641620558,0.111180718284,0.00994429945904,1,0.01,10,15,1,10,20,0.000172021435397,0.00015557310269,0.000172021435397,3.97822324463e-05,3.4569116845e-05,0.000303524471404,0.000172021435397,0.00015557310269,0.000172021435397,0.569243773623,0.220069134953,0.209309983657
738,0.0257499055948,0.0193993871646,0.115586524874,0.0406403407852,0.215679512725,0.0678100383156,0.232685374111,0.115053974396,0.0602557812199,0.00424047530564,0.0922775629466,0.0106211225618,1,0.01,10,15,1,10,20,1.48831751543e-06,1.34600768287e-06,1.48831751543e-06,0.189924553729,2.20717680391e-06,0.000939115739294,1.48831751543e-06,1.34600768287e-06,1.48831751543e-06,0.461224796721,0.178309094867,0.169591586482
739,0.0924217343475,0.0470350534239,0.295139605913,0.145956334096,0.049095751438,8.24284407314e-05,0.132262058568,0.00820876710115,0.085972871619,0.0451548242956,0.0440158014643,0.0546547692931,1,0.01,10,15,1,10,20,2.28317728573e-11,2.06486461128e-11,2.28317728573e-11,0.000433864810144,3.03132415071e-11,0.0116476070625,2.28317728573e-11,2.06486461128e-11,2.28317728573e-11,0.563141978082,0.217710186242,0.20706636364
740,0.12163592502,0.125050667057,0.0212691523138,0.040683744285,0.100114095934,0.180102834358,0.142548377624,0.0606163993467,0.0217397922136,0.0605723099662,0.0977460885452,0.027920613337,1,0.01,10,15,1,10,20,9.24734677623e-05,8.36313466582e-05,9.24734677623e-05,0.000533341437238,0.000392171030645,0.00439521378015,9.24734677623e-05,8.36313466582e-05,9.24734677623e-05,0.566689602959,0.219081694854,0.208370819375
741,0.0531859433953,0.00430285654525,0.27344374558,0.0625612232544,0.00435906966746,0.118255552291,0.0320341901652,0.103537596369,0.235841140125,0.0103288518458,0.100638303729,0.00151152703277,1,0.01,10,15,1,10,20,0.000357409951114,0.000323235153217,0.000357409951114,0.0393203998696,0.00100925168403,0.00144193336215,0.000357409951114,0.000323235153217,0.000357409951114,0.545034317233,0.210709780715,0.200408207026
742,0.232810076288,0.0808654372245,0.242196733874,0.0314386466046,0.0388973444826,0.0247236488567,0.188969650112,0.0406390941345,0.0184433176592,0.00898974131471,0.0529457938774,0.0390805155726,1,0.01,10,15,1,10,20,4.85188553942e-05,4.38795831185e-05,4.85188553942e-05,0.221371414549,0.00078619081256,0.00144354516814,4.85188553942e-05,4.38795831185e-05,4.85188553942e-05,0.442409023226,0.171034933623,0.162673058032
743,0.0185546775528,0.0996962106345,0.164471952588,0.0853699027729,0.0122178375744,0.054722401037,0.086619905479,0.319671671554,0.0513506783945,0.0589502755154,0.0367743663706,0.0116001205275,1,0.01,10,15,1,10,20,5.23335331845e-05,4.73295093339e-05,5.23335331845e-05,0.142397967394,8.78085017068e-05,0.000213721213183,5.23335331845e-05,4.73295093339e-05,5.23335331845e-05,0.488512661767,0.188858559145,0.179625288828
744,0.182863911275,0.02160122737,0.234603366419,0.0319489221302,0.00901249300475,0.163930028804,0.0249946531597,0.108088971581,0.162081859739,0.0155650143572,0.0165476313051,0.0287619208553,1,0.01,10,15,1,10,20,0.00230408676277,0.00208377476752,0.00230408676277,6.45620612026e-05,0.0145277365739,0.00192448399678,0.00230408676277,0.00208377476752,0.00230408676277,0.552984517425,0.213783321015,0.203331482342
745,0.110831379721,0.00529747682057,0.127188710094,0.150043407603,0.0469846133394,0.200718735626,0.0125642287819,0.209909577017,0.0622637732546,0.0409859951358,0.0318341847907,0.00137791781622,1,0.01,10,15,1,10,20,0.000156900629695,0.000141898117053,0.000156900629695,0.0375614960943,0.0267161170392,0.00971112103526,0.000156900629695,0.000141898117053,0.000156900629695,0.52733353442,0.203866673873,0.193899658785
746,0.0154694762351,0.251861321421,0.034296574956,0.230064259253,0.0339305255908,0.143931098009,0.0766745376183,0.0604110094289,0.0321392734608,0.0585778110569,0.0347064947183,0.0279376182514,1,0.01,10,15,1,10,20,3.14960173264e-10,2.84844335041e-10,3.14960173264e-10,0.171481245535,9.25690757819e-09,0.00255801977106,3.14960173264e-10,2.84844335041e-10,3.14960173264e-10,0.470821370937,0.182019121896,0.173120230774
747,0.204486651638,0.141293031683,0.041648476054,0.0597485470758,0.0846609049934,0.0373844265472,0.00146888867298,0.0548265380454,0.0818741015266,0.0622321600922,0.193267705995,0.0371085676764,1,0.01,10,15,1,10,20,2.39882122451e-06,2.16945091659e-06,2.39882122451e-06,0.0072549211924,0.000170149772759,0.00585906159838,2.39882122451e-06,2.16945091659e-06,2.39882122451e-06,0.5624484841,0.217442082087,0.206811367063
748,0.0344772219202,0.074027518116,0.0643099341205,0.274190647677,0.00122565234679,0.090975539671,0.00769245461703,0.0484841567497,0.0765744660644,0.0146397380262,0.30539326055,0.00800941014144,1,0.01,10,15,1,10,20,1.04279853315e-07,9.43088301225e-08,1.04279853315e-07,2.91935996973e-08,2.0463343361e-07,0.00167388938986,1.04279853315e-07,9.43088301225e-08,1.04279853315e-07,0.569074120985,0.220003547395,0.209247602666
749,0.0691449030274,0.00672514669094,0.0513288004931,0.14318376629,0.076251731876,0.0530604202777,0.205634388441,0.0352692522696,0.0392879108028,0.0823091595644,0.109867121283,0.127937398985,1,0.01,10,15,1,10,20,0.000346694981065,0.000313544726371,0.000346694981065,0.0220003861619,0.00206634611763,0.0019407091518,0.000346694981065,0.000313544726371,0.000346694981065,0.554055811478,0.21419748234,0.203725395374
750,0.0823400151415,0.00818175513126,0.00761222406149,0.012437547508,0.373850224773,0.0405536594567,0.0135344630013,0.125332324007,0.104192765538,0.0333430987663,0.0928182408277,0.105803681788,1,0.01,10,15,1,10,20,8.97666290746e-05,8.11833302691e-05,8.97666290746e-05,0.000157707369435,0.000248061726196,0.000288891426843,8.97666290746e-05,8.11833302691e-05,8.97666290746e-05,0.569335556273,0.220104618044,0.209343731984
751,0.00888471908435,0.0920298631108,0.0549394214117,0.0353655016563,0.0210541273507,0.0476698022588,0.146847281637,0.0947665308126,0.0861068964632,0.0791862381766,0.0996672050667,0.233482412971,1,0.01,10,15,1,10,20,7.37817293e-09,6.67268734421e-09,7.37817293e-09,0.0347179828921,1.1120030331e-07,9.7668461512e-08,7.37817293e-09,6.67268734421e-09,7.37817293e-09,0.550238372271,0.212721663749,0.202321729361
752,0.0164011616277,0.303174006552,0.0481323253702,0.00697668194275,0.119622588853,0.0343080127554,0.0578560750372,0.106513455225,0.0518899765361,0.0179532874585,0.00497403563683,0.232198393005,1,0.01,10,15,1,10,20,6.77796120994e-06,6.12986662337e-06,6.77796120994e-06,0.0852282836648,1.56542465295e-05,0.000307624226721,6.77796120994e-06,6.12986662337e-06,6.77796120994e-06,9.74838952586e-07,0.468660419095,0.44574767235
753,0.0564760254106,0.0882737458034,0.0183490436694,0.0117609055175,0.0358039385082,0.0206099775794,0.0875624265336,0.295798674048,0.0497280016985,0.0563816401739,0.19410250876,0.085153112297,1,0.01,10,15,1,10,20,6.43392848326e-06,5.81872959215e-06,6.43392848326e-06,0.0287355772075,5.0262457101e-06,0.000582222781508,6.43392848326e-06,5.81872959215e-06,6.43392848326e-06,0.381874270747,0.301759250107,0.287006279738
754,0.179106375887,0.135442598425,0.155036033802,0.0259348999755,0.00336762917319,0.0491323062294,0.0981842219746,0.0127804804609,0.166518593186,0.057472414782,0.0797341994857,0.0372902466183,1,0.01,10,15,1,10,20,4.66593979839e-06,4.21979231674e-06,4.66593979839e-06,3.35511606587e-06,0.00680542676891,4.27689627753e-06,4.66593979839e-06,4.21979231674e-06,4.66593979839e-06,0.566129675496,0.218865227396,0.208164934983
755,0.0647259918294,0.0417104158948,0.016375920747,0.0939510524695,0.103165588282,0.0424705877357,0.00450684779041,0.0164050999318,0.365611030477,0.123483438357,0.0918178498912,0.0357761765942,1,0.01,10,15,1,10,20,5.79416980044e-09,5.24014330708e-09,5.79416980044e-09,1.54725804755e-07,0.000402842534464,0.000560452698093,5.79416980044e-09,5.24014330708e-09,5.79416980044e-09,0.569479439661,0.2201603436,0.209396733124
756,0.208417004667,0.0271398844633,0.0104562669243,0.0325816549012,0.101054009178,0.148122313489,0.0100066913775,0.00799613761696,0.19582078371,0.0484162425351,0.0439248214468,0.166064189691,1,0.01,10,15,1,10,20,4.0821153158e-10,3.69179191973e-10,4.0821153158e-10,0.00665111429413,0.000790030685933,0.00246264755978,4.0821153158e-10,3.69179191973e-10,4.0821153158e-10,0.564383316683,0.218190086637,0.207522801768
757,0.173571722257,0.0501544839872,0.0205150298857,0.0792499770717,0.0638753390616,0.0832635879914,0.159997534645,0.0607733798356,0.0485637682946,0.100873833225,0.0866004456384,0.0725608981074,1,0.01,10,15,1,10,20,6.9057511421e-09,6.24543754739e-09,6.9057511421e-09,6.84669037585e-06,0.000210710268499,0.00113960457808,6.9057511421e-09,6.24543754739e-09,6.9057511421e-09,0.569255120682,0.220073521716,0.209314155951
758,0.103974721929,0.267426549078,0.114390725646,0.030423312875,0.00335845184129,0.0733448925683,0.0403513096099,0.0767948615427,0.0314560589118,0.0561839948966,0.0610071373801,0.141287983721,1,0.01,10,15,1,10,20,6.14231044684e-07,5.55499546726e-07,6.14231044684e-07,0.0083474589257,0.00204068424472,1.81570467689e-06,6.14231044684e-07,5.55499546726e-07,6.14231044684e-07,0.564104155421,0.218082163142,0.207420154639
759,0.135531148554,0.0936593104361,0.0463568382137,0.113710560703,0.00907672794631,0.0120731919947,0.0458382063151,0.0889550550501,0.0302518013832,0.21133968442,0.0327387758687,0.180468699115,1,0.01,10,15,1,10,20,3.67038264239e-06,3.3194282702e-06,3.67038264239e-06,2.13533753345e-08,0.000624543764656,2.00905127619e-05,3.67038264239e-06,3.3194282702e-06,3.67038264239e-06,0.569649139175,0.220225848914,0.209459035893
760,0.17456687635,0.170588546809,0.00438840304862,0.0325519609686,0.130513620132,0.109682436981,0.0122066420408,0.061281263545,0.208834164736,0.0228542927245,0.000777751920687,0.0717540407431,1,0.01,10,15,1,10,20,7.07662266205e-07,6.39997068716e-07,7.07662266205e-07,0.226222553697,2.16367666765e-07,2.22144034754e-06,7.07662266205e-07,6.39997068716e-07,7.07662266205e-07,0.441071669034,0.170517913686,0.162181315132
761,0.1000519363,0.0973643129439,0.0607614575329,0.0219493298273,0.0565774547817,0.150828737912,0.0489990676326,0.120528291843,0.00229398214569,0.00551344678285,0.0522147860059,0.282917196292,1,0.01,10,15,1,10,20,1.19429129662e-08,1.080095641e-08,1.19429129662e-08,0.00331705429217,1.22312917694e-08,0.00166544906265,1.19429129662e-08,1.080095641e-08,1.19429129662e-08,0.567188547913,0.219274586528,0.2085542806
762,0.0732625990956,0.0469904262421,0.134781388942,0.0107394285633,0.0414589694539,0.00430350186823,0.0575426763224,0.087284225819,0.196757591302,0.299210493172,0.01656717684,0.0311015223791,1,0.01,10,15,1,10,20,1.36886177077e-07,1.23797404865e-07,1.36886177077e-07,3.09402569481e-10,0.000144223965257,0.000653796709313,1.36886177077e-07,1.23797404865e-07,1.36886177077e-07,0.569573416494,0.220196574593,0.209431192789
763,0.097193329808,0.281864769488,0.0281446155945,0.0264735286021,0.0104364830309,0.0769705445993,0.0940126592875,0.138966198865,0.0554968590817,0.0850665407193,0.0285092203589,0.0768652505654,1,0.01,10,15,1,10,20,0.000222028274287,0.000200798391411,0.000222028274287,0.0280975439415,0.00532112600202,0.00428695323848,0.000222028274287,0.000200798391411,0.000222028274287,0.389578543612,0.29287230608,0.278553817246
764,0.0146932460962,0.0980690144368,0.120912571807,0.0226623782798,0.0151590402495,0.277962887899,0.0274029875832,0.0422020376638,0.0698374547648,0.13509857962,0.0352455940781,0.140754207521,1,0.01,10,15,1,10,20,4.18655896498e-08,3.78624888389e-08,4.18655896498e-08,0.0022824919081,0.000144919955393,8.78399123616e-05,4.18655896498e-08,3.78624888389e-08,4.18655896498e-08,0.568594860176,0.219818265594,0.209071379267
765,0.445507285081,0.0517289470912,0.0503759372282,0.0822542988621,0.0876935987019,0.00186196112244,0.00133291779637,0.054510964548,0.0354691998185,0.0484848454101,0.027025724319,0.113754320021,1,0.01,10,15,1,10,20,4.62665302776e-07,4.18426206559e-07,4.62665302776e-07,0.0473742750223,0.00504420835897,0.000260879980415,4.62665302776e-07,4.18426206559e-07,4.62665302776e-07,0.384029996155,0.288701259952,0.274586693018
766,0.290278617394,0.123360056095,0.00995546125922,0.0285839462419,0.0512846668369,0.0932295842167,0.06668279349,0.121088937197,0.00681371616276,0.120883399789,0.0717028352241,0.0161359860932,1,0.01,10,15,1,10,20,7.96436004781e-06,7.20282446616e-06,7.96436004781e-06,1.10832539566e-10,0.000519521343496,0.00321778965409,7.96436004781e-06,7.20282446616e-06,7.96436004781e-06,0.567872018536,0.219538815661,0.208805591605
767,0.0435274273321,0.107381759349,0.245197137287,0.0863198218083,0.162501656967,0.117644095178,0.061251581801,0.0280455924082,0.00397654352563,0.0323280091842,0.0777778051936,0.0340485699662,1,0.01,10,15,1,10,20,0.000265089915105,0.000239742567487,0.000265089915105,0.000477762495536,0.000430238004628,0.00108768337309,0.000265089915105,0.000239742567487,0.000265089915105,0.568013411623,0.219593478102,0.208857581607
768,0.0118051171744,0.0108195817207,0.0164902847626,0.0519339367825,0.0483257794959,0.158966974522,0.0048272530397,0.0690783339211,0.0815101814769,0.0761554293403,0.452008064896,0.0180790628675,1,0.01,10,15,1,10,20,7.40873958106e-05,6.70033127552e-05,7.40873958106e-05,0.000536692628825,3.97104847764e-05,0.000349336242716,7.40873958106e-05,6.70033127552e-05,7.40873958106e-05,0.392894747389,0.310463847011,0.295285310035
769,0.0134169137841,0.041341486971,0.0385210678368,0.15229878281,0.115119552153,0.0793378171457,0.0216207087705,0.17466691549,0.313227452781,0.00329551478034,0.038045893084,0.00910789439334,1,0.01,10,15,1,10,20,0.00100140104457,0.000905649154601,0.00100140104457,0.0489779601841,0.00834355267451,0.0466247949119,0.00100140104457,0.000905649154601,0.00100140104457,0.507460577513,0.196183806466,0.186592405763
770,0.00208289261309,0.210008223317,0.0524283203026,0.0647861157469,0.0711455633116,0.0217281750671,0.0424042383232,0.0691987189663,0.116262530173,0.116982486278,0.197172418727,0.0358003171745,1,0.01,10,15,1,10,20,2.93674876251e-06,2.65594293962e-06,2.93674876251e-06,0.00968254238755,3.23865226437e-06,0.000798809063309,2.93674876251e-06,2.65594293962e-06,2.93674876251e-06,0.564042522665,0.218058335974,0.207397492377
771,0.0711169556197,0.0432417126043,0.0317172650893,0.117125171866,0.187684226207,0.0198385315995,0.0027040386711,0.018634551318,0.088362871332,0.0893106304545,0.0606906976895,0.269573347548,1,0.01,10,15,1,10,20,2.32191509164e-10,2.09989838857e-10,2.32191509164e-10,0.0497586840956,7.16680914948e-05,3.54566839807e-05,2.32191509164e-10,2.09989838857e-10,2.32191509164e-10,0.541603818464,0.209383552951,0.199146818365
772,0.312726813443,0.0523740332859,0.0266367881656,0.0760411115761,0.00618141969649,0.308102229162,0.00678390392231,0.080743423388,0.0227931787263,0.0427401557831,0.00507855768601,0.0597983851654,1,0.01,10,15,1,10,20,1.23525032616e-07,1.11713825313e-07,1.23525032616e-07,2.41576601056e-09,7.14253757729e-07,2.31169361678e-07,1.23525032616e-07,1.11713825313e-07,1.23525032616e-07,0.570027639035,0.220372335157,0.209598360442
773,0.0248670205068,0.130661004978,0.00592692527419,0.139286495414,0.0338879255889,0.0789373232665,0.0762933762807,0.0714307431025,0.106501950601,0.103708077477,0.216981651025,0.0115175064858,1,0.01,10,15,1,10,20,3.87303558207e-10,3.50270395629e-10,3.87303558207e-10,1.13400749189e-05,0.0014690776869,0.000262618194564,3.87303558207e-10,3.50270395629e-10,3.87303558207e-10,0.569035182747,0.219988493907,0.209233285141
774,0.00282861430875,0.0856456168066,0.0389175016334,0.00614502922714,0.0256382417555,0.291962103018,0.0303463459491,0.186164248099,0.143581918845,0.0858590460247,0.0698091777281,0.033102156604,1,0.01,10,15,1,10,20,3.46311901175e-05,3.13198275785e-05,3.46311901175e-05,0.00264477800542,0.00192525400547,0.00254382677874,3.46311901175e-05,3.13198275785e-05,3.46311901175e-05,0.565858991021,0.21876058102,0.208065404754
775,0.289297379696,0.00732500475895,0.103009351041,0.00683484662344,0.0799028079571,0.0387382141776,0.0434988533886,0.0536939097784,0.161684004186,0.00209118527282,0.0583043830308,0.155620060089,1,0.01,10,15,1,10,20,3.17851867202e-08,2.87459531206e-08,3.17851867202e-08,0.0908186252979,0.0001374835272,4.23781243054e-08,3.17851867202e-08,2.87459531206e-08,3.17851867202e-08,0.518181036907,0.200328326502,0.190534300755
776,0.0809210252375,0.0475772916586,0.0148490733684,0.0274923820546,0.122504094968,0.0279386520273,0.0507021217162,0.0837723232035,0.0444910504319,0.182102897326,0.276105583453,0.0415435045549,1,0.01,10,15,1,10,20,3.3276542959e-08,3.00947089703e-08,3.3276542959e-08,0.00966045163833,0.00026738461671,3.33519621887e-08,3.3276542959e-08,3.00947089703e-08,3.3276542959e-08,0.56436948323,0.218184738637,0.20751771523
777,0.0120014985593,0.131919582692,0.0182952223509,0.00999395608424,0.0205689059016,0.0426068679305,0.00868298466521,0.335122556915,0.0851045518526,0.123686503048,0.0426145888346,0.169402781166,1,0.01,10,15,1,10,20,1.02896879306e-06,9.30580932183e-07,1.02896879306e-06,5.81429666356e-09,0.000127951554667,0.000411427965547,1.02896879306e-06,9.30580932183e-07,1.02896879306e-06,0.569717892423,0.220252428858,0.209484316347
778,0.0735398268501,0.0368768541765,0.0127313958099,0.0586000295005,0.115219403267,0.232218143619,0.145633064825,0.0365733603799,0.0142706359938,0.0236534812212,0.0617761731292,0.188907631228,1,0.01,10,15,1,10,20,6.278101677e-05,5.67780262176e-05,6.278101677e-05,0.00459410392129,0.00272226055574,0.000282575336204,6.278101677e-05,5.67780262176e-05,6.278101677e-05,0.56548927223,0.218617648065,0.207929459773
779,0.0636546581421,0.110081495711,0.187585884117,0.0769444987744,0.163007003609,0.0378717486989,0.0494019459572,0.0622730724685,0.0599177857112,0.0515697587312,0.0943733779642,0.0433187701151,1,0.01,10,15,1,10,20,1.18623451955e-05,1.07280923623e-05,1.18623451955e-05,0.0323669319451,2.83524211446e-06,0.00406384939507,1.18623451955e-05,1.07280923623e-05,1.18623451955e-05,0.390590666474,0.293631201249,0.279275610129
780,0.0313285570909,0.0778712634452,0.138067333908,0.0222382748637,0.0266575641765,0.152485659751,0.160135408774,0.190902708413,0.00570044151928,0.0091397867683,0.0763592562008,0.109113745088,1,0.01,10,15,1,10,20,3.33104999716e-07,3.01254190839e-07,3.33104999716e-07,0.000180176464461,0.00593568793544,2.63228634627e-07,3.33104999716e-07,3.01254190839e-07,3.33104999716e-07,0.566541293021,0.219024358364,0.208316286059
781,0.000850880292877,0.00834134915896,0.113860268088,0.0533189468531,0.0780866706162,0.0480727195442,0.165140114668,0.047808460882,0.157498717819,0.129122034616,0.0474745675764,0.150425269886,1,0.01,10,15,1,10,20,1.67562875909e-07,1.51540861409e-07,1.67562875909e-07,2.18284210378e-07,0.000308020232442,0.000874474986951,1.67562875909e-07,1.51540861409e-07,1.67562875909e-07,0.569354029117,0.220111759629,0.209350524418
782,0.0077567666177,0.023726812858,0.142582093702,0.239133119867,0.00801485040544,0.176426825223,0.0489484746479,0.00864757255017,0.0116694636687,0.252085063183,0.0177766640046,0.0632322932725,1,0.01,10,15,1,10,20,5.542050851e-08,5.01213144843e-08,5.542050851e-08,0.0663855132778,1.07486817929e-07,4.62429277449e-07,5.542050851e-08,5.01213144843e-08,5.542050851e-08,0.532186604162,0.205742866305,0.195684124414
783,0.310605523839,0.023059694483,0.0158987019892,0.194262947606,0.154697939208,0.0422446847514,0.0199713167333,0.0895335175131,0.0950480282116,0.0381075179328,0.00231146366634,0.0142586640666,1,0.01,10,15,1,10,20,4.25413533424e-07,3.84736374095e-07,4.25413533424e-07,0.0723528914707,0.040890173542,0.0236275048426,4.25413533424e-07,3.84736374095e-07,4.25413533424e-07,0.349882598065,0.26305248122,0.250191879733
784,0.141883642811,0.0827455267566,0.0470508565773,0.0641236028581,0.0114024535524,0.0337620834227,0.0343326036441,0.0800488994623,0.0753761347222,0.218363906554,0.14368937736,0.0672209122796,1,0.01,10,15,1,10,20,8.44180848199e-11,7.63462027176e-11,8.44180848199e-11,4.71665925293e-09,0.000292392876029,5.07462605825e-11,8.44180848199e-11,7.63462027176e-11,8.44180848199e-11,0.569862085846,0.220308177026,0.209537338994
785,0.183666431847,0.101144150425,0.0808256677154,0.0838643990868,0.0764755325258,0.00638540032062,0.124786716162,0.0909331319646,0.0268201985254,0.0299901147592,0.138050352232,0.0570579044358,1,0.01,10,15,1,10,20,8.7558528943e-06,7.91863640902e-06,8.7558528943e-06,7.0914370735e-06,0.000257383824394,0.00329999745767,8.7558528943e-06,7.91863640902e-06,8.7558528943e-06,0.567967920628,0.219575891324,0.208840854644
786,0.0238390513766,0.0488473463089,0.0284774282814,0.174691536182,0.00297955653246,0.0751381782162,0.226339467191,0.0489695792194,0.101573070656,0.0192371306125,0.1796272326,0.0702804228233,1,0.01,10,15,1,10,20,2.45680405758e-07,2.22188955149e-07,2.45680405758e-07,0.059890427518,9.8017718257e-05,0.000511837208651,2.45680405758e-07,2.22188955149e-07,2.45680405758e-07,0.535541049911,0.207039692039,0.196917548506
787,0.0699570307323,0.0863560700511,0.385698396788,0.0256778737309,0.0514034597139,0.0668362340515,0.0127129037024,0.104088709536,0.0631685415637,0.0617948344556,0.0685957792653,0.00371016640887,1,0.01,10,15,1,10,20,0.00015103291035,0.000136591456857,0.00015103291035,1.03943227159e-10,8.11747771865e-07,1.97809647513e-06,0.00015103291035,0.000136591456857,0.00015103291035,0.569527079779,0.220178660861,0.209414154857
788,0.0279676551569,0.071334698488,0.241931874396,0.019810721353,0.0739932892251,0.0776693498178,0.0682894208937,0.0447767004349,0.142987207453,0.000861092721171,0.193306748071,0.03707124199,1,0.01,10,15,1,10,20,2.59795771445e-07,2.34954638858e-07,2.59795771445e-07,0.000135271316193,2.07449678843e-07,0.00424474831027,2.59795771445e-07,2.34954638858e-07,2.59795771445e-07,0.567531049007,0.219406997145,0.20868021768
789,0.141637199932,0.116223715862,0.237017050486,0.0505472922245,0.0489176063038,0.00990637289513,0.0475980816251,0.0641867433068,0.0290654781643,0.126761589307,0.000703608556964,0.127435261337,1,0.01,10,15,1,10,20,1.55197807105e-06,1.40358114826e-06,1.55197807105e-06,0.0402475460088,9.96084805343e-08,6.70852604517e-05,1.55197807105e-06,1.40358114826e-06,1.55197807105e-06,0.389042180737,0.292466357691,0.27816771562
790,0.0674336419709,0.0945896488013,0.0781030863611,0.0991392167212,0.0461828868965,0.0319014480146,0.143458035624,0.122791892319,0.0513225764852,0.106425886619,0.00089886155394,0.157752818633,1,0.01,10,15,1,10,20,0.00016053467932,0.000145184686394,0.00016053467932,0.00220700930273,0.000293167970226,0.000638136974317,0.00016053467932,0.000145184686394,0.00016053467932,0.567708278834,0.219475514038,0.208745384791
791,0.206859389708,0.00598443381054,0.000692357786444,0.0104442674217,0.217063119761,0.0179037456608,0.0211609069453,0.259235302097,0.0133932029431,0.152314993144,0.0629929031002,0.0319553776217,1,0.01,10,15,1,10,20,4.3991997355e-05,3.97855738517e-05,4.3991997355e-05,3.39227379997e-05,0.000124153963756,6.57804937169e-05,4.3991997355e-05,3.97855738517e-05,4.3991997355e-05,0.569755494963,0.220266965967,0.209498142738
792,0.117877095408,0.0435361467931,0.0285260253937,0.0735241417375,0.0495309047367,0.195966371241,0.0197347998806,0.160633004711,0.0829273402958,0.00421213679863,0.0822525909049,0.141279442099,1,0.01,10,15,1,10,20,2.09990761282e-12,1.89911880421e-12,2.09990761282e-12,0.0866789168244,0.000568391972457,4.36789213501e-06,2.09990761282e-12,1.89911880421e-12,2.09990761282e-12,0.520292799177,0.201144731911,0.19131079221
793,0.0175705075815,0.078430012168,0.00454288740107,0.080685499819,0.130398691836,0.0470457193134,0.22318845954,0.00160956818807,0.0103923386829,0.337232200951,0.0553656634367,0.0135384510826,1,0.01,10,15,1,10,20,1.69733372725e-06,1.53503819824e-06,1.69733372725e-06,0.00392041199687,0.000516134649519,0.00298393620737,1.69733372725e-06,1.53503819824e-06,1.69733372725e-06,0.402379410768,0.302489458566,0.287700788401
794,0.193650164088,0.00367534472366,0.0748474897404,0.288878785397,0.0892344611583,0.00154955916885,0.0559368883813,0.151393255024,0.0638145417356,0.00594613239967,0.0450266854118,0.0260466927713,1,0.01,10,15,1,10,20,2.78839818619e-05,2.52177733758e-05,2.78839818619e-05,0.0131080351045,0.000867807623912,0.000781194212148,2.78839818619e-05,2.52177733758e-05,2.78839818619e-05,0.398894662132,0.300437335802,0.285748993651
795,0.189597358078,0.0453092785298,0.21670408727,0.0178944582123,0.253838972281,0.0136433398294,0.031506498678,0.00300564902401,0.00700574271352,0.0244553040728,0.0868817604789,0.110157550832,1,0.01,10,15,1,10,20,0.000192402111355,0.000174005020703,0.000192402111355,0.0439806993043,0.00169834704059,0.0040732008755,0.000192402111355,0.000174005020703,0.000192402111355,0.541031477954,0.209162286621,0.198936369717
796,0.0529274202362,0.0412482383259,0.0111723027204,0.0720713334566,0.237555283601,0.0247154366781,0.0137563214969,0.044381581904,0.0485000395706,0.335451723629,0.0564299856918,0.061790332689,1,0.01,10,15,1,10,20,1.38587326171e-06,1.25335893612e-06,1.38587326171e-06,2.96125668497e-07,0.000486083248717,0.000257771590445,1.38587326171e-06,1.25335893612e-06,1.38587326171e-06,0.569599988355,0.220206847251,0.209440963218
797,0.136974353476,0.0245947066864,0.0705923562623,0.0941301034204,0.0201959018158,0.287860376236,0.0660322397197,0.0192674135151,0.0340361617277,0.128918466793,0.114215580855,0.00318233949315,1,0.01,10,15,1,10,20,6.76227772929e-07,6.11568276461e-07,6.76227772929e-07,8.16516554542e-05,0.00268373810252,4.50399635659e-07,6.76227772929e-07,6.11568276461e-07,6.76227772929e-07,0.568449917114,0.219762230735,0.209018083946
798,0.148306846225,0.00205497214836,0.00497355284049,0.0486804087338,0.0136321313167,0.140810087099,0.253331448991,0.0397063514301,0.14150636528,0.0573691600847,0.0296083000098,0.120020375841,1,0.01,10,15,1,10,20,1.56872733709e-06,1.41872888424e-06,1.56872733709e-06,3.40145610207e-12,2.77509610359e-07,0.00377410039664,1.56872733709e-06,1.41872888424e-06,1.56872733709e-06,0.567872066374,0.219538834155,0.208805609195
799,0.000285873424732,0.0182314118066,0.0554652229988,0.116576309141,0.344306120014,0.245593208212,0.173843501024,0.00662392755414,0.0177457073917,0.0123134648124,0.00364471055205,0.00537054306936,1,0.01,10,15,1,10,20,1.21956373828e-06,1.10295158423e-06,1.21956373828e-06,8.44485630976e-07,0.265262681713,1.25777503713e-10,1.21956373828e-06,1.10295158423e-06,1.21956373828e-06,0.418816886267,0.161914234526,0.153998268724
800,0.0018564898516,0.0069476872671,0.196734616602,0.00698955976486,0.00861283880531,0.00660998367926,0.035046261834,0.34472499746,0.110062043938,0.0651903857841,0.216620432366,0.000604702647891,1,0.01,10,15,1,10,20,1.22297064612e-09,1.10603273061e-09,1.22297064612e-09,0.000379643492505,5.27796128026e-09,0.00365943273206,1.22297064612e-09,1.10603273061e-09,1.22297064612e-09,0.391838252553,0.309630219949,0.294492438892
801,0.077454367632,0.10684179091,0.101093340157,0.10265636382,0.0876131623676,0.116381627249,0.138261962863,0.0353741088277,0.0277696133765,0.133616439953,0.0263064347272,0.0466307881169,1,0.01,10,15,1,10,20,9.60992978561e-09,8.6910482402e-09,9.60992978561e-09,6.93269713257e-06,0.00521056008147,6.52722623756e-09,9.60992978561e-09,8.6910482402e-09,9.60992978561e-09,0.567054608158,0.219222805538,0.208505031176
802,0.199894339847,0.0454540472766,0.00749718620876,0.0170088746985,0.0156050824502,0.0221117671658,0.0283705764387,0.0981281880316,0.0165503731977,0.29333642377,0.156518082802,0.0995250581125,1,0.01,10,15,1,10,20,5.86956112063e-06,5.30832586567e-06,5.86956112063e-06,0.0224486927481,8.64257311744e-06,4.04021702915e-05,5.86956112063e-06,5.30832586567e-06,5.86956112063e-06,0.557184972081,0.215407213037,0.204875982495
803,0.055199638475,0.0616635083133,0.054351813571,0.0165219956395,0.36894101531,0.032447930973,0.133833956498,0.0169894597998,0.00404850259792,0.0260663572821,0.215565450909,0.014370370632,1,0.01,10,15,1,10,20,6.17255975962e-05,5.58235240352e-05,6.17255975962e-05,0.000662166888421,0.00971661516947,0.00185715093851,6.17255975962e-05,5.58235240352e-05,6.17255975962e-05,0.562849547398,0.2175971328,0.206958837367
804,0.157130724542,0.0830085212572,0.00461311399722,0.0176879336587,0.0769678682287,0.0323143078936,0.0891710378461,0.046666221918,0.0281337587742,0.287350171511,0.0100439706885,0.166912369685,1,0.01,10,15,1,10,20,2.21207222071e-12,2.00055846504e-12,2.21207222071e-12,0.942848912226,4.54339645446e-05,3.47862804737e-05,2.21207222071e-12,2.00055846504e-12,2.21207222071e-12,0.0325320361082,0.0125768561315,0.0119619752761
805,0.0126388801927,0.00188641429251,0.0749315617674,0.199012060097,0.116190562381,0.0144933496899,0.0784586326723,0.124757685084,0.201724117225,0.159689985674,0.00786514589605,0.00835160502787,1,0.01,10,15,1,10,20,9.08898274595e-09,8.2199130755e-09,9.08898274595e-09,0.0992483126288,9.74159205184e-09,0.00210795920581,9.08898274595e-09,8.2199130755e-09,9.08898274595e-09,0.512252738589,0.198036451662,0.188354475377
806,0.100665932951,0.0769004014696,0.0637965683486,0.143024778324,0.224551341162,0.0897437738605,0.0279069380841,0.119835963487,0.0265612531625,0.0018469189732,0.0192716058053,0.105894524371,1,0.01,10,15,1,10,20,0.000173043205727,0.000156497173462,0.000173043205727,4.98457675408e-06,1.29593727288e-05,0.000369307076326,0.000173043205727,0.000156497173462,0.000173043205727,0.569235046238,0.220065760954,0.209306774612
807,0.0580218787468,0.144507836243,0.0168054434901,0.128678901689,0.168837024916,0.046411503067,0.0347028001812,0.027719901673,0.191801758661,0.0047666144661,0.0749322127525,0.102814124115,1,0.01,10,15,1,10,20,3.35334782591e-08,3.03270766502e-08,3.35334782591e-08,8.88704082895e-08,4.29075248311e-08,0.00603915584761,3.35334782591e-08,3.03270766502e-08,3.35334782591e-08,0.566586085963,0.219041675275,0.208332756348
808,0.0219021512976,0.208577631983,0.034081921781,0.0130342382967,0.00721296797414,0.0782478699503,0.0311232362667,0.106851097595,0.127872967109,0.09554214214,0.190963831718,0.0845899438886,1,0.01,10,15,1,10,20,2.7556276229e-10,2.49214022755e-10,2.7556276229e-10,2.04423566051e-10,0.000214330811898,0.000927872334532,2.7556276229e-10,2.49214022755e-10,2.7556276229e-10,0.569377674985,0.2201209011,0.209359218964
809,0.055703572954,0.0938729465884,0.232299926105,0.049690195202,0.0182389549284,0.200047094962,0.0685638130117,0.0960108625373,0.017984545633,0.0528102339864,0.110745357726,0.00403249636613,1,0.01,10,15,1,10,20,6.20614651117e-05,5.61272765958e-05,6.20614651117e-05,4.84292282202e-09,0.000839365345252,0.00318580213582,6.20614651117e-05,5.61272765958e-05,6.20614651117e-05,0.567528805049,0.219406129633,0.20867939258
810,0.243936502094,0.0819951395434,0.0198521276884,0.00640138375198,0.0202923680294,0.0425620213529,0.134636150112,0.181784530366,0.0261243330606,0.012535444319,0.0314675270051,0.198412472678,1,0.01,10,15,1,10,20,1.06509531705e-08,9.63253112912e-09,1.06509531705e-08,0.0220403760232,0.00983653172053,0.000710812052526,1.06509531705e-08,9.63253112912e-09,1.06509531705e-08,0.551452791736,0.213191157231,0.202768269368
811,0.104546457252,0.0176687381849,0.150185764822,0.00384256634901,0.0368366390593,0.204973059978,0.10415110601,0.152759864757,0.0748487222472,0.0162812879211,0.123519978787,0.0103858146317,1,0.01,10,15,1,10,20,5.33481747746e-05,4.82471330006e-05,5.33481747746e-05,0.00544412134143,9.2909116589e-05,0.00378532100334,5.33481747746e-05,4.82471330006e-05,5.33481747746e-05,0.38963672445,0.307891916373,0.292839120751
812,0.213062401908,0.0409459526668,0.0195238139904,0.105065348828,0.026332577173,0.0365413944833,0.0378232329934,0.0196175689196,0.0325233582851,0.170681702273,0.20423569953,0.0936469489496,1,0.01,10,15,1,10,20,1.47721733114e-08,1.33596887518e-08,1.47721733114e-08,0.0371973095396,1.31848472316e-07,7.14236956186e-05,1.47721733114e-08,1.33596887518e-08,1.47721733114e-08,0.548784390625,0.212159555742,0.201787102741
813,0.0279195537552,0.18239519384,0.024819740186,0.213710080724,0.0398055933139,0.000578816276019,0.0506168735605,0.0711134781449,0.00482970781397,0.0676202906442,0.274071902547,0.0425187691949,1,0.01,10,15,1,10,20,1.10981701023e-07,1.00369861059e-07,1.10981701023e-07,0.032765750658,0.000488209355037,0.000131380194798,1.10981701023e-07,1.00369861059e-07,1.10981701023e-07,0.550997792947,0.213015255105,0.202600967074
814,0.203117233685,0.0053636608156,0.0481153739509,0.061381044224,0.0289779868999,0.0409257300246,0.197355170554,0.145143490696,0.0549775595072,0.0124476281363,0.12898516121,0.0732099602975,1,0.01,10,15,1,10,20,5.31718182508e-07,4.80876393217e-07,5.31718182508e-07,0.0762837422336,1.17901133012e-05,4.72570458551e-08,5.31718182508e-07,4.80876393217e-07,5.31718182508e-07,0.526536329066,0.203558474995,0.19360652771
815,0.160790071779,0.00890783043391,0.0501469985032,0.130401389076,0.193183181696,0.0455830119137,0.0495641380831,0.0169359423596,0.0573901691561,0.046057697373,0.144962275795,0.0960772938309,1,0.01,10,15,1,10,20,7.18923691172e-06,6.50181699595e-06,7.18923691172e-06,0.0300655951353,7.49359224862e-06,1.00357217303e-05,7.18923691172e-06,6.50181699595e-06,7.18923691172e-06,0.552856713662,0.213733912194,0.203284489112
816,0.104230046933,0.232098640921,0.0744663296727,0.0852834944554,0.197619797209,2.39310971594e-05,0.00518133873803,0.087227244641,0.0840687559405,0.0278117807747,0.0918473478958,0.010141291722,1,0.01,10,15,1,10,20,0.000190178130593,0.000171993692367,0.000190178130593,0.123672825705,0.00199385577311,0.0183140238788,0.000190178130593,0.000171993692367,0.000190178130593,0.487325910329,0.188399762098,0.179188922309
817,0.122353998226,0.000160428225349,0.407660634402,0.0317600806094,0.147608595758,0.108259628631,0.049759034025,0.0306533675982,0.018141195951,0.0367558078421,0.00228279063375,0.0446044380986,1,0.01,10,15,1,10,20,0.00220803118944,0.00199690382879,0.00220803118944,0.107103568554,0.0077203724111,0.00961260299117,0.00220803118944,0.00199690382879,0.00220803118944,0.491785204821,0.19012372137,0.180828597437
818,0.11135103909,0.276989539951,0.140405266881,0.0188476055328,0.030563980761,0.173704845245,0.00143093447265,0.0479781851649,0.0641267723006,0.0451222481052,0.0565153573673,0.0329642251279,1,0.01,10,15,1,10,20,8.70504128398e-10,7.87268329944e-10,8.70504128398e-10,0.0195223605651,0.00117682886756,0.0277959063616,8.70504128398e-10,7.87268329944e-10,8.70504128398e-10,0.542385162232,0.209685619755,0.199434117162
819,0.05379377518,0.00306196179672,0.0221173664421,0.0227077944912,0.111284476085,0.216624637181,0.038486066375,0.165707618902,0.221037126379,0.00585676791939,0.0712364619899,0.0680859472595,1,0.01,10,15,1,10,20,3.80750196968e-09,3.44343653194e-09,3.80750196968e-09,1.78868007607e-06,0.000984399282917,4.88714857353e-06,3.80750196968e-09,3.44343653194e-09,3.80750196968e-09,0.569462049321,0.220155103878,0.209391749572
820,0.00218874919425,0.0497846383741,0.0223372472537,0.235344730936,0.0015568077338,0.0132123955858,0.120224191076,0.298746936167,0.102613625912,0.0343225367562,0.0195617594836,0.100106381527,1,0.01,10,15,1,10,20,7.90806417616e-08,7.15191148894e-08,7.90806417616e-08,0.0949916048031,2.78404560327e-07,0.00264380250428,7.90806417616e-08,7.15191148894e-08,7.90806417616e-08,0.5143733535,0.198856279494,0.189134221933
821,0.0510790186206,0.0881522326628,0.0739858917898,0.103722550395,0.274170659033,0.0408755398967,0.106848921742,0.00160522209647,0.0329607146897,0.00724845896976,0.164363136761,0.054987653343,1,0.01,10,15,1,10,20,2.89644449661e-05,2.61949248399e-05,2.89644449661e-05,0.0925757348496,0.000156336673661,3.26678695484e-05,2.89644449661e-05,2.61949248399e-05,2.89644449661e-05,0.517054288873,0.199892726717,0.190119997387
822,0.114946271396,0.086749001345,0.147373945826,0.0628905896846,0.00441376286478,0.112757285363,0.0525809652507,0.0563380156659,0.0146806663679,0.00143164788504,0.310469141123,0.0353687072284,1,0.01,10,15,1,10,20,2.64610040812e-07,2.39308577777e-07,2.64610040812e-07,0.0379074301907,0.000190578264515,0.000600572313633,2.64610040812e-07,2.39308577777e-07,2.64610040812e-07,0.547968584305,0.211844165747,0.201487132122
823,0.0466719803697,0.102369716038,0.221043896241,0.0545712700232,0.0813653272929,0.161782970096,0.0337296803426,0.0142488673084,0.0620348547787,0.010216609941,0.20881221445,0.00315261311833,1,0.01,10,15,1,10,20,2.72675660049e-05,2.46602979239e-05,2.72675660049e-05,0.000355974907937,5.62031339046e-05,0.000132164849523,2.72675660049e-05,2.46602979239e-05,2.72675660049e-05,0.404933979884,0.304628261155,0.28973502521
824,0.157371298015,0.134186871383,0.122963348296,0.0541874516832,0.0107340769731,0.204167139671,0.0760333356068,0.0237020715354,0.104903616892,0.00020279135609,0.0757458239436,0.0358021746443,1,0.01,10,15,1,10,20,1.61264418438e-08,1.45844649372e-08,1.61264418438e-08,0.141187565381,0.00515407711102,2.46961613592e-08,1.61264418438e-08,1.45844649372e-08,1.61264418438e-08,0.486609751499,0.188122895734,0.178925591905
825,0.301148698986,0.0483458273235,0.0171214897678,0.0263531253099,0.0223145774803,0.0755543009932,0.235335939255,0.0395632422027,0.156901631595,0.00107655932527,0.0104787109413,0.0658058968196,1,0.01,10,15,1,10,20,4.20698693693e-07,3.80472357556e-07,4.20698693693e-07,0.00739019349114,0.00736316186376,0.0349897139645,4.20698693693e-07,3.80472357556e-07,4.20698693693e-07,0.38521261023,0.289600196262,0.275441680449
826,0.13259529067,0.0214897104311,0.264620761547,0.00393488021385,0.02510012155,0.0313913929692,0.242238154587,0.0142048485165,0.0989730459116,0.0431571267698,0.0274899232682,0.0948047435661,1,0.01,10,15,1,10,20,1.1940368988e-05,1.07986556817e-05,1.1940368988e-05,0.00100796544652,9.27663501914e-05,0.00878314389659,1.1940368988e-05,1.07986556817e-05,1.1940368988e-05,0.564355134707,0.21817919151,0.207512439302
827,0.018612550356,0.112164318368,0.00936014555015,0.0103818461798,0.184476304923,0.0292811207198,0.00238502316116,0.396480471559,0.0274406165877,0.0812562082674,0.103940263188,0.0242211311395,1,0.01,10,15,1,10,20,1.70422538512e-06,1.54127089007e-06,1.70422538512e-06,2.63780908584e-07,0.00413111448695,4.12104932007e-05,1.70422538512e-06,1.54127089007e-06,1.70422538512e-06,0.567644626078,0.219450905939,0.208721979779
828,0.00911678308624,0.18352249305,0.0492165470534,0.00646360997296,0.0456849286005,0.0297935146838,0.123989412558,0.189612689932,0.0727088944277,0.0116363175836,0.201635143521,0.0766196655309,1,0.01,10,15,1,10,20,3.56747612617e-05,3.22636146153e-05,3.56747612617e-05,0.0103105416557,0.004755385185,0.000176326587376,3.56747612617e-05,3.22636146153e-05,3.56747612617e-05,0.561222116833,0.216967969596,0.206360433869
829,0.0253876063512,0.0897506804834,0.163823162531,0.0136027965716,0.207375362315,0.0798333140519,0.0225591002373,0.116239520477,0.103180898622,0.0225819365742,0.104354823455,0.0513107983309,1,0.01,10,15,1,10,20,5.78222381855e-05,5.22933957519e-05,5.78222381855e-05,3.31252552364e-07,2.6715716012e-07,0.000160224601008,5.78222381855e-05,5.22933957519e-05,5.78222381855e-05,0.569745632084,0.220263152987,0.209494516174
830,0.0169759511241,0.0152507682632,0.261451682495,0.0136939805906,0.00607762226989,0.00401728600377,0.0200720978986,0.194936765888,0.227159335329,0.00625947490427,0.0523021500687,0.181802885164,1,0.01,10,15,1,10,20,4.13805531996e-11,3.74238305677e-11,4.13805531996e-11,2.51385789095e-08,0.0036956522188,2.81047512692e-08,4.13805531996e-11,3.74238305677e-11,4.13805531996e-11,0.567922106106,0.219558179471,0.208824008721
831,0.0296453603234,0.168693012058,0.00496233327446,0.269616852593,0.100770432455,0.105992334306,0.168296149715,0.00280036483792,0.0111731693424,0.0240079690746,0.0338623554779,0.0801796665436,1,0.01,10,15,1,10,20,9.53253475802e-07,8.62105356456e-07,9.53253475802e-07,0.000355485784831,1.3521202464e-09,0.000292024175072,9.53253475802e-07,8.62105356456e-07,9.53253475802e-07,0.404954751158,0.30464308038,0.289749119926
832,0.0484887099199,0.00736154861993,0.00186409090017,0.0351312595878,0.33179581789,0.00681196950829,0.218724387114,0.119316528176,0.0303964503164,0.112739191534,0.0871176726786,0.000252373754274,1,0.01,10,15,1,10,20,0.0166961538503,0.0150997022638,0.0166961538503,0.0151612680203,0.0833319393961,0.757224647134,0.0166961538503,0.0150997022638,0.0166961538503,0.0269612920614,0.0104232114537,0.0099136220056
833,0.148334078084,0.00251284298233,0.0277396838784,0.0084432751576,0.121642131419,0.0754519482252,0.0162913352428,0.171947860684,0.038323143962,0.0260127254329,0.00887197232407,0.354429002608,1,0.01,10,15,1,10,20,1.9657728183e-06,1.77780970041e-06,1.9657728183e-06,0.000979079331889,8.10947558428e-06,0.00179477411183,1.9657728183e-06,1.77780970041e-06,1.9657728183e-06,0.568436456782,0.219757026983,0.209013134605
834,0.00889443392884,0.076833046755,0.0105773399958,0.023896998976,0.244356581097,0.109295596719,0.047626487349,0.141146859136,0.163861460096,0.00857320716374,0.143691148028,0.0212468407549,1,0.01,10,15,1,10,20,0.00010585410264,9.57325529942e-05,0.00010585410264,5.01210011886e-05,0.00256301648216,0.000159416322911,0.00010585410264,9.57325529942e-05,0.00010585410264,0.56809782909,0.219626113819,0.208888621768
835,0.12208106591,0.108276607751,0.0542124704278,0.170098568317,0.0637993961811,0.000462892397741,0.0271350474944,0.00698807195848,0.131067948063,0.0622614026763,0.0867776916852,0.166838837139,1,0.01,10,15,1,10,20,4.43476130611e-06,4.01071863219e-06,4.43476130611e-06,0.0224851292447,0.00905333743021,5.48486319465e-06,4.43476130611e-06,4.01071863219e-06,4.43476130611e-06,0.552033120718,0.213415511897,0.202981655364
836,0.101795466033,0.0398231085825,0.00391278682901,0.10305860898,0.0696905636854,0.0329290912733,0.148724647114,0.121907060853,0.0267383649332,0.0670400092046,0.196723307465,0.0876569850476,1,0.01,10,15,1,10,20,3.77304227184e-07,3.4122717989e-07,3.77304227184e-07,0.0547066224721,7.92238564694e-05,1.93210091172e-06,3.77304227184e-07,3.4122717989e-07,3.77304227184e-07,0.53879690569,0.208298402978,0.198114721232
837,0.0938499645706,0.0146908178664,0.0411925315158,0.0104800014276,0.247477591312,0.0291495511388,0.101885954672,0.00562606894423,0.225868568407,0.159411594234,0.0028976243397,0.0674697315714,1,0.01,10,15,1,10,20,1.87672549327e-06,1.69727689582e-06,1.87672549327e-06,0.0740279941523,0.00115411067359,5.37388047844e-05,1.87672549327e-06,1.69727689582e-06,1.87672549327e-06,0.363816716173,0.2874960926,0.273440446141
838,0.0868565472135,0.069365286235,0.184542480004,0.0906688062833,0.0943358632631,0.0183173244278,0.026217631807,0.0787590233045,0.046452266963,0.141526079272,0.0961481973453,0.0668104938813,1,0.01,10,15,1,10,20,4.42480469362e-06,4.00171405033e-06,4.42480469362e-06,5.44112365434e-06,0.000330129288593,0.00165945092416,4.42480469362e-06,4.00171405033e-06,4.42480469362e-06,0.568876893866,0.219927299567,0.209175082584
839,0.0131993110902,0.0448044953685,0.0166583334292,0.284729248935,0.273328688993,0.0281761885136,0.18012105093,0.0340967046274,0.0264422604416,0.000773256394789,0.0422083270737,0.0554621342036,1,0.01,10,15,1,10,20,5.60228838836e-06,5.06660919746e-06,5.60228838836e-06,0.162050723335,0.00406767491106,0.00332687101082,5.60228838836e-06,5.06660919746e-06,5.60228838836e-06,0.326734846594,0.258205487179,0.245581854598
840,0.213121389879,0.00456552069514,0.168485418949,0.140348144923,0.0344330049022,0.0230148387565,0.112219242255,0.156502255747,0.0660643067505,0.0361973025071,0.00704008634483,0.0380084882912,1,0.01,10,15,1,10,20,2.61604691112e-06,2.36590593379e-06,2.61604691112e-06,0.288407308973,0.0063818385961,4.82604660357e-06,2.61604691112e-06,2.36590593379e-06,2.61604691112e-06,0.285858227353,0.214920007069,0.204412595963
841,0.0753033001501,0.373262380681,0.0280296132694,0.00673394263359,0.0148474379523,0.00612895992264,0.000874656243208,0.0909132001225,0.0830925167669,0.0191018763382,0.123591436881,0.17812067904,1,0.01,10,15,1,10,20,6.99552763315e-06,6.32662979665e-06,6.99552763315e-06,1.89246347253e-05,1.59024045239e-07,0.00156056011862,6.99552763315e-06,6.32662979665e-06,6.99552763315e-06,0.569105158941,0.220015546641,0.20925901527
842,0.0568384379484,0.0731975451605,0.00607466201939,0.0112233429595,0.196305010323,0.252944864782,0.0802284163822,0.0450448365101,0.0419580644819,0.104358441053,0.096320467883,0.0355059104978,1,0.01,10,15,1,10,20,2.9304383677e-07,2.65023593167e-07,2.9304383677e-07,0.0786780670657,6.02020331313e-08,4.06560836404e-07,2.9304383677e-07,2.65023593167e-07,2.9304383677e-07,0.525178766903,0.203033642674,0.193107354372
843,0.0711865434442,0.15134647082,0.0231521560894,0.0247027178013,0.0116764484288,0.0560170972582,0.32790510291,0.063815519172,0.114575924315,0.0823901896142,0.0494164744726,0.0238153556748,1,0.01,10,15,1,10,20,2.08273331525e-07,1.88358667733e-07,2.08273331525e-07,0.000784266898543,0.00655104242317,0.00418337580781,2.08273331525e-07,1.88358667733e-07,2.08273331525e-07,0.388892453317,0.307305898514,0.292281753229
844,0.0757648551609,0.0286982019674,0.0137148591624,0.185708957021,0.0421727032063,0.012201582509,0.0781911691932,0.0595387332008,0.053613951278,0.0313213982169,0.136106396977,0.282967192107,1,0.01,10,15,1,10,20,4.15755622802e-08,3.76001932846e-08,4.15755622802e-08,0.00733202796979,0.0031597324481,0.000162460030949,4.15755622802e-08,3.76001932846e-08,4.15755622802e-08,0.563955414878,0.218024660181,0.20736546299
845,0.0722216953843,0.197529929193,0.0189661918328,0.290238859732,0.0101845825598,0.0978708169115,0.096173812957,0.00304229237106,0.148170208666,0.0213015046392,0.0402584818695,0.0040416238841,1,0.01,10,15,1,10,20,0.000692908939447,0.00062665442445,0.000692908939447,0.00075941239933,0.0194300755678,0.00843953973027,0.000692908939447,0.00062665442445,0.000692908939447,0.380568625481,0.300740277575,0.286037124641
846,0.0741572102264,0.0127753385884,0.00396057406422,0.0843798508256,0.246309667453,0.0523480527743,0.0108459792489,0.0133516651902,0.0234441343295,0.281153002978,0.134687855797,0.0625866685239,1,0.01,10,15,1,10,20,8.69450001886e-11,7.86314996822e-11,8.69450001886e-11,0.00096976412336,0.00181312836305,0.000224788253294,8.69450001886e-11,7.86314996822e-11,8.69450001886e-11,0.568314299838,0.219709801217,0.2089682177
847,0.0589068105028,0.0882328521495,0.309372085127,0.0479743222086,0.130416877877,0.0231053668027,0.0144419848865,0.0119564726506,0.00428971397457,0.0607597759317,0.0833133262102,0.167230411679,1,0.01,10,15,1,10,20,4.35100251105e-06,3.93496867931e-06,4.35100251105e-06,3.08443197411e-08,1.18068177471e-05,0.000585134239102,4.35100251105e-06,3.93496867931e-06,4.35100251105e-06,0.56967406663,0.220235485846,0.209468201676
848,0.1341913598,0.0649043346457,0.117722816813,0.0120906549333,0.00774034352158,0.0516552144538,0.0482526299662,0.15902747736,0.220485736353,0.0285505282016,0.0501393603382,0.105239543613,1,0.01,10,15,1,10,20,7.72288315474e-07,6.98443709254e-07,7.72288315474e-07,0.0944547493739,4.2586455936e-07,6.60211111571e-07,7.72288315474e-07,6.98443709254e-07,7.72288315474e-07,0.516183664293,0.199556144031,0.189799870185
849,0.0562622453009,0.00087223377632,0.00885651241474,0.029920370244,0.0803653140083,0.232614878475,0.135290327528,0.00198951346414,0.0155887705666,0.330614401805,0.045471746248,0.0621536861678,1,0.01,10,15,1,10,20,2.29909568973e-05,2.07926093052e-05,2.29909568973e-05,0.000377496502974,7.90946749768e-06,0.00159294208634,2.29909568973e-05,2.07926093052e-05,2.29909568973e-05,0.404536322086,0.304109835496,0.289241945315
850,0.00728816972992,0.0660083287278,0.471290289114,0.0113504718685,0.00234807006856,0.0288635436017,0.0587494323149,0.0691102946306,0.030744079463,0.108780083176,0.0175743958765,0.127892841429,1,0.01,10,15,1,10,20,1.73577223258e-05,1.56980129344e-05,1.73577223258e-05,2.1761268669e-07,1.69868568473e-05,2.22743622352e-05,1.73577223258e-05,1.56980129344e-05,1.73577223258e-05,0.569948786351,0.220341692245,0.209569215658
851,0.161482006689,0.0755259059705,0.0982601079126,0.00991472362883,0.12130981631,0.100090248248,0.00689150907889,0.271621567057,0.00399766556488,0.0767984126216,0.0494830624989,0.0246249744204,1,0.01,10,15,1,10,20,6.10525403233e-08,5.52148231022e-08,6.10525403233e-08,9.06185914427e-08,7.52765286508e-08,0.000236885629646,6.10525403233e-08,5.52148231022e-08,6.10525403233e-08,0.569893436319,0.220320293972,0.209548863544
852,0.131182978277,0.0543476473968,0.0338604085151,0.0125153699463,0.0915411348354,0.171689330999,0.133039410659,0.0108134900896,0.0526649353071,0.0742808630653,0.132394498674,0.101669932235,1,0.01,10,15,1,10,20,3.38484114788e-10,3.0611896609e-10,3.38484114788e-10,1.61804294676e-06,3.64004671521e-10,0.00209454409633,3.38484114788e-10,3.0611896609e-10,3.38484114788e-10,0.568833890619,0.21991067455,0.209159270362
853,0.111279296772,0.211945764681,0.0354790412155,0.0654641240086,0.136802170031,0.116874703743,0.0329712326737,0.0610077767816,0.104611296551,0.0681821814905,0.0179285292393,0.0374538828134,1,0.01,10,15,1,10,20,2.20678332195e-06,1.9957752798e-06,2.20678332195e-06,0.112462370217,3.36943869352e-07,0.0130966562064,2.20678332195e-06,1.9957752798e-06,2.20678332195e-06,0.498449008852,0.192699942062,0.183278867035
854,0.109056071385,0.126263100015,0.0288339044866,0.0510915188124,0.201143279543,0.263321525316,0.0230124458418,0.0551631655593,0.04578745938,0.0266376218237,0.0433627247599,0.0263271830773,1,0.01,10,15,1,10,20,2.8647173562e-06,2.59079902691e-06,2.8647173562e-06,0.114400072609,0.00948657519514,2.39599206254e-05,2.8647173562e-06,2.59079902691e-06,2.8647173562e-06,0.499386668467,0.193062440433,0.183623642908
855,0.00924426415971,0.0345276530919,0.186350854034,0.0735707005833,0.0706401027665,0.0536445370681,0.00696846656745,0.178425741089,0.0594194794855,0.261418438351,0.0470451115969,0.0187446512069,1,0.01,10,15,1,10,20,3.41608543845e-05,3.08944643723e-05,3.41608543845e-05,0.0146244678944,4.69199690143e-06,0.00123987455989,3.41608543845e-05,3.08944643723e-05,3.41608543845e-05,0.398877481356,0.299857523525,0.285197528321
856,0.195656685372,0.044434003053,0.0153311661466,0.0602232893949,0.0402510218934,0.13002540579,0.039036403191,0.0336402543933,0.0194179013165,0.229477510008,0.085452765717,0.107053593724,1,0.01,10,15,1,10,20,3.98768530228e-07,3.60639110816e-07,3.98768530228e-07,1.08455929761e-06,3.66788485611e-07,0.000828922758678,3.98768530228e-07,3.60639110816e-07,3.98768530228e-07,0.569554107149,0.220189109617,0.209424092775
857,0.0306426022266,0.0762443297908,0.0291417827957,0.132771491577,0.0130534283033,0.0776324724907,0.0249692691252,0.213344555754,0.0532763269723,0.299655846688,0.0274402709039,0.0218276233728,1,0.01,10,15,1,10,20,8.789559708e-07,7.94912024713e-07,8.789559708e-07,0.00195824388262,2.48354818811e-07,0.00438910376488,8.789559708e-07,7.94912024713e-07,8.789559708e-07,0.402816168219,0.302817929601,0.28801320053
858,0.148654561537,0.105525979128,0.179921418929,0.0222113801412,0.0343488848307,0.0648799159151,0.325080738597,0.00158499262871,0.0450532311881,0.0346232499265,0.0250340184995,0.0130816286803,1,0.01,10,15,1,10,20,0.00152534062484,0.00137949071939,0.00152534062484,0.0622573655025,0.00252383348285,0.00123912283368,0.00152534062484,0.00137949071939,0.00152534062484,0.527344631263,0.203870963903,0.193903739076
859,0.00655867467819,0.0600294868083,0.088988659392,0.129118711987,0.0713904885514,0.0600996092365,0.150701661208,0.162191108763,0.0878458044005,0.0107369498447,0.145082058709,0.0272567864211,1,0.01,10,15,1,10,20,1.01291323949e-05,9.16060577337e-06,1.01291323949e-05,1.30059363198e-05,9.60127988241e-06,0.00429516242911,1.01291323949e-05,9.16060577337e-06,1.01291323949e-05,0.56753397256,0.219408127388,0.208681292665
860,0.143592699483,0.122865503473,0.0692183045795,0.192045239182,0.073013960436,0.0283296251015,0.0119221960072,0.0372683962459,0.0845217209029,0.0394102196053,0.0790367590701,0.118775375913,1,0.01,10,15,1,10,20,1.16852595557e-11,1.0567939284e-11,1.16852595557e-11,0.000398944317632,0.00462191852206,0.000273759236552,1.16852595557e-11,1.0567939284e-11,1.16852595557e-11,0.391343832932,0.309240127199,0.294121417725
861,0.137885384674,0.0973373282829,0.0559986223675,0.0857560208624,0.116564173232,0.0298326493544,0.170030268651,0.0502863104861,0.0635848885212,0.0877856210531,0.104632628931,0.000306103585617,1,0.01,10,15,1,10,20,1.1835640079e-05,1.07039407337e-05,1.1835640079e-05,1.10489487409e-07,1.06305625905e-05,0.00204825730019,1.1835640079e-05,1.07039407337e-05,1.1835640079e-05,0.568815886646,0.21990371423,0.209152650331
862,0.00889056677562,0.00254601421923,0.144557774772,0.0117047063115,0.299593893511,0.102577237868,0.0235842946637,0.0554959525666,0.162071200041,0.0593764701212,0.0529149044619,0.0766869846879,1,0.01,10,15,1,10,20,9.62920473759e-06,8.70848016127e-06,9.62920473759e-06,0.0324494377596,0.00357666688655,6.15500492777e-05,9.62920473759e-06,8.70848016127e-06,9.62920473759e-06,0.549425879573,0.212407554797,0.202022977155
863,0.0103824307303,0.146535394621,0.0108721971371,0.139227488294,0.174773500568,0.176366400636,0.0163606710095,0.161231759714,0.0693696204813,0.065726529101,0.0230997707764,0.00605423693083,1,0.01,10,15,1,10,20,1.23916587553e-08,1.12067940579e-08,1.23916587553e-08,0.215416678249,1.78478927957e-07,0.00264142892032,1.23916587553e-08,1.12067940579e-08,1.23916587553e-08,0.445729228439,0.172318521996,0.163893891937
864,0.109349461967,0.0232315399456,0.0613075450594,0.104608576517,0.104486960862,0.010417420281,0.241124044334,0.109964457924,0.0180324610487,0.14368053287,0.0522616486918,0.0215353504991,1,0.01,10,15,1,10,20,4.30173713362e-10,3.89041395505e-10,4.30173713362e-10,3.73319755952e-10,0.00439372139565,6.47805796014e-11,4.30173713362e-10,3.89041395505e-10,4.30173713362e-10,0.567524215409,0.219404355282,0.208677704977
865,0.0400812745381,0.0735299999928,0.0429665942769,0.0739216380158,0.160436084354,0.202246349003,0.213947343772,0.0530831770892,0.0250156837472,0.0170309670751,0.0438846682697,0.0538562198665,1,0.01,10,15,1,10,20,2.15912819793e-05,1.95267683985e-05,2.15912819793e-05,5.69776857198e-05,4.18112323552e-05,0.0150069149906,2.15912819793e-05,1.95267683985e-05,2.15912819793e-05,0.561346586677,0.217016089527,0.206406201223
866,0.0293537301763,0.0801125013698,0.099801063871,0.01151338041,0.0655890244922,0.0651485997378,0.209407451289,0.0154281064171,0.0174947429207,0.136478376654,0.210687114005,0.0589859086566,1,0.01,10,15,1,10,20,1.28663185134e-08,1.16360678349e-08,1.28663185134e-08,7.22973058672e-08,0.000314506180515,0.000488723528292,1.28663185134e-08,1.16360678349e-08,1.28663185134e-08,0.569570816809,0.220195569557,0.20943023689
867,0.111917361047,0.174505068996,0.0260097090938,0.0151853730374,0.145692398137,0.022677338669,0.0522805527481,0.0247177637134,0.0271416544649,0.276630229097,0.0829819046465,0.0402606463501,1,0.01,10,15,1,10,20,6.73987998359e-06,6.09542664487e-06,6.73987998359e-06,0.0121652344232,3.14439060844e-05,1.20104621986e-05,6.73987998359e-06,6.09542664487e-06,6.73987998359e-06,0.563047144033,0.217673523483,0.207031493319
868,0.0138691074631,0.0252591838387,0.105948114047,0.187825378283,0.160585870506,0.0244201130283,0.0843610538621,0.00677197818367,0.186883265033,0.000994263972524,0.0405984536263,0.162483218156,1,0.01,10,15,1,10,20,0.000174629505745,0.000157931794764,0.000174629505745,0.000586051886712,0.000419952772043,0.000910722060797,0.000174629505745,0.000157931794764,0.000174629505745,0.5683579486,0.21972667579,0.208984267277
869,0.0187377082928,0.0300524087514,0.004813781895,0.142359924387,0.174591631007,0.0689281094674,0.0887638330348,0.00392391262622,0.167270926477,0.0840015159138,0.0929509102566,0.123605337891,1,0.01,10,15,1,10,20,0.000312389419632,0.000282519391537,0.000312389419632,0.0190508593434,0.00135141556639,0.00216584192303,0.000312389419632,0.000282519391537,0.000312389419632,0.556129916724,0.214999329577,0.204488040404
870,0.025418137104,0.234380230494,0.0187218335969,0.0635474735032,0.250174004353,0.0613075732145,0.0024786699566,0.0457857915611,0.0232732821611,0.0337153457476,0.132133090342,0.109064567967,1,0.01,10,15,1,10,20,9.83345804112e-10,8.89320318774e-10,9.83345804112e-10,0.0287549416184,2.61120762953e-09,0.0129118686301,9.83345804112e-10,8.89320318774e-10,9.83345804112e-10,0.377029016004,0.297935086465,0.283369078958
871,0.0832002916798,0.277883665371,0.0469551390471,0.0945793490184,0.0529727029077,0.206750337463,0.00510944339525,0.0690013941707,0.055062737443,0.0015942167125,0.0211486876229,0.0857420351693,1,0.01,10,15,1,10,20,0.000135780040926,0.000122797035157,0.000135780040926,0.000532620976008,0.0173666305099,3.90030331427e-07,0.000135780040926,0.000122797035157,0.000135780040926,0.55937586432,0.216254210022,0.205681569908
872,0.135397398311,0.283665429985,0.121646146519,0.0356010271198,0.0406579181211,0.0477793486517,0.146039113763,0.0127333329687,0.042456171031,0.0717837846294,0.0590863951718,0.00315393372822,1,0.01,10,15,1,10,20,2.07388840176e-07,1.87558749612e-07,2.07388840176e-07,0.000416500704643,0.0137317151616,2.88442362413e-07,2.07388840176e-07,1.87558749612e-07,2.07388840176e-07,0.561963023531,0.217254403464,0.206632864023
873,0.182524062308,0.0374434073925,0.062260116923,0.000207662481597,0.0316212721337,0.1023208398,0.0390207132721,0.0125503664325,0.316599678511,0.0229604415958,0.00706095408897,0.18543048506,1,0.01,10,15,1,10,20,8.64251945508e-08,7.81613967809e-08,8.64251945508e-08,0.00193446429589,0.0030477156134,0.000705881773579,8.64251945508e-08,7.81613967809e-08,8.64251945508e-08,0.56678611972,0.219119008147,0.208406308426
874,0.011210166627,0.103393462211,0.16993119425,0.0564862713164,0.0894421476216,0.269808800337,0.0441583166715,0.0725893472982,0.0455258742368,0.0680503564383,0.0158721878961,0.0535318750955,1,0.01,10,15,1,10,20,4.15893193424e-08,3.76126349251e-08,4.15893193424e-08,0.860790334009,0.0399087564633,0.0572160361613,4.15893193424e-08,3.76126349251e-08,4.15893193424e-08,0.0239894506669,0.00927430022232,0.00882088089442
875,0.0254341570659,0.00271305054379,0.216631772291,0.0243982743208,0.146307269276,0.0643194684843,0.13515419427,0.214119553271,0.0240800368717,0.0403956822911,0.0343333542838,0.0721131870306,1,0.01,10,15,1,10,20,1.61372039136e-05,1.45941979602e-05,1.61372039136e-05,1.47490084715e-05,3.56059601182e-05,0.00733121411595,1.61372039136e-05,1.45941979602e-05,1.61372039136e-05,0.565767625049,0.218725259016,0.208031809639
876,0.00431168685971,0.142964395533,0.127127171048,0.0714017600353,0.0582233942279,0.136957197722,0.0653671991943,0.00125916562968,0.0782613299298,0.0404568440359,0.246903672384,0.0267661834001,1,0.01,10,15,1,10,20,2.9488798222e-08,2.66691405255e-08,2.9488798222e-08,5.3144971625e-09,0.00163146118151,3.02254034866e-08,2.9488798222e-08,2.66691405255e-08,2.9488798222e-08,0.569098666959,0.220013036847,0.209256628179
877,0.0742483677724,0.0582497328182,0.0660469277286,0.0626114243246,0.0951705367679,0.179722372143,0.172124705273,0.0619848420277,0.0695668475047,0.102870154783,0.00274440031301,0.054659688544,1,0.01,10,15,1,10,20,1.34565020207e-09,1.21698192199e-09,1.34565020207e-09,0.0304490302647,0.006449951875,8.46431312391e-08,1.34565020207e-09,1.21698192199e-09,1.34565020207e-09,0.548995230751,0.212241066347,0.201864628303
878,0.050850576788,0.0712384449258,0.0915319739084,0.200713472081,0.0117728367416,0.00720605852612,0.169719965683,0.08447847954,0.156486234808,0.0438983737738,0.101694897646,0.0104086855777,1,0.01,10,15,1,10,20,9.10975274831e-05,8.23869709333e-05,9.10975274831e-05,0.0858189726957,0.00495709735736,0.0126818189135,9.10975274831e-05,8.23869709333e-05,9.10975274831e-05,0.510753153289,0.197456713323,0.18780308037
879,0.0451871867299,0.150704269967,0.0892624680094,0.188307634545,0.0446308233746,0.0928830278038,0.0010087304319,0.000520909796713,0.13080947814,0.0433541510275,0.0533808176753,0.159950502499,1,0.01,10,15,1,10,20,3.85348077251e-06,3.48501893705e-06,3.85348077251e-06,0.065483182052,4.92384801889e-06,5.9420991459e-11,3.85348077251e-06,3.48501893705e-06,3.85348077251e-06,0.37882942197,0.284791760052,0.270868328058
880,0.0431387703684,0.0583328609442,0.115151159959,0.0648449593514,0.232576246028,0.0236631975603,0.122816330714,0.0752164627959,0.0325095538295,0.00187323295783,0.2004362304,0.0294409950915,1,0.01,10,15,1,10,20,6.4636129749e-06,5.84557571429e-06,6.4636129749e-06,0.0034884661478,0.00356071248781,0.00567288593533,6.4636129749e-06,5.84557571429e-06,6.4636129749e-06,0.562755419837,0.217560743169,0.20692422682
881,0.0129493239137,0.0055261501855,0.0334537192099,0.115062507121,0.10928941244,0.0107536019115,0.0549717283534,0.0731646745109,0.236595772248,0.209527910429,0.0319803585936,0.106724841083,1,0.01,10,15,1,10,20,1.56327452175e-05,1.41379745579e-05,1.56327452175e-05,1.36861848914e-05,4.14919667599e-05,1.15499878393e-05,1.56327452175e-05,1.41379745579e-05,1.56327452175e-05,0.569938965141,0.220337895374,0.209565604416
882,0.126140117168,0.0830000555206,0.00616389712176,0.0116605603213,0.115234014165,0.140950727919,0.0287357850616,0.094063075252,0.0178590459983,0.262736011858,0.0588487224328,0.0546079871811,1,0.01,10,15,1,10,20,7.95566622217e-08,7.19496192608e-08,7.95566622217e-08,0.0343262147227,0.00039622041371,0.00052018540353,7.95566622217e-08,7.19496192608e-08,7.95566622217e-08,0.549939193787,0.212606001614,0.202211721933
883,0.028941658054,0.111034102445,0.0635340211838,0.0195087614977,0.124740955096,0.233281996817,0.0486176757084,0.0170001453082,0.109186871556,0.0931862174557,0.150237637697,0.000729957180877,1,0.01,10,15,1,10,20,6.71942215536e-05,6.07692495172e-05,6.71942215536e-05,0.000405752322807,0.00187439511023,0.00023975543245,6.71942215536e-05,6.07692495172e-05,6.71942215536e-05,0.404212318151,0.303866734297,0.289010729301
884,0.0129208338567,4.19317984361e-05,0.00114672607335,0.0933565502081,0.0475391171466,0.063209861917,0.112340054538,0.100002833841,0.180181801291,0.0565787352865,0.281067311498,0.0516142425448,1,0.01,10,15,1,10,20,5.58905537173e-06,5.05464149442e-06,5.58905537173e-06,3.39160503348e-07,5.38034603388e-06,0.000113852983372,5.58905537173e-06,5.05464149442e-06,5.58905537173e-06,0.569942098632,0.220339106779,0.209566756595
885,0.10262506087,0.247537812927,0.00429685273659,0.0898480474594,0.176730254705,0.112451197635,0.0196927337216,0.0636091583349,0.0156155882305,0.0676360216721,0.0995695398663,0.000387731841851,1,0.01,10,15,1,10,20,1.26373992188e-06,1.14290373283e-06,1.26373992188e-06,0.0767090004531,0.00206725732454,0.0008293705704,1.26373992188e-06,1.14290373283e-06,1.26373992188e-06,0.524647082226,0.202828093852,0.192911854806
886,0.0884723798215,0.138709750029,0.0789061345084,0.150120574397,0.144977376155,0.10427479928,0.0176483969333,0.0440953010633,0.0624918365086,0.0785812372912,0.0496766037168,0.0420456102952,1,0.01,10,15,1,10,20,1.15138330126e-07,1.04129041913e-07,1.15138330126e-07,0.0691866253198,0.00111393069797,0.00127411006001,1.15138330126e-07,1.04129041913e-07,1.15138330126e-07,0.529228764935,0.204599368299,0.194596531876
887,0.0671081791961,0.00336189316041,0.0288181004339,0.0733100661414,0.145219103654,0.131750755616,0.0245046077916,0.0586393330341,0.0781262161753,0.0220938477042,0.318768233114,0.0482996639792,1,0.01,10,15,1,10,20,3.04152020254e-05,2.75069635196e-05,3.04152020254e-05,0.000392666545014,3.98708437396e-05,0.00167408009439,3.04152020254e-05,2.75069635196e-05,3.04152020254e-05,0.404466761846,0.304057642197,0.289192303739
888,0.0509594126702,0.0216317669961,0.0837956630931,0.0219329172094,0.016094229796,0.0634420725913,0.122385201072,0.212966428712,0.0128457604013,0.00066686281048,0.18773953736,0.205540147288,1,0.01,10,15,1,10,20,2.01240851572e-06,1.81998618922e-06,2.01240851572e-06,0.00146161326545,9.5525915248e-05,0.000589831733576,2.01240851572e-06,1.81998618922e-06,2.01240851572e-06,0.568751702761,0.219920767166,0.209168869552
889,0.0928922844042,0.381038804663,0.0569470047463,0.013412602865,0.0160458188993,0.0391181820177,0.185190347828,0.00174887886353,0.00749740297793,0.151099977076,0.054499689971,0.000509005688039,1,0.01,10,15,1,10,20,1.20888869586e-07,1.09329726722e-07,1.20888869586e-07,0.0450457099996,0.000118314027472,0.00179013061335,1.20888869586e-07,1.09329726722e-07,1.20888869586e-07,0.543263145614,0.210025047347,0.199756950183
890,0.0580587824986,0.0482193901628,0.00949636405753,0.108861554149,0.161608508689,0.0257221988633,0.246056697047,0.0499847246553,0.0384714276616,0.0669384117494,0.0586152205778,0.127966719889,1,0.01,10,15,1,10,20,2.94677663692e-08,2.66501196949e-08,2.94677663692e-08,0.053607882234,0.00112513728374,8.31700591783e-08,2.94677663692e-08,2.66501196949e-08,2.94677663692e-08,0.538829224178,0.208310897277,0.198126604686
891,0.12366409337,0.0899047274551,0.00696742269464,0.126281482188,0.0531510619408,0.0458244584091,0.124773118351,0.0158774986825,0.1193874738,0.13854735687,0.116682207523,0.0389390987156,1,0.01,10,15,1,10,20,7.65706518269e-06,6.9249124984e-06,7.65706518269e-06,9.87106464558e-07,2.02491901989e-05,0.00093122760688,7.65706518269e-06,6.9249124984e-06,7.65706518269e-06,0.569460479052,0.220152913079,0.209389665881
892,0.0348294188945,0.0443214575595,0.112489301532,0.0535950998155,0.00752401578546,0.126273525456,0.0959810812481,0.11876897522,0.0206246985728,0.120901890483,0.214081119819,0.0506094156142,1,0.01,10,15,1,10,20,4.64470962198e-09,4.20059212574e-09,4.64470962198e-09,0.00174327362311,0.000986457409187,0.000757358310161,4.64470962198e-09,4.20059212574e-09,4.64470962198e-09,0.568041008053,0.219604146857,0.208867728768
893,0.0423356251438,0.0754246148442,0.241166263049,0.0220236231413,0.108746021518,0.0754048809375,0.0387578254679,0.147651186321,0.024861763698,0.0519450874155,0.169249003907,0.00243410455743,1,0.01,10,15,1,10,20,2.80219995439e-05,2.53425940934e-05,2.80219995439e-05,0.0878852507108,0.000145763513623,3.29894323919e-05,2.80219995439e-05,2.53425940934e-05,2.80219995439e-05,0.519736964048,0.200929846546,0.191106412563
894,0.00101889568657,0.0795343533841,0.145245759897,0.0872003835441,0.15341544367,0.0389658143371,0.00521799958327,0.124679585956,0.17595353751,0.0179705139595,0.116213345746,0.0545843667261,1,0.01,10,15,1,10,20,5.64932606454e-05,5.10914922865e-05,5.64932606454e-05,4.02883610366e-05,0.00338756042391,3.12080605314e-08,5.64932606454e-05,5.10914922865e-05,5.64932606454e-05,0.56788771609,0.219544884321,0.208811363569
895,0.164013889384,0.0252777241836,0.0444143352093,0.107864065583,0.0635371770632,0.26999934238,0.0232843953451,0.0857217373856,0.0900788846027,0.00903451369588,0.0595422714133,0.0572316637548,1,0.01,10,15,1,10,20,2.66163929522e-11,2.40713886874e-11,2.66163929522e-11,0.196919765839,3.9925945589e-06,0.00294766692633,2.66163929522e-11,2.40713886874e-11,2.66163929522e-11,0.456096302885,0.176326423726,0.167705847875
896,0.0995953853173,0.0301485219606,0.0330597799715,0.194564087803,0.0542115057354,0.013817026216,0.0319655746625,0.103984470701,0.201441921153,0.086826775892,0.149945644,0.000439306587822,1,0.01,10,15,1,10,20,2.28043994806e-12,2.06238901216e-12,2.28043994806e-12,0.0911253384443,0.000609046720208,6.54423313995e-08,2.28043994806e-12,2.06238901216e-12,2.28043994806e-12,0.357328710746,0.282370958989,0.268565879644
897,0.0550878882132,0.143250826216,0.0625844283492,0.0724701933615,0.0979964029514,0.0383898471091,0.0257428894603,0.0401700834076,0.0272032695771,0.0266657455362,0.0238693261681,0.38656909965,1,0.01,10,15,1,10,20,2.71406847147e-06,2.45455487595e-06,2.71406847147e-06,0.0010145515103,0.00183759708087,7.04704870836e-06,2.71406847147e-06,2.45455487595e-06,2.71406847147e-06,0.568389954181,0.219739049119,0.208996035676
898,0.000911275674842,0.00312812717943,0.055549460947,0.144006733344,0.0468703059753,0.415687974899,0.0619008832375,0.0825471078328,0.0536620577191,0.0304205015353,0.0772595724202,0.0280559992355,1,0.01,10,15,1,10,20,3.37615118502e-08,3.05333061425e-08,3.37615118502e-08,0.195407495146,3.47384565402e-07,6.12592850597e-06,3.37615118502e-08,3.05333061425e-08,3.37615118502e-08,0.326157922297,0.245208051386,0.233219861745
899,0.176373427522,0.0276983055236,0.0178222567175,0.0433305470426,0.098214923287,0.0285891427185,0.00912780135099,0.0685792767197,0.12247766501,0.0282456290251,0.162611702931,0.216929322151,1,0.01,10,15,1,10,20,9.5331677451e-07,8.62162602672e-07,9.5331677451e-07,0.0315508389036,7.81072663298e-07,4.70279270746e-06,9.5331677451e-07,8.62162602672e-07,9.5331677451e-07,0.55203759639,0.213417242188,0.202983301061
900,0.0859590243247,0.260195841704,0.0252469173213,0.113521217053,0.133532442826,0.0129816936928,0.0478492904416,0.0686437986984,0.0723850335768,0.0169132749836,0.029490659321,0.133280806057,1,0.01,10,15,1,10,20,7.75870054584e-07,7.01682969901e-07,7.75870054584e-07,3.09796812098e-08,0.00147259006099,0.0040474209484,7.75870054584e-07,7.01682969901e-07,7.75870054584e-07,0.566879612914,0.219155152533,0.208440685718
901,0.0263606366035,0.0691496121967,0.0315064702641,0.118245576422,0.0108682683384,0.0920894736525,0.0216323858695,0.047817856714,0.504715260878,0.0352081422379,0.0398289167228,0.00257740010092,1,0.01,10,15,1,10,20,0.000403798712225,0.000365188317248,0.000403798712225,0.00018636149123,0.000672687973354,0.0246278812929,0.000403798712225,0.000365188317248,0.000403798712225,0.554163437792,0.214239090577,0.20376496939
902,0.0495418409508,0.0187797053955,0.118025902589,0.204879546211,0.0604637202971,0.180412502204,0.0304876670754,0.00158055439789,0.0576110706496,0.180395352434,0.0798121781535,0.0180099596417,1,0.01,10,15,1,10,20,9.31519567113e-07,8.42449599017e-07,9.31519567113e-07,1.40243709123e-06,1.03296043801e-06,9.85768633856e-06,9.31519567113e-07,8.42449599017e-07,9.31519567113e-07,0.570017468143,0.220369327739,0.209595500057
903,0.0548423770376,0.232822054691,0.0655375312583,0.120086696552,0.0133352416962,0.0248160018099,0.0519820633267,0.190277634369,0.00737967133499,0.0540137684842,0.0127224858757,0.172184473564,1,0.01,10,15,1,10,20,9.72462704582e-08,8.79477838638e-08,9.72462704582e-08,9.52511263223e-06,1.42910001514e-11,0.0030220943557,9.72462704582e-08,8.79477838638e-08,9.72462704582e-08,0.568300332355,0.219704401401,0.20896308188
904,0.069770232242,0.0533025495949,0.0622682725167,0.122786042808,0.232503479402,0.138487791675,0.0604805550765,0.0765442506553,0.0112769123234,0.0328790666228,0.0241823482284,0.115518498855,1,0.01,10,15,1,10,20,3.38869259057e-05,3.06467283663e-05,3.38869259057e-05,0.0547654834332,6.23142868247e-06,7.36907820016e-05,3.38869259057e-05,3.06467283663e-05,3.38869259057e-05,0.383073954644,0.287981590469,0.273902208083
905,0.153327603368,0.0323833456486,0.0386049704591,0.00147401549525,0.177057649391,0.148929654725,0.05278061487,0.139621950688,0.191596830575,0.00820790501023,0.0145548249354,0.0414606348344,1,0.01,10,15,1,10,20,3.61922161986e-09,3.27315915849e-09,3.61922161986e-09,0.000381439123745,4.48979944867e-09,1.08576884986e-08,3.61922161986e-09,3.27315915849e-09,3.61922161986e-09,0.393094182161,0.310861151748,0.295663190596
906,0.127074750869,0.025102660844,0.210734621724,0.0441666159297,0.098311619951,0.0160648429399,0.0768211821686,0.0220080495991,0.0463153817703,0.0186082448462,0.292195446759,0.022596582599,1,0.01,10,15,1,10,20,1.20300270565e-08,1.08797408318e-08,1.20300270565e-08,0.0498209040898,8.22605772106e-05,1.48964593149e-05,1.20300270565e-08,1.08797408318e-08,1.20300270565e-08,0.38515181826,0.289542882236,0.275387168499
907,0.00646755152956,0.0486500588981,0.060178045942,0.0430803534264,0.0886685665738,0.152152771593,0.312460705874,0.0220122216943,0.00578233936212,0.0520577548997,0.0646211922959,0.14386843791,1,0.01,10,15,1,10,20,2.80844921124e-07,2.53991112522e-07,2.80844921124e-07,0.0053138551708,1.5265911935e-06,0.00942200709111,2.80844921124e-07,2.53991112522e-07,2.80844921124e-07,0.561627099177,0.217124535409,0.2065093452
908,0.0064388024879,0.194421674306,0.123342046754,0.228266961317,0.162119958637,0.00651956398694,0.0980989143051,0.0524995385573,0.0577790377975,0.0290263649171,0.00540926428665,0.0360778726472,1,0.01,10,15,1,10,20,0.000171176398837,0.000154808866772,0.000171176398837,0.193859078811,0.00071898153953,1.29578473007e-06,0.000171176398837,0.000154808866772,0.000171176398837,0.458546141757,0.177273529248,0.168606649531
909,0.0958789511421,0.176213337556,0.0292757035783,0.0183691835193,0.0518094078381,0.00799855544025,0.0691846395453,0.0116519921282,0.0345865648215,0.0486496324117,0.137662979766,0.318719052253,1,0.01,10,15,1,10,20,1.27537931447e-08,1.15343019085e-08,1.27537931447e-08,5.27556384763e-08,1.23811896115e-08,0.000621133632829,1.27537931447e-08,1.15343019085e-08,1.27537931447e-08,0.569674621265,0.220235700267,0.209468405614
910,0.295393321668,0.210646103,0.0192283233135,0.0347430010747,0.0857435675649,0.0212378656449,0.0554034147128,0.00668425460382,0.00799087204781,0.0973330711701,0.0464121287277,0.119184076471,1,0.01,10,15,1,10,20,1.28673856894e-06,1.16370329697e-06,1.28673856894e-06,1.64347197556e-06,1.17248880118e-06,1.25574775751e-06,1.28673856894e-06,1.16370329697e-06,1.28673856894e-06,0.57002130924,0.220370515214,0.209596629476
911,0.0364054058985,0.195515607725,0.040896269148,0.00528419939435,0.162236538837,0.033740565804,0.0312604295618,0.0502043035397,0.0375680131589,0.0295556043728,0.0687637568345,0.308569305726,1,0.01,10,15,1,10,20,4.29561013718e-07,3.88487280929e-07,4.29561013718e-07,7.22775739003e-10,2.9345211233e-08,0.0002811700661,4.29561013718e-07,3.88487280929e-07,4.29561013718e-07,0.569867050151,0.220310093103,0.209539161394
912,0.0579102781773,0.00460738383079,0.0799691593843,0.0442226001962,0.0184036698577,0.133226112842,0.115877043141,0.103787900148,0.00474209075208,0.049965673429,0.0836437039859,0.303644384256,1,0.01,10,15,1,10,20,3.3072588648e-06,2.99102563474e-06,3.3072588648e-06,1.16403342793e-05,0.000714494880425,8.28514972669e-06,3.3072588648e-06,2.99102563474e-06,3.3072588648e-06,0.569599173057,0.220206532057,0.209440663434
913,0.285619633576,0.0295353193443,0.105019681414,0.00740742364254,0.0139212307395,0.0747431913148,0.151765243018,0.0357928527695,0.0201719292137,0.179100982786,0.0751958099945,0.0217267021868,1,0.01,10,15,1,10,20,1.62862557286e-09,1.472899775e-09,1.62862557286e-09,0.00206560060499,1.3675080099e-10,0.0022155405068,1.62862557286e-09,1.472899775e-09,1.62862557286e-09,0.567588385612,0.219429163425,0.208701300254
914,0.0828829854258,0.0274862927137,0.129222987676,0.150822484632,0.085052753217,0.136844764336,0.0791279927755,0.0334959674583,0.105175539027,0.0119853714305,0.0996210004065,0.0582818609014,1,0.01,10,15,1,10,20,0.00010751896844,9.72382277806e-05,0.00010751896844,0.000101516858576,0.000252367870481,5.71251709564e-06,0.00010751896844,9.72382277806e-05,0.00010751896844,0.569467771095,0.220155732176,0.209392347153
915,0.0451801621783,0.0452424811968,0.11065405848,0.0123125921192,0.0534819192123,0.0615225604969,0.19260106117,0.180631508532,0.103133332022,0.0757732489572,0.0787007722693,0.0407663033659,1,0.01,10,15,1,10,20,9.00065035886e-09,8.14002684798e-09,9.00065035886e-09,0.00525468554296,3.93358012783e-08,0.00512754329073,9.00065035886e-09,8.14002684798e-09,9.00065035886e-09,0.56411054336,0.218084632714,0.207422503473
916,0.0189995600574,0.235214032749,0.0822405564234,0.0468170957771,0.138546751651,0.170868900235,0.034392626557,0.132836543828,0.029046138884,0.06177529927,0.0374458167702,0.0118166777988,1,0.01,10,15,1,10,20,1.06376354057e-06,9.6204867814e-07,1.06376354057e-06,1.19674790241e-05,0.017689819167,1.10404537314e-06,1.06376354057e-06,9.6204867814e-07,1.06376354057e-06,0.559934085456,0.216470017815,0.205886826886
917,0.270950216695,0.0199834043041,0.149398431979,0.0111614159427,0.155760863745,0.0811569648,0.0524350552327,0.0218362248734,0.04316932646,0.186929608834,0.00396788467099,0.00325060246247,1,0.01,10,15,1,10,20,4.71124226732e-07,4.26076305759e-07,4.71124226732e-07,0.00181839750917,5.77461573751e-07,0.00975915450741,4.71124226732e-07,4.26076305759e-07,4.71124226732e-07,0.400694909851,0.301225550954,0.286498673067
918,0.0238479665044,0.119031192804,0.0587442488127,0.0267656845272,0.226957705117,0.156189950607,0.0396888590318,0.0942013624594,0.0061078493412,0.109730597728,0.114722922514,0.0240116605534,1,0.01,10,15,1,10,20,1.75743597652e-08,1.58939359514e-08,1.75743597652e-08,0.024138901413,0.00132001562817,0.00108371359304,1.75743597652e-08,1.58939359514e-08,1.75743597652e-08,0.382982582523,0.302635241106,0.287839443651
919,0.239672055195,0.190046072914,0.0664988648559,0.079037184533,0.00846588385677,0.0172543680545,0.0348133095475,0.0145292229023,0.0294501498636,0.133332127317,0.11244049021,0.0744602707499,1,0.01,10,15,1,10,20,2.28841885417e-09,2.06960499182e-09,2.28841885417e-09,0.014470478748,2.66502951251e-05,0.00623881724086,2.28841885417e-09,2.06960499182e-09,2.28841885417e-09,0.55820867124,0.215802974219,0.205252394964
920,0.00194373456315,0.00841650388616,0.0362146321928,0.0510199719183,0.183772262666,0.201238311213,0.0280482978357,0.0300734008494,0.101393428552,0.142650557364,0.00119124311221,0.214037655847,1,0.01,10,15,1,10,20,1.12970385729e-08,1.0216839186e-08,1.12970385729e-08,0.00950365068121,7.93389308647e-13,0.00103842414225,1.12970385729e-08,1.0216839186e-08,1.12970385729e-08,0.564019441367,0.218049412765,0.207389005423
921,0.0295978645556,0.0842515899824,0.0706853795768,0.356708095175,0.0675177839979,0.047554789578,0.12194133001,0.0307145738949,0.101167611311,0.0506533745163,0.0344105528453,0.00479705455676,1,0.01,10,15,1,10,20,0.000517235237988,0.000467778277799,0.000517235237988,3.00312157619e-06,0.000448279762803,0.0111603105452,0.000517235237988,0.000467778277799,0.000517235237988,0.561697172401,0.217151625655,0.206535111007
922,0.167068490454,0.244158413726,0.115506014838,0.0720302033741,0.0803676761232,0.005603169457,0.0536763303831,0.0978583541033,0.0204130699517,0.0413013023548,0.0422480143413,0.0597689608941,1,0.01,10,15,1,10,20,6.89376077728e-09,6.23459367637e-09,6.89376077728e-09,0.165744545396,1.11370027983e-05,7.50882066561e-06,6.89376077728e-09,6.23459367637e-09,6.89376077728e-09,0.475538954718,0.183842935576,0.174854878441
923,0.0250558054019,0.0898597567548,0.185067138482,0.0323106580417,0.0374759472472,0.00228422878452,0.0564719156612,0.100138731766,0.0193418795771,0.115695379544,0.102776429341,0.233522129398,1,0.01,10,15,1,10,20,6.17042327648e-06,5.58042020646e-06,6.17042327648e-06,0.00176781010084,1.47619504471e-05,0.00305874893648,6.17042327648e-06,5.58042020646e-06,6.17042327648e-06,0.567248641165,0.219297818525,0.208576376788
924,0.255194601777,0.0482539230729,0.00625354570512,0.0183643100479,0.0296233278491,0.334393251553,0.0524841142484,0.0261179375319,0.0289222082581,0.0823610517259,0.0172152574931,0.100816470738,1,0.01,10,15,1,10,20,9.97285906428e-07,9.01927497433e-07,9.97285906428e-07,9.90420347011e-06,0.00620409824086,4.55961409588e-07,9.97285906428e-07,9.01927497433e-07,9.97285906428e-07,0.566483042438,0.219001838741,0.208294867417
925,0.0320954840908,0.025923137615,0.0771763922192,0.0197627854881,0.0440995796454,0.0406226946044,0.252454331442,0.144176665216,0.300997116985,0.0385225373715,0.00421031326984,0.0199589620534,1,0.01,10,15,1,10,20,0.0036026777926,0.00325819721766,0.0036026777926,0.00336418050689,0.00335224395003,0.00310610950554,0.0036026777926,0.00325819721766,0.0036026777926,0.552500585605,0.213596233405,0.203153541421
926,0.0107265310223,0.00314857403362,0.0327027451071,0.0812604471362,0.00118456890585,0.122306747616,0.00084559309539,0.431191420344,0.0190442310748,0.0320458477654,0.128257172275,0.137286121625,1,0.01,10,15,1,10,20,0.000218716795003,0.000197803548904,0.000218716795003,0.0137489147273,0.000123257750125,0.00103016479531,0.000218716795003,0.000197803548904,0.000218716795003,1.60382077018e-06,0.504238878814,0.479586705815
927,0.167394424819,0.0196219871817,0.00523613747661,0.00044792832,0.0914639302492,0.0900471979353,0.254353607624,0.0658274844769,0.00285418350709,0.0693885845722,0.231605438522,0.00175909531664,1,0.01,10,15,1,10,20,7.83681817243e-08,7.08747788025e-08,7.83681817243e-08,0.049357668472,3.56969929499e-08,9.58234811807e-08,7.83681817243e-08,7.08747788025e-08,7.83681817243e-08,0.541893139416,0.209495404174,0.199253201195
928,0.0928672084809,0.0893788583335,0.0589884960428,0.226130425544,0.00756220079708,0.181378824818,0.127009684489,0.0607155029061,0.0838557732684,0.0150192908709,0.00886882397897,0.0482249104706,1,0.01,10,15,1,10,20,6.51022953977e-08,5.88773489996e-08,6.51022953977e-08,0.19684991382,1.53633398574e-07,0.00975168409702,6.51022953977e-08,5.88773489996e-08,6.51022953977e-08,0.452259607884,0.174843160862,0.166295101539
929,0.0141116180509,0.0210170472125,0.0329161822939,0.0684998699636,0.0192103718649,0.0402790859222,0.332788301444,0.0108917280993,0.0563360055783,0.0589363461886,0.311054506651,0.0339589367315,1,0.01,10,15,1,10,20,2.49579377524e-05,2.25715115325e-05,2.49579377524e-05,0.000407717663689,4.3763362062e-05,0.00188519629103,2.49579377524e-05,2.25715115325e-05,2.49579377524e-05,0.404386304831,0.303997213595,0.289134829483
930,0.0221917214041,0.181624215938,0.0150815423186,0.162959836791,0.0447028592273,0.087096790732,0.0218538719493,0.00162775991442,0.0705652064052,0.354169542481,0.0327198389522,0.00540681388723,1,0.01,10,15,1,10,20,2.05995321887e-08,1.8629847665e-08,2.05995321887e-08,0.0322769605847,0.000121295285674,0.000444055549532,2.05995321887e-08,1.8629847665e-08,2.05995321887e-08,0.551307634246,0.213135039474,0.202714895201
931,0.109978128619,0.0409034595415,0.0272446775919,0.0930892389253,0.235236262812,0.077877268171,0.0784266410468,0.0191974112434,0.0224357762827,0.117054648852,0.125653520518,0.0529029663954,1,0.01,10,15,1,10,20,2.22480987726e-06,2.01207817329e-06,2.22480987726e-06,0.0456903862098,0.000622384877291,7.3348103847e-06,2.22480987726e-06,2.01207817329e-06,2.22480987726e-06,0.543617605211,0.210162081111,0.199887284385
932,0.0563914025363,0.116010056838,0.140997082411,0.0491393011094,0.00188452996178,0.0494669525345,0.154241246423,0.0811292071423,0.128525325248,0.171557711917,0.0145431212283,0.0361140626509,1,0.01,10,15,1,10,20,8.36196203171e-09,7.56240857338e-09,8.36196203171e-09,2.89199732416e-06,0.00407506486559,7.53678025723e-09,8.36196203171e-09,7.56240857338e-09,8.36196203171e-09,0.567704179965,0.219473929419,0.208743877643
933,0.0103900338121,0.310394077561,0.0778951928629,0.0393925858297,0.00124604680787,0.159436016532,0.0609871708902,0.0178326089087,0.126579321799,0.0217468790359,0.158306442975,0.0157936229849,1,0.01,10,15,1,10,20,1.99698615738e-07,1.80603848477e-07,1.99698615738e-07,0.0322620231314,0.00119740015542,0.00273042336191,1.99698615738e-07,1.80603848477e-07,1.99698615738e-07,0.549398849849,0.21239710513,0.20201303837
934,0.00161685301374,0.082324071638,0.0482843201568,0.0182471221284,0.0296078740177,0.00226544208015,0.136824566093,0.00731625535324,0.184694095963,0.347538844072,0.14121312035,6.74351338394e-05,1,0.01,10,15,1,10,20,1.27285889157e-07,1.15115076555e-07,1.27285889157e-07,0.000463262231513,2.03300873246e-07,0.000294509543998,1.27285889157e-07,1.15115076555e-07,1.27285889157e-07,0.404971847418,0.304580161239,0.289689276893
935,0.135311753509,0.0184320252334,0.00779945351212,0.13935498492,0.0898119011239,0.239206701348,0.0537013547103,0.170566330259,0.000884778545846,0.0390136530965,0.0522917028148,0.0536253609278,1,0.01,10,15,1,10,20,6.44455989102e-13,5.82834444676e-13,6.44455989102e-13,1.87174376423e-10,1.34231191035e-10,8.06907119604e-15,6.44455989102e-13,5.82834444676e-13,6.44455989102e-13,0.570028764158,0.22037261188,0.209598623636
936,0.182487132528,0.0785600065954,0.178530327947,0.0908219951614,0.0328862367192,0.163368372923,0.0392034499242,0.0218281585716,0.0758661142613,0.0155499659351,0.107475385411,0.0134228540227,1,0.01,10,15,1,10,20,2.40327345617e-05,2.1734774351e-05,2.40327345617e-05,0.121913765454,0.00213514280755,3.44133046568e-06,2.40327345617e-05,2.1734774351e-05,2.40327345617e-05,0.499235780778,0.193004107387,0.183568161757
937,0.0303718566268,0.166227971531,0.0513792727261,0.00386615234333,0.0250680868813,0.0116297399664,0.167254136318,0.142876612239,0.0453203114521,0.0323758881959,0.0549103061826,0.268719665538,1,0.01,10,15,1,10,20,6.28309353086e-05,5.68231716491e-05,6.28309353086e-05,0.000578288505955,0.00121562933199,0.000112165344902,6.28309353086e-05,5.68231716491e-05,6.28309353086e-05,0.392534441265,0.310179572141,0.295014933327
938,0.023419032545,0.00878641038465,0.190432425297,0.0122971350385,0.0864726321894,0.157745282863,0.118642472386,0.0976403681009,0.170991525415,0.019015355053,0.0222224976405,0.0923348630876,1,0.01,10,15,1,10,20,1.871621337e-11,1.69266078838e-11,1.871621337e-11,0.199804888696,5.83987868965e-07,4.52076727458e-07,1.871621337e-11,1.69266078838e-11,1.871621337e-11,0.456133640137,0.176340858274,0.16771957672
939,0.0173572443097,0.0319857248059,0.347693822761,0.0260583014986,0.0383387851976,0.0393520423071,0.0249652504051,0.0251997751548,0.132986749186,0.23359545718,0.0391971201401,0.0432697270541,1,0.01,10,15,1,10,20,4.10270019049e-08,3.71040851142e-08,4.10270019049e-08,1.1220234307e-10,0.00162312742942,1.19027060653e-10,4.10270019049e-08,3.71040851142e-08,4.10270019049e-08,0.56910339936,0.220014866388,0.209258368275
940,0.01526351232,0.0174723888885,0.0331481980502,0.446071813786,0.0626294637271,0.0566565967818,0.0261208453999,0.0117666630582,0.0599712032015,0.00351943794274,0.056542325721,0.210837551123,1,0.01,10,15,1,10,20,0.000581214460942,0.000525639940212,0.000581214460942,0.0460687491097,0.00291323521227,0.00164091772918,0.000581214460942,0.000525639940212,0.000581214460942,0.539247758726,0.208472702359,0.198280499139
941,0.00154761277246,0.058332727101,0.0298738429346,0.0241482270441,0.0690599461859,0.0175156355652,0.0347288462198,0.293718301806,0.000676980379293,0.172420348379,0.0988017322951,0.199175799317,1,0.01,10,15,1,10,20,6.54377516968e-06,5.91807296635e-06,6.54377516968e-06,0.00626842515589,1.47705436882e-05,0.00283863386228,6.54377516968e-06,5.91807296635e-06,6.54377516968e-06,0.564807391922,0.218354033746,0.207678733524
942,0.0448342528111,0.062711786034,0.035325863018,0.060332882333,0.0305593358124,0.158093080408,0.0993748034589,0.043647162881,0.123926211647,0.139780595622,0.181022617767,0.0203914082082,1,0.01,10,15,1,10,20,9.87780112623e-07,8.93330627907e-07,9.87780112623e-07,0.000391104317973,0.00239134945844,0.000397649855772,9.87780112623e-07,8.93330627907e-07,9.87780112623e-07,0.392174259586,0.309895320391,0.294744578608
943,0.11059314227,0.00617204947407,0.09612740005,0.0677581426647,0.0891559839393,0.0381586507147,0.0330875147452,0.079161617258,0.246026899381,0.199159871709,0.0254296988079,0.00916902898552,1,0.01,10,15,1,10,20,0.000180245030008,0.000163010374249,0.000180245030008,0.00180443035552,0.0022598485057,0.000991086164643,0.000180245030008,0.000163010374249,0.000180245030008,0.402917378717,0.30289436058,0.288085894808
944,0.00850668002024,0.324996695066,0.0299922343847,0.0538645920092,0.013396346082,0.0119551694063,0.0291719951656,0.0292096440784,0.0364331385836,0.154489354772,0.116323313813,0.191660836618,1,0.01,10,15,1,10,20,5.67637381151e-06,5.13361072618e-06,5.67637381151e-06,0.0183985010591,0.000165847603432,3.67569243806e-05,5.67637381151e-06,5.13361072618e-06,5.67637381151e-06,0.559406804026,0.216266171285,0.205692946386
945,0.14352492495,0.0241840754627,0.0224820302113,0.00605395567468,0.100728530424,0.0367706963526,0.15381843614,0.178190822353,0.182390526867,0.0971700491511,0.00724639795073,0.0474395544622,1,0.01,10,15,1,10,20,4.69184636149e-10,4.24322174803e-10,4.69184636149e-10,0.0466573466239,6.67507074588e-05,0.0075779848526,4.69184636149e-10,4.24322174803e-10,4.69184636149e-10,0.372057314913,0.294007289092,0.279633311086
946,0.235334297907,0.00874181530107,0.010680166981,0.0286493614423,0.0728549254076,0.149537676694,0.0217281525149,0.0314033582831,0.294574683678,0.10802127292,0.0261845541047,0.0122897347661,1,0.01,10,15,1,10,20,1.03217986338e-12,9.33484966624e-13,1.03217986338e-12,0.187402324134,2.44620177396e-05,2.42676887799e-09,1.03217986338e-12,9.33484966624e-13,1.03217986338e-12,0.463190103901,0.179068880869,0.170314226646
947,0.0853293959054,0.034561956385,0.115407111471,0.017305798847,0.099744150214,0.0927609397178,0.082727047885,0.0985359472929,0.104486687719,0.0866684556536,0.0412710156148,0.141201493294,1,0.01,10,15,1,10,20,1.11097764354e-05,1.00474826656e-05,1.11097764354e-05,0.00564342431055,0.00729862922814,0.000333599816074,1.11097764354e-05,1.00474826656e-05,1.11097764354e-05,0.562424474103,0.217432799844,0.206802538627
948,0.0376200526289,0.119606505589,0.00199976598456,0.0717049421737,0.0989610717923,0.065764476339,0.00318384630748,0.139285298811,0.0608850056394,0.074894869985,0.119259777744,0.206834387007,1,0.01,10,15,1,10,20,5.14908707317e-08,4.65674205163e-08,5.14908707317e-08,0.0116381385863,0.000815954837073,3.23550784734e-08,5.14908707317e-08,4.65674205163e-08,5.14908707317e-08,0.562929384235,0.21762799765,0.206988193238
949,0.180289002603,0.0285640587189,0.104941814546,0.207891970441,0.0837534303538,0.0475741618825,0.00568023865721,0.0709797815183,0.000649799863486,0.0331849685887,0.19190617253,0.0445846002967,1,0.01,10,15,1,10,20,2.88958491302e-08,2.61328879955e-08,2.88958491302e-08,2.85484369557e-08,3.53546487764e-08,0.0025215836347,2.88958491302e-08,2.61328879955e-08,2.88958491302e-08,0.568591257352,0.219816872745,0.209070054515
950,0.23740639126,0.0704470987646,0.220456821146,0.0038634649546,0.00338335950914,0.0179692664889,0.172478371557,0.0201773048548,0.0197952835142,0.0519573350973,0.1252579403,0.0568073625541,1,0.01,10,15,1,10,20,4.48098359401e-05,4.05252124084e-05,4.48098359401e-05,9.63254137212e-07,0.000300038059137,3.05505911585e-06,4.48098359401e-05,4.05252124084e-05,4.48098359401e-05,0.569707071129,0.220248245356,0.209480337375
951,0.0171552038896,0.0673376380971,0.0504713532528,0.0484964443361,7.41200844356e-05,0.109566022009,0.084948344784,0.292718071399,0.014650808699,0.298727075188,0.00562204738194,0.0102328708788,1,0.01,10,15,1,10,20,4.61059525548e-10,4.16973970418e-10,4.61059525548e-10,0.039044772846,0.000467179724732,3.1262582329e-06,4.61059525548e-10,4.16973970418e-10,4.61059525548e-10,0.547504031565,0.211664570072,0.201316316856
952,0.034490076107,0.08097621026,0.051933122482,0.0212371228173,0.164563812045,0.0685707927515,0.0559915547435,0.24212289355,0.0200817950141,0.0782578024135,0.0713750197549,0.110399798061,1,0.01,10,15,1,10,20,2.18535356872e-12,1.97639459511e-12,2.18535356872e-12,0.000356165164103,1.64610684761e-06,3.03909542134e-11,2.18535356872e-12,1.97639459511e-12,2.18535356872e-12,0.405073621454,0.304733473497,0.289835093735
953,0.0741330895054,0.0830677604423,0.0217088202907,0.0529439817465,0.097170333753,0.198940103797,0.0335360893239,0.00793284768512,0.163747436225,0.187395479405,0.0323135974481,0.0471104603788,1,0.01,10,15,1,10,20,0.0603801478749,0.0546067234244,0.0603801478749,0.165826963424,0.0648097570408,0.417813062826,0.0603801478749,0.0546067234244,0.0603801478749,0.000109586894274,0.000362148428181,0.000344443038775
954,0.00654222166278,0.0552752177431,0.0871818417943,0.00358531801393,0.120731603514,0.124946300202,0.0713181376671,0.0926167972277,0.0420164705215,0.254794110513,0.0888057871741,0.0521861939671,1,0.01,10,15,1,10,20,7.35765292638e-10,6.65412942075e-10,7.35765292638e-10,0.00169892739373,0.0027848025387,1.73725136807e-12,7.35765292638e-10,6.65412942075e-10,7.35765292638e-10,0.56747290719,0.219384519571,0.208658839031
955,0.0298219508412,0.210171518426,0.238963232316,0.0161838625382,0.246570095804,0.00365211666433,0.0679331274648,0.110579513829,0.0133054929096,0.0178426504921,0.0314807634579,0.0134956752568,1,0.01,10,15,1,10,20,0.00179395542062,0.00162242112577,0.00179395542062,0.116842303647,0.00790495809754,0.0244932241015,0.00179395542062,0.00162242112577,0.00179395542062,0.479017316689,0.18518766721,0.176133866321
956,0.00903167320209,0.0647746140301,0.101218888761,0.0385433664476,0.0370026441472,0.206267752492,0.0903655927289,0.0154817257163,0.163605295698,0.174146745907,0.0437510860475,0.0558106148219,1,0.01,10,15,1,10,20,4.60527249628e-06,4.16492589616e-06,4.60527249628e-06,3.03172119248e-12,4.94755971282e-07,2.52167386708e-08,4.60527249628e-06,4.16492589616e-06,4.60527249628e-06,0.570013219455,0.220366602025,0.209592907603
957,0.11637289189,0.121267343414,0.0205503358589,0.148309303418,0.0439105792146,0.0140505769226,0.00648456958513,0.187090362465,0.0297963594588,0.151987459717,0.0865960332551,0.0735841848003,1,0.01,10,15,1,10,20,8.28207519891e-09,7.49016035377e-09,8.28207519891e-09,0.02929849063,9.50875170206e-07,0.00135233253594,8.28207519891e-09,7.49016035377e-09,8.28207519891e-09,0.552556344347,0.213617789685,0.203174043817
958,0.0691477922645,0.079562677739,0.140558351069,0.0413182014965,0.134366631786,0.0338718291006,0.131004713418,0.133908392033,0.106527468604,0.0349698226309,0.0800469988954,0.0147171209632,1,0.01,10,15,1,10,20,0.000247818503721,0.000224122612621,0.000247818503721,0.000706456397026,3.56292079394e-05,0.0100354265877,0.000247818503721,0.000224122612621,0.000247818503721,0.400436067567,0.301032162064,0.286314738936
959,0.226169253126,0.0337841651541,0.0974285241681,0.0824475779244,0.0989713662418,0.0139630982623,0.0971709330194,0.0838629194738,0.00423054396408,0.0924119990877,0.0642624907754,0.105297128803,1,0.01,10,15,1,10,20,4.9429373942e-07,4.47030397721e-07,4.9429373942e-07,0.0324856894057,0.00150908709344,5.97655039229e-06,4.9429373942e-07,4.47030397721e-07,4.9429373942e-07,0.391604565985,0.29439230557,0.279999504159
960,0.0710243397893,0.103870116981,0.0378460473733,0.00873227351042,0.10301007342,0.00646094209191,0.0478540151346,0.00888920839907,0.0687277656321,0.178932125572,0.0269704436036,0.337682648493,1,0.01,10,15,1,10,20,1.8168408706e-06,1.64311831652e-06,1.8168408706e-06,9.75460627361e-07,2.13848877411e-06,3.36149358796e-07,1.8168408706e-06,1.64311831652e-06,1.8168408706e-06,0.570020782151,0.220369525757,0.209595688393
961,0.0161220762501,0.0892117285294,0.0834443564161,0.0515154346516,0.0302587868077,0.0504906088201,0.107207057897,0.167324917828,0.242678281227,0.105834514123,0.0544375124737,0.0014747249762,1,0.01,10,15,1,10,20,1.29580815098e-06,1.1719056644e-06,1.29580815098e-06,0.118006964572,1.69134260095e-06,3.56334995031e-06,1.29580815098e-06,1.1719056644e-06,1.29580815098e-06,0.502754114468,0.194364292052,0.184861847172
962,0.000567029575659,0.0966751031227,0.156227312183,0.325320065571,0.0813440915112,0.00872389244652,0.0237632927535,0.0217375085482,0.0620304643707,0.049735715833,0.0132980390606,0.160577485024,1,0.01,10,15,1,10,20,0.000110492354369,9.99273047165e-05,0.000110492354369,0.000851465584085,0.00117003444273,1.55704843445e-05,0.000110492354369,9.99273047165e-05,0.000110492354369,0.392373762867,0.310052894067,0.294894448528
963,0.0281258309338,0.229624099457,0.0133671568649,0.0210222736939,0.164654752283,0.0364131718709,0.0255286003948,0.271130701063,0.0116160689525,0.113905788693,0.0763705034071,0.00824105238526,1,0.01,10,15,1,10,20,2.47637918749e-07,2.23959294809e-07,2.47637918749e-07,1.43112351331e-06,0.00532843318065,1.91758433549e-09,2.47637918749e-07,2.23959294809e-07,2.47637918749e-07,0.566989767634,0.219197738249,0.208481189424
964,0.327802132003,0.0207480174222,0.128703388427,0.0244268661921,0.00785400930418,0.163522570856,0.141468963537,0.0961316450842,0.0393153681294,0.0151979434893,0.0261617657757,0.00866732978015,1,0.01,10,15,1,10,20,3.87478967451e-06,3.50429032605e-06,3.87478967451e-06,0.13692896701,1.21577528876e-05,0.0477751171918,3.87478967451e-06,3.50429032605e-06,3.87478967451e-06,0.464722363389,0.17966125102,0.170877635897
965,0.0447786501123,0.0661205683719,0.140280731156,0.209633403022,0.0330456433024,0.206012856932,0.0448379525812,0.112734536315,0.000846571121292,0.0375634623452,0.000367205971105,0.103778418771,1,0.01,10,15,1,10,20,5.9053468606e-08,5.34068984744e-08,5.9053468606e-08,7.5797702916e-08,0.00319033570824,0.00670999974864,5.9053468606e-08,5.34068984744e-08,5.9053468606e-08,0.564385049929,0.218190756709,0.20752343908
966,0.0923901790186,0.00309502059222,0.0950939981101,0.0512437784789,0.00146680525124,0.0263757094194,0.154147263532,0.0656026686292,0.279730830903,0.0402137376686,0.08591230993,0.104727698467,1,0.01,10,15,1,10,20,6.88824040216e-06,6.22960114806e-06,6.88824040216e-06,0.0193068185423,3.86285890104e-10,4.42076972274e-07,6.88824040216e-06,6.22960114806e-06,6.88824040216e-06,0.559000262438,0.216109002669,0.205543461724
967,0.0454142453181,0.0905505806626,0.0780953104706,0.0559948689637,0.123129247676,0.009579737257,0.0442401609625,0.0672980511329,0.138388180008,0.207694272708,0.120735804111,0.0188795407309,1,0.01,10,15,1,10,20,1.63251495921e-06,1.47641726629e-06,1.63251495921e-06,0.000976426619224,0.00301464331012,8.88076578222e-05,1.63251495921e-06,1.47641726629e-06,1.63251495921e-06,0.567697711559,0.219471428739,0.208741499221
968,0.0730857333743,0.178548268001,0.00714592740622,0.0977868023389,0.0253308132102,0.057489156451,0.115463505685,0.243071144098,0.00599186003826,0.0296158365482,0.0590136762978,0.107457276551,1,0.01,10,15,1,10,20,2.97759821415e-06,2.69288645146e-06,2.97759821415e-06,1.86805068824e-06,0.00130362230808,0.00246529208231,2.97759821415e-06,2.69288645146e-06,2.97759821415e-06,0.567869450893,0.219537823012,0.208804647487
969,0.311018777031,0.0883440909249,0.0206658448316,0.00847537258633,0.119892198111,0.0869108928975,0.117957080852,0.0199998113087,0.0643916126882,0.0235383578201,0.0228311422359,0.115974818713,1,0.01,10,15,1,10,20,8.93050419321e-11,8.07658791313e-11,8.93050419321e-11,0.000380844747418,1.42804614477e-09,8.34020949475e-11,8.93050419321e-11,8.07658791313e-11,8.93050419321e-11,0.393361349097,0.310724543253,0.295533260873
970,0.0704069749699,0.0449053085567,0.189393707342,0.00446586678219,0.0704185403047,0.0599188205545,0.13738251501,0.0285281105744,0.00416255530316,0.116236920104,0.152829449898,0.1213512306,1,0.01,10,15,1,10,20,2.4421294499e-09,2.20861809934e-09,2.4421294499e-09,0.0352537667755,1.15359776625e-06,0.000540934663272,2.4421294499e-09,2.20861809934e-09,2.4421294499e-09,0.549624089549,0.212484182597,0.202095858632
971,0.0662812293794,0.0611380904717,0.0953297774776,0.139939905512,0.117198755625,0.00694054573545,0.000278722942296,0.00915206694238,0.00931067676318,0.129094138513,0.2723601586,0.0929759320377,1,0.01,10,15,1,10,20,6.80810078169e-08,6.15712431181e-08,6.80810078169e-08,9.32396140806e-08,0.000534763784578,5.93552110909e-08,6.80810078169e-08,6.15712431181e-08,6.80810078169e-08,0.569723621512,0.220254643719,0.209486422923
972,0.0291855589374,0.228345107555,0.0851650403648,0.00701191513539,0.0563466300767,0.0385695224304,0.0579801548623,0.0174857447308,0.0610048650855,0.0709097743974,0.164495533794,0.18350015263,1,0.01,10,15,1,10,20,6.58917474741e-05,5.95913153066e-05,6.58917474741e-05,0.00040931197458,0.000371249598293,0.000606629322633,6.58917474741e-05,5.95913153066e-05,6.58917474741e-05,0.392731761787,0.310335274387,0.29516302331
973,0.00513810141825,0.145111790464,0.150863392024,0.00162101993485,0.0359398916422,0.147859679447,0.0374946111314,0.150651107511,0.0752502579654,0.063980841165,0.0132056234087,0.172883683888,1,0.01,10,15,1,10,20,2.46524455723e-06,2.22952298807e-06,2.46524455723e-06,0.0893811709542,1.28350791016e-05,4.91199302507e-05,2.46524455723e-06,2.22952298807e-06,2.46524455723e-06,0.519035447236,0.200658640772,0.190848466004
974,0.0151086753423,0.000556785529561,0.00712496684964,0.152861325186,0.0212016865513,0.0581784564088,0.0743069675802,0.159062268811,0.097779108008,0.123423943963,0.175939390055,0.114456425716,1,0.01,10,15,1,10,20,1.28618087125e-06,1.16319892517e-06,1.28618087125e-06,0.000373580008928,0.00147142976051,0.000291981296908,1.28618087125e-06,1.16319892517e-06,1.28618087125e-06,0.56880635953,0.219900031055,0.209149147227
975,0.119738868415,0.0159392181499,0.00405808655442,0.246180836928,0.0487729939243,0.0145976246978,0.213051030604,0.0812809392464,0.0759317840439,0.0672495450309,0.10554088035,0.00765819205608,1,0.01,10,15,1,10,20,2.916679372e-06,2.63779254258e-06,2.916679372e-06,0.112040916709,0.000872273762962,5.42963095996e-07,2.916679372e-06,2.63779254258e-06,2.916679372e-06,0.505655031079,0.195485783825,0.185928509358
976,0.243008075594,0.00142846659908,0.00079125351224,0.00663541152496,0.0881792770902,0.15096407598,0.0989162448667,0.18206877015,0.0716015670109,0.0120121256725,0.139768979003,0.00462575299669,1,0.01,10,15,1,10,20,2.30504795198e-11,2.08464404981e-11,2.30504795198e-11,0.000162516745237,2.57648571938e-05,0.0123181526002,2.30504795198e-11,2.08464404981e-11,2.30504795198e-11,0.562899737347,0.21761653619,0.206977292127
977,0.0563069243557,0.114753171652,0.0775037599163,0.265383206874,0.122001040903,0.055568316686,0.00727888248676,0.00758940924558,0.0425112402385,0.00811710248446,0.136562474176,0.106424470981,1,0.01,10,15,1,10,20,4.83469955938e-05,4.37241561955e-05,4.83469955938e-05,6.95221626083e-05,8.49766793496e-05,6.85808017548e-05,4.83469955938e-05,4.37241561955e-05,4.83469955938e-05,0.569741518082,0.220261562517,0.209493003462
978,0.0563043093829,0.14555496476,0.0705632955453,0.0116260821439,0.045641722801,0.338606945277,0.141868643068,0.0559817204912,0.0621585023929,0.0177615724661,0.0346412515957,0.0192909900756,1,0.01,10,15,1,10,20,4.1716365086e-09,3.77275328183e-09,4.1716365086e-09,5.81998226579e-09,0.0392246697737,3.78926743794e-09,4.1716365086e-09,3.77275328183e-09,4.1716365086e-09,0.547669555316,0.211728561406,0.201377179662
979,0.279823410602,0.0563601429309,0.0289517403524,0.0360913054048,0.119546063372,0.00216245023084,0.00631543606819,0.0688694531302,0.0571453707268,0.165465962783,0.0836197572105,0.0956489071881,1,0.01,10,15,1,10,20,3.37632645052e-07,3.05348912122e-07,3.37632645052e-07,0.040222473089,4.3180991771e-07,3.67007145096e-07,3.37632645052e-07,3.05348912122e-07,3.37632645052e-07,0.54709922471,0.211508072103,0.201167470052
980,0.103678841887,0.0349216297295,0.314662077792,0.0408082220229,0.0217992786214,0.0946186083203,0.118158571355,0.098747602681,0.0502238420393,0.0296072985434,0.0625231245498,0.0302509024581,1,0.01,10,15,1,10,20,0.00058613883074,0.000530093451988,0.00058613883074,0.00182948596026,0.00238283432212,0.000871775387914,0.00058613883074,0.000530093451988,0.00058613883074,0.401948285625,0.302167913165,0.287394963313
981,0.106491161785,0.191778323823,0.106914664999,0.0147388558831,0.0213041374582,0.0209669408116,0.0343500612051,0.0302514376411,0.214036149041,0.00189936433018,0.22450591796,0.0327629850621,1,0.01,10,15,1,10,20,3.69971025993e-06,3.3459516418e-06,3.69971025993e-06,0.0030929425186,0.00156254924357,0.00502046508123,3.69971025993e-06,3.3459516418e-06,3.69971025993e-06,0.389610862902,0.30787174959,0.29281993992
982,0.0249205634904,0.369712219575,0.0766044504555,0.00118195760843,0.134872246453,0.00862472416872,0.112934481969,0.0156798462363,0.0883501024574,0.0403879027817,0.0916411673581,0.0350903374471,1,0.01,10,15,1,10,20,2.08002916888e-06,1.88114109583e-06,2.08002916888e-06,0.042033485132,0.00524508729997,0.000637553888018,2.08002916888e-06,1.88114109583e-06,2.08002916888e-06,0.542708307054,0.209810547255,0.199552936973
983,0.0541861628226,0.133456541579,0.034195240724,0.0769597420545,0.0746637048802,0.0585369208978,0.102811171911,0.00380474642094,0.0268592987144,0.164962788656,0.0781749684264,0.191388712912,1,0.01,10,15,1,10,20,5.49040699146e-09,4.96542566758e-09,5.49040699146e-09,1.00444691268e-05,0.00087910487059,1.10894535815e-09,5.49040699146e-09,4.96542566758e-09,5.49040699146e-09,0.569521905151,0.220176660354,0.209412252155
984,0.275473531188,0.0220727570112,0.0263195677636,0.0685206871411,0.0891700115575,0.0875963858105,0.168363647009,0.0911454865165,0.0439533594518,0.0236783609711,0.00934878495223,0.0943574206271,1,0.01,10,15,1,10,20,0.000182552061384,0.000165096812071,0.000182552061384,0.00039653775187,0.000491359419243,0.00916589085811,0.000182552061384,0.000165096812071,0.000182552061384,0.563693356724,0.217923348733,0.207269104645
985,0.0226301957179,0.121559037315,0.069495264523,0.0611381248544,0.1336702644,0.0833595632241,0.0307614078299,0.122437993471,0.0453397361716,0.0966546375247,0.17757162629,0.0353821486786,1,0.01,10,15,1,10,20,4.53973048136e-06,4.10565087271e-06,4.53973048136e-06,0.00347871896053,0.00604623477207,8.06910339341e-05,4.53973048136e-06,4.10565087271e-06,4.53973048136e-06,0.401486084199,0.30181889357,0.28706300724
986,0.0939352446768,0.0606284024464,0.168162716244,0.0196196838794,0.0275799025094,0.0918477855685,0.0272741913593,0.140503327847,0.0313893705254,0.215561849696,0.116939915087,0.00655761016129,1,0.01,10,15,1,10,20,0.000121010977282,0.000109440158733,0.000121010977282,0.0433408196753,0.000460227969332,0.000733760954192,0.000121010977282,0.000109440158733,0.000121010977282,0.544241955704,0.210403454454,0.200116857017
987,0.106994020201,0.032174513014,0.387413213879,0.0300920857243,0.0258702438892,0.0256770877326,0.00470081984871,0.0641340135162,0.179851670675,0.0628989892031,0.0423652268917,0.037828115426,1,0.01,10,15,1,10,20,3.28825128989e-05,2.9738355247e-05,3.28825128989e-05,0.00046001253288,0.0109491917213,0.000671208630467,3.28825128989e-05,2.9738355247e-05,3.28825128989e-05,0.400414281222,0.30101545267,0.286298846461
988,0.148912131119,0.00689197038686,0.00627200333925,0.10798864766,0.0237527120804,0.2241129088,0.109176681917,0.041554754635,0.000613173367464,0.0361483219523,0.16693212191,0.127644572832,1,0.01,10,15,1,10,20,3.50045019109e-06,3.16574440728e-06,3.50045019109e-06,0.0220115683812,2.8924808478e-06,2.75901867298e-06,3.50045019109e-06,3.16574440728e-06,3.50045019109e-06,0.557466725452,0.215516138639,0.204979582738
989,0.00998092075284,0.200436603023,0.0407189809974,0.147590223641,0.0225889242809,0.169860929642,0.197044108505,0.0330623127826,0.00573243579016,0.0732650181094,0.0763557133336,0.023363829141,1,0.01,10,15,1,10,20,1.28925025123e-08,1.16597481741e-08,1.28925025123e-08,0.0591149644445,0.00155260941688,0.00271864519912,1.28925025123e-08,1.16597481741e-08,1.28925025123e-08,0.36848332642,0.291183142744,0.276947236885
990,0.0662558885217,0.223776661839,0.0331755166091,0.0148665273122,0.0845659779471,0.0458248388809,0.0779941046358,0.161396282564,0.0813344883719,0.0803495180503,0.00618496023627,0.124275235032,1,0.01,10,15,1,10,20,8.66480871506e-05,7.83629768528e-05,8.66480871506e-05,0.000127235435343,0.000152523561814,7.67492885869e-05,8.66480871506e-05,7.83629768528e-05,8.66480871506e-05,0.569538638774,0.220183129558,0.20941840508
991,0.172111077659,0.0338808761762,0.0824066592333,0.302957534224,0.00104755921749,0.0526792181076,0.0531359602214,0.0437393428341,0.0234783940423,0.0900335776254,0.0153689348757,0.129160865783,1,0.01,10,15,1,10,20,8.61069750604e-06,7.78736047778e-06,8.61069750604e-06,2.52694517258e-07,0.000132288084569,0.00283949421371,8.61069750604e-06,7.78736047778e-06,8.61069750604e-06,0.568306107807,0.219706634185,0.208965205504
992,0.221680189441,0.0414273020086,0.00302084673241,0.0890890573973,0.0163753965616,0.0753141332123,0.085816512048,0.0300219469763,0.0445986815335,0.0296264282932,0.228273142738,0.134756363058,1,0.01,10,15,1,10,20,1.40204751322e-09,1.26798663927e-09,1.40204751322e-09,0.000495596074858,0.000796869639655,0.00145961859779,1.40204751322e-09,1.26798663927e-09,1.40204751322e-09,0.392345094377,0.310030071456,0.29487274171
993,0.0151031652047,0.0415797189336,0.153549845503,0.130950495677,0.0115126310467,0.0321093143198,0.0194726227847,0.434835896754,0.0793312198837,0.0412692424035,0.0239013831165,0.0163844643721,1,0.01,10,15,1,10,20,1.46214382844e-08,1.32233666952e-08,1.46214382844e-08,0.215477134476,0.00530367686699,0.00239396617065,1.46214382844e-08,1.32233666952e-08,1.46214382844e-08,0.442812673518,0.171190984466,0.16282147957
994,0.192454071105,0.0164588995187,0.00020061759115,0.272375690775,0.104736268688,0.221768375146,0.037154248774,0.0381303335576,0.0412879263186,0.0200270332166,0.0514871759577,0.00391935935184,1,0.01,10,15,1,10,20,7.15451396894e-07,6.47041418891e-07,7.15451396894e-07,0.000271121822292,2.63597741338e-09,0.0333115486838,7.15451396894e-07,6.47041418891e-07,7.15451396894e-07,0.550883306001,0.212970994553,0.202558870415
995,0.175247291978,0.011747281491,0.147858010174,0.0606465509308,0.113833060154,0.0650298056432,0.0205176911184,0.0378740768333,0.12098381859,0.0778045518152,0.0348123642601,0.133645497013,1,0.01,10,15,1,10,20,1.01739444319e-07,9.20113297636e-08,1.01739444319e-07,1.1164124161e-07,0.00226428044015,0.00106747836315,1.01739444319e-07,9.20113297636e-08,1.01739444319e-07,0.568129165793,0.219638228561,0.208900144222
996,0.0315373456373,0.119910220617,0.0451844435349,0.0344798402773,0.114880402264,0.0673121516277,0.0638472428924,0.0628591434638,0.0423243910196,0.0720387390573,0.130351671568,0.215274408041,1,0.01,10,15,1,10,20,6.38215292925e-06,5.77190470918e-06,6.38215292925e-06,0.0191582465581,6.28098527794e-07,6.23452617684e-05,6.38215292925e-06,5.77190470918e-06,6.38215292925e-06,0.55905098407,0.216128611607,0.205562111983
997,0.00514213590107,0.0260632465722,0.120442302176,0.0171678498036,0.0254952215921,0.106485870836,0.183395083752,0.0135179838415,0.283618927838,0.0977184661552,0.0689921804663,0.0519607310668,1,0.01,10,15,1,10,20,0.000132411995714,0.000119751035439,0.000132411995714,0.000389364607679,0.000720108953237,0.000394895743973,0.000132411995714,0.000119751035439,0.000132411995714,0.568732793231,0.21987159039,0.209122097021
998,0.106732456125,0.0116281872686,0.110261869204,0.0291585939449,0.150980914699,0.14008406455,0.0271663414202,0.109112516191,0.0253774719757,0.180742682224,0.0221949643335,0.0865599380648,1,0.01,10,15,1,10,20,0.000104010501935,9.40652335631e-05,0.000104010501935,0.000424580186079,0.000232159275329,9.50750950799e-05,0.000104010501935,9.40652335631e-05,0.000104010501935,0.56925581305,0.220073789385,0.209314410534
999,0.139170566415,0.148027478423,0.0925149255455,0.0816044545887,0.0356266598086,0.135382026111,0.0268328037799,0.0476245045033,0.0714610171943,0.0303764342496,0.0344926720213,0.15688645736,1,0.01,10,15,1,10,20,1.57506925355e-05,1.42446439981e-05,1.57506925355e-05,0.000103312123185,1.06206958001e-05,0.00321666761239,1.57506925355e-05,1.42446439981e-05,1.57506925355e-05,0.568078073508,0.219618476329,0.208881357674
